0.0
-0.10199999999999998
0.0
-0.25522090666666675
-0.058165600142222315
-0.12642469653921196
0.0
-0.20377799011750602
0.0
-0.1918140892265503
0.0
-0.1806872995098403
0.0
-0.1620142904661464
0.0
-0.040217946894741174
0.05990743715829916
0.201781303136206
0.23839816448590484
0.2572504954594938
0.27585453986439307
0.29704776008607564
0.3205582827671802
0.34544755299146984
0.3706478032180493
0.3951008605202185
0.41781192731898315
0.43788305245502235
0.4545391534973246
0.4671487472487642
0.4752394450337588
0.47850797385895644
0.47682456998199546
0.47023175575891124
0.465942358297948
0.5006613649982935
0.5237136875816665
0.5286977933002052
0.5229174051923564
0.5110971825824988
0.46929945316987814
0.3568650445813599
0.23412881125712143
0.11651515975241225
0.009781207046898027
0.0
-0.12881236840882018
-0.2824474088055009
-0.4035969490443097
-0.5159012620855957
-0.6212448725579205
-0.7172376998592814
-0.800944507223296
-0.8634700582754787
-0.8770102576035329
-0.8613652963533659
-0.8293437196721914
-0.7891244535177053
-0.7458337587333967
-0.7025964192734022
-0.6612350324731002
-0.6227339545295383
-0.5875460096172378
-0.5557942867114523
-0.5274040576347848
-0.4841709070524518
-0.4035860423492351
-0.3159451494170448
-0.22968844846601727
-0.14855504024391863
-0.07510348033788218
-0.011394513958892141
0.0
0.12715826255631968
0.2520392070833147
0.3509879844274808
0.4416441047102209
0.5253895641300823
0.6004491294481605
0.6646839555625564
0.7036082651600707
0.7101861093181894
0.6975929629756211
0.6743412657579348
0.6458570472438008
0.6155323629491444
0.5854266998352349
0.5567334533837417
0.5300893034450301
0.5057786429338346
0.42586555689414946
0.3323060060170311
0.23879806428112368
0.1503524217697694
0.06995671892164224
0.0
0.0
-0.0696454652252535
-0.1968770518044559
-0.2912051948343627
-0.37740783924430177
-0.45842936381619126
-0.5328365710315919
-0.5985225107858769
-0.6535304884251006
-0.6838455160245741
-0.6862387501256182
-0.6722235455019349
-0.6492237947269546
-0.6219583916993494
-0.5933651716187223
-0.5652164837692373
-0.5385284134243173
-0.5138320347034464
-0.4913525160497775
-0.4177372278581487
-0.3245216621174199
-0.23025850063942147
-0.14099959920608668
-0.05997118360071996
0.0
0.0
0.0993264583315226
0.22047695846195298
0.3146893773385089
0.4014252412824642
0.4825153519547812
0.5563096536951353
0.6206899246326547
0.673747933614751
0.6940480102656303
0.6901572065917437
0.6723049364316128
0.6470608667036809
0.618577066336545
0.5894165720917782
0.561105069710252
0.5344973360118032
0.5100198665287389
0.4878308433787364
0.4091380658065207
0.31634030760893755
0.22372408469217242
0.13640423801568363
0.05736461840502419
0.0
0.0
-0.10874792295784527
-0.2269488736802605
-0.3205046909627258
-0.4068719676610421
-0.4874787871536807
-0.5606117671154195
-0.6241643732247782
-0.676258996726454
-0.6934762799843165
-0.6878095187942441
-0.669020257457354
-0.6433691311850965
-0.6148051238448673
-0.5857587249407924
-0.5576699223833389
-0.5313388116680969
-0.5071576537125569
-0.47910227054035315
-0.39569437723388434
-0.3019533708484466
-0.20954951148325612
-0.12302869731796662
-0.04522273346227314
0.0
0.0
0.12399874949437942
0.23661315555546802
0.3288588073975632
0.41458712884441257
0.49449279014597713
0.566734296774662
0.6292082635787992
0.679382537768169
0.693563992283319
0.6861205647160783
0.6663657922555905
0.6402640646690937
0.611569388999365
0.5825847378109372
0.5546674193702954
0.5285645621744947
0.504635072252702
0.46991503692170816
0.385184541766753
0.29149481766507457
0.19967141333811156
0.1140601092046495
0.03742072132369144
0.0
0.0
-0.13845538110768588
-0.24654673548664885
-0.33796107316031376
-0.4233916953581753
-0.5028849617807412
-0.5744818582541047
-0.6360784267505042
-0.6822219043104863
-0.6939282272882685
-0.6850237822096604
-0.6644625715761412
-0.6379710881789173
-0.6091466287793047
-0.5801895549953472
-0.5523905362257145
-0.526453913051952
-0.5027115581615914
-0.4616136795849307
-0.3757068328101134
-0.28215670717304564
-0.19096024477547788
-0.10626631367898162
-0.030764217939170335
0.0
0.0
0.15039824580288708
0.25461211715423065
0.34526747042529393
0.43039971248130926
0.5095105697760618
0.580542961960094
0.6413928903490352
0.6843043907468027
0.6940343863072354
0.6839712365654192
0.6627782510227408
0.6359896754221795
0.6070762544534388
0.5781555630843476
0.5504645752998661
0.5246732165542679
0.5010916724738564
0.45452657853550144
0.3676052087946117
0.2741675067653486
0.18350131368280298
0.09958708847152961
0.025053894083933978
0.0
-0.006509297158244054
-0.16102306886284135
-0.2626453354706932
-0.35266896364602957
-0.43738886221376355
-0.5159580904373864
-0.5862665975690934
-0.6462235395782585
-0.6859717789028598
-0.6937832881019049
-0.6826104558484659
-0.6608274756962563
-0.6337775763243256
-0.604805925167947
-0.5759480947521227
-0.5483880030798574
-0.522761688078514
-0.4993580880930461
-0.4478357698016084
-0.35998417876923083
-0.26664163608052927
-0.17645603108932256
-0.09325565676057707
-0.019614785147813132
0.0
0.021209895948350183
0.17048053012865247
0.2709415086892486
0.3604441761620799
0.44458038437641323
0.5223775772956865
0.5917256187540375
0.6505638125205645
0.6871058247115205
0.6929965113100139
0.6807354878009735
0.6583970025921857
0.6311263884529871
0.6021389572217009
0.5733857018745039
0.5459960108050954
0.5205712680928767
0.4973788442436449
0.4419024687548488
0.35325007386185514
0.25992867684546983
0.17008991950255958
0.08744416192222419
0.014522572214962268
0.0
-0.03497452487687208
-0.17928397814734015
-0.278628323123069
-0.3676215734213891
-0.451194575350935
-0.528256876741969
-0.59669836749005
-0.6544866408480631
-0.6880895539514248
-0.6922218342351939
-0.67896695432688
-0.6561235144091445
-0.6286550088823969
-0.5996574546091273
-0.5710041648502152
-0.5437744659307346
-0.5185379445487133
-0.495542197094201
-0.4364614957799455
-0.3470867827932376
-0.2537937328628442
-0.1642801333568218
-0.08214834748295376
-0.009889986970462145
0.0
0.04754128398973967
0.1872626648541835
0.2855568930670824
0.3740623838452389
0.45710284653407024
0.5334798454966114
0.6010835246982432
0.6579075363474242
0.6888732572486687
0.6914319792790523
0.6772918418288901
0.654002882973296
0.6263646746614351
0.5973657348884205
0.568809416039074
0.5417299907467218
0.516668460104128
0.4938546719110772
0.43141317869272594
0.34136078579100587
0.24808913154862483
0.15887360989158827
0.07721615272373784
0.005571638874533588
0.0
-0.05924139094650954
-0.1946725210638394
-0.2919798217298095
-0.3800248016591152
-0.46256466392522083
-0.5383002624840081
-0.6051219891000335
-0.6610477698409374
-0.68957659931583
-0.690682167491692
-0.6757253801600832
-0.6520263334715933
-0.6242329666440607
-0.5952343671733017
-0.5667691854163176
-0.5398300340258092
-0.5149314881619844
-0.49228699388259944
-0.4266461978789038
-0.33595502947930533
-0.24271010553593547
-0.15378327376561202
-0.07258047764784631
-0.0015215185514996787
0.0
0.07037445191627273
0.20172279305057686
0.29809034084284014
0.3856964171892381
0.46775922616785504
0.5428838248272285
0.6089608675192788
0.6640314009469688
0.6902414594553985
0.6899644980208911
0.6742309339609142
0.6501420127008886
0.6222013568097957
0.5932034225455128
0.5648252829065631
0.5380199039534032
0.5132767134094126
0.49079355035958716
0.4215672959144804
0.33019281119768495
0.23700936453330307
0.14842890378137388
0.06774786097661614
0.0
0.0
-0.08020203420393845
-0.20821071838099522
-0.3038707021857596
-0.39116670031650863
-0.4728604339562844
-0.5474758651932549
-0.6129045761098476
-0.6672086618321197
-0.6910708672161411
-0.6893873714925209
-0.6728570154729125
-0.648361388230617
-0.6202591893566101
-0.5912497798016414
-0.5629482940166696
-0.536267765773535
-0.5116722459398734
-0.48934377986358046
-0.41637914023117867
-0.32424082966782
-0.23106259228344128
-0.14278727190478013
-0.06260038901501794
0.0
0.0
0.08920313338820401
0.21422709271956933
0.3092739520241169
0.39630862555002816
0.4776800073920341
0.5518386878616104
0.6166772421589365
0.6702771770012643
0.6919059173095601
0.6888824491777302
0.671591092623825
0.6467050537777278
0.6184455247970907
0.5894216174810561
0.5611896665959669
0.5346247815043136
0.5101668979332705
0.48798303961596196
0.4114870068026757
0.31861753779834345
0.22543338035987515
0.1374362347159963
0.05770745974455953
0.0
0.0
-0.09779448566856022
-0.21997422488826723
-0.31443843050338505
-0.4012257402500082
-0.48229128396159443
-0.5560156234879403
-0.620292237300486
-0.6732211143777695
-0.69271644020875
-0.6884124757118025
-0.6703933614818817
-0.645133415348381
-0.6167225810848855
-0.5876838237487158
-0.5595173463177808
-0.5330620500552228
-0.5087348429021994
-0.4866884006276732
-0.4068504977730588
-0.31328965940028014
-0.22010062654550172
-0.13236753775954802
-0.05307314364180542
0.0
0.0
0.1059608320172388
0.2254376887968783
0.319348307686322
0.40590063382278657
0.4866755699963374
0.5599871237079233
0.6237296326764046
0.6760206534491765
0.6934877610089889
0.6879664073542026
0.6692553701060281
0.6436398952285703
0.6150851557037159
0.5860322211778424
0.5579279326444777
0.5315767696814949
0.507373748338036
0.48467555421564273
0.4020160520613324
0.3079160190777853
0.214796283463145
0.127382659136764
0.048570451210043164
0.0
0.0
-0.11398026257972008
-0.23077617266890882
-0.3241301999530656
-0.4104430452853078
-0.4909262868261739
-0.5638282907809264
-0.6270442228853315
-0.6787088773602693
-0.6942124809630489
-0.6875135196126487
-0.6681340826805421
-0.6421761039844887
-0.6134837973226552
-0.5844188482130446
-0.5563763804092754
-0.5301275203144118
-0.5060460784855966
-0.4786082482035653
-0.39506998539405513
-0.30106673391735816
-0.2084041759205152
-0.1216621343528398
-0.043683829447415584
0.0
0.0
0.12309113366061869
0.23674456299732866
0.3294208298147842
0.4154323163958737
0.4955641134542844
0.5679888076429994
0.6306022914227559
0.6803646520351209
0.6942636454792435
0.68662540877683
0.6667353277681425
0.6405388131409615
0.6117770592380067
0.5827443737645263
0.5547921921673938
0.5286636512488597
0.5047149342324845
0.472470886928114
0.38805095971714193
0.294156258810632
0.20196667147772868
0.1159133666042112
0.03878647761747858
0.0
0.0
-0.13253441099477706
-0.24301842181619168
-0.33504351952316086
-0.4207842303242124
-0.5005880551888476
-0.5725490065381601
-0.634562934765981
-0.6818700112259276
-0.6942708900662301
-0.6857574453328076
-0.6653932759409557
-0.6389771545759667
-0.610153781103572
-0.5811543696686077
-0.553289460284728
-0.5272760028990605
-0.5034537009954708
-0.466628419311099
-0.3813844353278602
-0.2876112065053925
-0.19588867653628594
-0.11050529512981994
-0.03420015848742407
0.0
0.0
0.1415164419409108
0.24901043742297324
0.34042948784853866
0.4259227067693052
0.5054228201861694
0.57694921590489
0.6383975875600257
0.6833532131641364
0.6943175614219339
0.6849631915171517
0.6641418099880271
0.6375120726155292
0.6086264575583945
0.5796558628425363
0.5518717187138604
0.5259659185442556
0.5022623853873182
0.46104200019578295
0.3750128644882232
0.28136185498486715
0.1900921517894792
0.10535495225860037
0.029840273651706717
0.0
0.0
-0.15007626186552747
-0.2547208158784142
-0.34556214261546836
-0.4308192229062998
-0.5100295357066919
-0.5811413753167589
-0.6420503082732257
-0.6847632909251055
-0.6943577723809987
-0.6842016845963178
-0.6629445907872878
-0.63611147879589
-0.6071668516309559
-0.5782240703637135
-0.5505172591014588
-0.5247144116026398
-0.5011244004349502
-0.45569593053323354
-0.3689143011094116
-0.2753794322722173
-0.1845424319038655
-0.10042313331854419
-0.025664587777601625
0.0
0.0016860254097780247
0.15821906539375752
0.2603749509807769
0.35067731427999493
0.43567085209205986
0.5145523161495008
0.5852113029295605
0.6455467253738273
0.6860487804320147
0.6942972326208968
0.6833576467740458
0.6616790023771255
0.6346537032812333
0.605659037269233
0.5767513667280708
0.5491278954849679
0.5234329980716371
0.49996070339786214
0.45042880940674573
0.3629115028568918
0.26948874415766233
0.17907386917360524
0.09555870902562391
0.021540475281476137
0.0
-0.013700027025665334
-0.16588842637160797
-0.2670656651339165
-0.35692199335494046
-0.44142355694080815
-0.5196638644779477
-0.5895324446370729
-0.6489528499383772
-0.6868970840715789
-0.6936155745516479
-0.6818115751444713
-0.6596940789511827
-0.6324971804723851
-0.6034943120606122
-0.574674212926884
-0.547190508614573
-0.5216598969286284
-0.49835919743508184
-0.44524567465364673
-0.3570340225716999
-0.2636615196546928
-0.17358489803701652
-0.09058729142208351
-0.017226334780370944
0.0
0.02599033548729332
0.17370938342354697
0.27387015324568215
0.36325816028438723
0.4472466549034986
0.5248235072193005
0.5938783063236598
0.6523599077941793
0.6877165416243144
0.6928889100051426
0.6802129796459936
0.6576544825180215
0.6302870622745169
0.6012789075285975
0.572550245102427
0.5452105624545066
0.5198485371233954
0.4967235767460949
0.4402913076634294
0.3514216756615909
0.2580822006304645
0.16831005860832282
0.08578851813285535
0.013038687911492139
0.0
-0.03773310825458098
-0.18114387747183625
-0.28031277369584956
-0.3692376611945431
-0.4527230994674756
-0.5296558597626824
-0.5979257723614184
-0.6555060441510301
-0.6884211059416678
-0.6921375348405558
-0.6786433944976427
-0.655674031705482
-0.6281511651487596
-0.5991433613666199
-0.5705060205395414
-0.543306889953507
-0.51810817038658
-0.49515283622300044
-0.43552207308743374
-0.34601469338662566
-0.252702963356662
-0.1632204443797119
-0.0811543850775752
-0.008990796196057319
0.0
0.04900515615390283
0.18826203437317632
0.28646957065223827
0.374943341763506
0.4579408152997523
0.5342515671602376
0.6017656928111392
0.6584798089858355
0.6890677937410268
0.6913976176384414
0.6771252697752914
0.6537662071127993
0.6260971563477578
0.5970916186968025
0.5685431423109144
0.5414796580296235
0.5164381178000856
0.4936458319465652
0.43095488781300906
0.34083674075993314
0.24755097134532056
0.15834511868658527
0.07671459881379888
0.005111850580355418
0.0
-0.05981004959698222
-0.19508649735179184
-0.2923732989192291
-0.38041530556501457
-0.46294563061013544
-0.5386606790702761
-0.6054507851792523
-0.6613349902276316
-0.6896918482951027
-0.690692067879248
-0.675673334553541
-0.6519403320170436
-0.6241308043696686
-0.5951271259038291
-0.5666635536412155
-0.5397298491511573
-0.5148387588318472
-0.4922025750418779
-0.42653132355835627
-0.33582204870989024
-0.2425652373648785
-0.1536316308290402
-0.07242698736351572
-0.0013709899801880449
0.0
0.07029032005112437
0.20171650435695568
0.29811470662992967
0.3857404471640134
0.4678190874416449
0.542956840180547
0.6090443319925439
0.664122410927963
0.6903019162307598
0.6900045322350806
0.6742573332729073
0.650159322859354
0.6222126203358398
0.5932106742611116
0.5648298823183295
0.5380227581781629
0.5132784266647039
0.4907945241898165
0.4217091852986619
0.3303497024641295
0.2371516860522646
0.14854782119233084
0.06783956601101725
0.0
0.0
-0.07974788001455893
-0.20793981220071764
-0.3036470538463568
-0.3909675293658176
-0.47268594018672144
-0.5473302555597499
-0.6127919942453477
-0.6671322598587786
-0.6910734986594413
-0.6894360461762256
-0.6729305026225085
-0.6484462304085774
-0.620347042938209
-0.5913356436234837
-0.5630293322957487
-0.5363425283023996
-0.5117401535627147
-0.48940478682939625
-0.41670630052184243
-0.32461262817331576
-0.23142394142368578
-0.14311865351347203
-0.06289077661984444
0.0
0.0
0.0884860813606263
0.21376992379134552
0.30887664849386454
0.3959397401442529
0.4773424418126328
0.5515413989676439
0.6164291018769327
0.6700855056981113
0.6918692196895835
0.6889378219538477
0.6716978719394805
0.6468372985950056
0.6185869990217786
0.5895624454460849
0.5613241084855134
0.5347497577384911
0.5102810139053877
0.4880859442468922
0.4119311764715215
0.31912504935431646
0.22593384205359646
0.13790350678824834
0.058125916650012904
0.0
0.0
-0.0969110871053831
-0.21939864934234687
-0.31393043851655433
-0.40074848520383366
-0.4818494219360992
-0.5556211556883277
-0.6199570664909515
-0.6729552377884522
-0.6926540735047433
-0.6884716197601882
-0.6705209443302668
-0.6452955229211012
-0.616897934506848
-0.5878594310006321
-0.5596856092303084
-0.5332188446559462
-0.508878250105865
-0.48681787088410056
-0.4073679122721461
-0.31388216382923395
-0.22068832274280015
-0.13292014777402944
-0.053572153041753404
0.0
0.0
0.10497816314696601
0.22479123489076222
0.3187739493582251
0.40535834480335475
0.48617107909654206
0.5595342707695115
0.6233421493228011
0.6757101528233073
0.6934100683178083
0.6880279893850371
0.6693956610745371
0.6438201664686914
0.6152810838495468
0.586228933355719
0.5581167096441463
0.5317528580517709
0.5075349134449479
0.4854686232612052
0.4029228864013147
0.30880645402449236
0.2156229273845518
0.12811779199034973
0.04919336484221566
0.0
0.0
-0.11274215630533696
-0.22997614238951955
-0.32342788313607046
-0.4097856493325036
-0.49031968684056887
-0.5632887508752755
-0.6265878924588542
-0.6783492564348569
-0.6941303296441453
-0.6875969156668863
-0.6683106001690465
-0.6423994729777621
-0.613724997184334
-0.5846601701077738
-0.5566074771704643
-0.5303427854691358
-0.5062429133355435
-0.4795865491957629
-0.3961863715708521
-0.3021599863779152
-0.20941599306508474
-0.12255870527860696
-0.04444008257184054
0.0
0.0
0.12155490670381972
0.23573201256929432
0.3285188716781619
0.4145781155857957
0.4947664420321452
0.5672692276935201
0.6299823095669838
0.6801400921214356
0.6942795932027208
0.6867811325242087
0.666966036500258
0.6408034695315931
0.6120502490552114
0.5830108910039823
0.5550434412192279
0.5288952637195775
0.5049251968077464
0.473474486005883
0.3891974230124059
0.29528200197123383
0.20301199425449257
0.11684327093536022
0.03957478685103143
0.0
0.0
-0.13096358502330271
-0.24198008065567847
-0.33411600630148935
-0.41990340629269524
-0.4997629423564092
-0.5718017591172234
-0.6339157221778302
-0.6816256870024953
-0.6942722771479931
-0.6859022686346495
-0.6656156868677784
-0.6392353871429005
-0.6104219155854748
-0.5814168464642911
-0.5535374339817101
-0.5275049265753298
-0.5036617320494563
-0.46761673479544325
-0.3825110730326402
-0.28871501668192595
-0.19691113969391644
-0.1114123250152273
-0.03496640612000737
0.0
0.0
0.13998068048593726
0.24798998705728115
0.33951473410291894
0.4250517382102178
0.5046049062806321
0.5762064189064215
0.6377519903947889
0.6831061495518644
0.6943137827853838
0.6851016525282494
0.6643574312835443
0.6377635556752053
0.6088881539444597
0.5799123580987408
0.5521142327126279
0.5261899202247325
0.5024660184688797
0.4620133977781927
0.37612048563621836
0.282447168715505
0.19109758880908323
0.10624697629230406
0.03059394019917107
0.0
0.0
-0.14857599974373964
-0.2537233835576607
-0.3446676995371505
-0.4299673913926886
-0.5092294328118342
-0.5804146069261059
-0.6414184977582369
-0.6845215797149797
-0.6943541921765451
-0.6843373256545667
-0.6631557497111364
-0.6363577307058313
-0.6074230910966177
-0.5784752096780479
-0.5507547046500064
-0.5249337289818966
-0.5013237734218262
-0.4566424673637203
-0.36999381919322094
-0.2764376785899481
-0.18552331591871107
-0.10129392721959178
-0.026400915702980143
0.0
0.0
0.1568128210516104
0.2592165906696363
0.3496041481031118
0.4346760400935257
0.5136587935579366
0.5844447640929444
0.6449294136346856
0.6858760684355775
0.6943915359193805
0.6836038633973612
0.6620034311395478
0.6350099656390308
0.6060186899194636
0.5770976541293392
0.5494516026517214
0.5237297068756525
0.5002289855824005
0.4514987359071397
0.3641262627348896
0.2706821022204521
0.1801842861083864
0.09654960108800427
0.022384254963651623
0.0
-0.011262135469587986
-0.1643447073807457
-0.2657270900073776
-0.35567867720829177
-0.44028379121563915
-0.5186569781005788
-0.588687749397964
-0.6482946286674683
-0.6867461290139965
-0.6937673037117718
-0.682133598110237
-0.6601018138529038
-0.6329375744555641
-0.6039349888040803
-0.5750962525946396
-0.5475836572042884
-0.5220193987889402
-0.49868371085938223
-0.4462335687592168
-0.3581540407992137
-0.2647756430994342
-0.17463885402885748
-0.09154673081764125
-0.018064189626702254
0.0
0.0236018256334391
0.1721908891333138
0.2725500506241288
0.3620297223751732
0.44611844643171567
0.5238246269823539
0.5930378357613317
0.6517020068484207
0.687559840926028
0.69303159614784
0.680524419761737
0.6580511868424188
0.6307166348455937
0.6017093467260359
0.5729628250039032
0.5455951091180111
0.5202003050516151
0.4970411931279709
0.44125508188907303
0.3525132749580992
0.25916706940401524
0.16933539046369805
0.08672096785504743
0.013852028349891202
0.0
-0.03545020411108832
-0.1797020260459122
-0.2790655646685862
-0.36808181121302025
-0.4516661017235103
-0.5287248848902116
-0.5971479331883394
-0.6549037085992266
-0.6882904491798278
-0.6922879131805595
-0.6789514811946162
-0.6560610750505218
-0.6285678053268817
-0.5995595094476623
-0.5709041255844313
-0.5436774720500352
-0.5184468675784798
-0.49545846155040957
-0.43645255301707225
-0.34706978931967836
-0.25375268848131527
-0.164213659927936
-0.08205870865014998
-0.00978069956600719
0.0
0.04679946073245966
0.1868700364879855
0.2852661157216154
0.37382844799048875
0.45692161410596926
0.5333542181230178
0.6010163040818253
0.6578999083527025
0.6889423217139867
0.6915428853905132
0.6774224514676095
0.6541394267940157
0.6264988581747589
0.5974928148189899
0.5689269254002772
0.5418368971626705
0.5167646130596343
0.49394044231958334
0.43184850522143964
0.3418497596826086
0.2485587469374979
0.159298599894522
0.07758271949214084
0.005870119571287441
0.0
-0.05769173172924208
-0.1937488209512142
-0.2912162714289155
-0.3793430213391217
-0.4619650020203168
-0.5377968873040077
-0.6047289645679808
-0.6607758787285702
-0.6895698572763291
-0.6908305601710969
-0.6759580400943411
-0.6522982786588238
-0.624516251424372
-0.595512187458679
-0.5670319607711437
-0.5400728113927211
-0.5151522282029662
-0.4924854458834895
-0.4274396385986817
-0.33685180692981176
-0.24358637213795375
-0.15459375938255443
-0.0732986981549334
-0.0021277836001488276
0.0
0.0681214624373142
0.2003366110201534
0.29691542631617507
0.38462548549951114
0.4667965927913841
0.5420534899379081
0.6082866955784025
0.6635325012918314
0.6901724973510828
0.6901495618293727
0.6745564528466408
0.6505356685459355
0.6226180086563635
0.5936157269115153
0.565217456690966
0.5383835887300173
0.5136082433883425
0.49109215665756856
0.42273049091700476
0.33151227847367754
0.23830563888721107
0.14963539149204597
0.06882488588390527
0.0
0.0
-0.07797650031158868
-0.20675432525126655
-0.30258141146881196
-0.389952684214955
-0.4717340015177688
-0.546467767122846
-0.6120453136991364
-0.6665239339399256
-0.6909057182531679
-0.6895327029799663
-0.6731774667332714
-0.6487704368512486
-0.620702526094494
-0.5916942250991842
-0.5633744237136915
-0.536665017626113
-0.5120356837189196
-0.48967196354511144
-0.4176937163841835
-0.32574720330583135
-0.23255772759483978
-0.14419411870531412
-0.06387175186671062
0.0
0.0
0.08675735003956697
0.2126171392925786
0.30784301912809753
0.39495731149852886
0.4764227166567842
0.5507099910500213
0.6157114274306117
0.6695032461875702
0.691713465638282
0.6890377925969309
0.6719429203899795
0.6471566170844808
0.618936066958465
0.589913993494644
0.561662105536001
0.5350654197986174
0.5105701640832444
0.48834727441124814
0.4128724115778886
0.3202068925114636
0.2270166546371883
0.13893262040765664
0.05906672740525892
0.0
0.0
-0.09524407399965923
-0.2182843326663887
-0.31292955530393646
-0.3997958282717431
-0.4809562468263268
-0.5548123180239182
-0.6192572508460229
-0.6723855468330975
-0.6924971866414575
-0.6885625043261709
-0.6707526496694602
-0.6455995814973775
-0.6172312742076598
-0.5881956483842712
-0.5600091619056834
-0.5335211962275457
-0.5091553198991379
-0.48706835447431784
-0.4082691909353122
-0.31491748642581313
-0.22172396521615617
-0.13390383126240618
-0.05447083820921708
0.0
0.0
0.1033848488397196
0.22372621402774268
0.3178174192563993
0.4044480043049756
0.4853177014622394
0.5587616220149659
0.6226738262977755
0.6751663233738707
0.6932610459308418
0.6881158926110638
0.669618178320908
0.6441118042337649
0.6156006447862327
0.5865511668246612
0.558426755243918
0.5320425573236902
0.507800369959133
0.4858434500866419
0.40385990729708443
0.3098517885651951
0.2166561030532908
0.12908964705606235
0.05007206748285241
0.0
0.0
-0.111175228956964
-0.22893301572268207
-0.3224935071229571
-0.4088980744321762
-0.4894891216085939
-0.562538227835202
-0.625940281124859
-0.6778240570816514
-0.6939888688451409
-0.6876855938442928
-0.6685298959064411
-0.6426856927520607
-0.6140380885524813
-0.5849755959216878
-0.5569108081326457
-0.5306261109168523
-0.5065024670103765
-0.48077443853276564
-0.39754633995865485
-0.30350096178331376
-0.21066739996915507
-0.12367856527520468
-0.04539661926742497
0.0
0.0
0.11976909527213947
0.23456291387702188
0.32748301811089553
0.4136016225088519
0.49385906684608083
0.5664555861078419
0.629286872472817
0.6799021361237273
0.6943189589545797
0.6869807745724021
0.6672507618447879
0.641125735239817
0.6123806883322818
0.5833320049027705
0.5553454082374177
0.5291731650333885
0.5051771866274776
0.4746265162716544
0.3905156921002121
0.2965811390589671
0.20422357164273386
0.11792663053476365
0.04049918812233144
0.0
0.0
-0.12918531428749389
-0.24079965323710167
-0.33305841989025653
-0.4188967457326918
-0.49881781337744957
-0.5709436035666192
-0.6331700153677332
-0.6813398473190803
-0.6942671956930527
-0.6860613667938825
-0.6658638777335614
-0.6395250186723686
-0.6107233908506109
-0.5817123755264116
-0.5538168812212857
-0.5277630589483174
-0.5038964028924423
-0.4687046817714812
-0.38375136265907805
-0.2899314202365754
-0.19803941057686014
-0.1124148701452257
-0.035815168880959355
0.0
0.0
0.1383066082706779
0.2468720941107262
0.33850924449256026
0.4240919877887793
0.5037014641535202
0.5753837533114673
0.637034600379738
0.6828279357710112
0.6943039183799515
0.6852489250393615
0.6645901881267774
0.6380363044097526
0.6091726206641939
0.5801915308751153
0.5523784024542886
0.5264340569518093
0.5026880394150843
0.4630593428075934
0.3773134110456802
0.2836169753221019
0.19218234743448892
0.10721050011373069
0.03140924639419769
0.0
0.0
-0.14697442617865714
-0.25265553623345866
-0.3437082558809584
-0.42905236066153996
-0.5083688122337361
-0.5796316987848666
-0.6407366256526692
-0.6842589352177331
-0.6943475827677738
-0.6844805227389059
-0.6633803240451871
-0.6366202475154606
-0.607696565594774
-0.5787434152210493
-0.551008389686696
-0.5251681101480012
-0.5015368808644222
-0.45764433055346987
-0.3711367492233566
-0.27755886557992154
-0.1865634256377844
-0.10221824673013184
-0.027183534455473876
0.0
0.0
0.1552754843347104
0.25819130219981523
0.3486827546550622
0.4337971442603085
0.5128320047784577
0.5836924638434855
0.6442740069513202
0.685623111723878
0.694384402810833
0.6837405956190192
0.6622183468059218
0.6352613707020202
0.6062806781740555
0.5773546448022977
0.5496947098016265
0.5239543334763651
0.5004332354740876
0.4524581136027275
0.36522061097608793
0.2717555397060245
0.181180012063859
0.09743439152824461
0.023133315574428437
0.0
-0.009069575278095154
-0.16294271858275655
-0.2645024831233235
-0.35453458186732617
-0.43922877998263327
-0.5177184500210359
-0.5878931223119123
-0.6476668297481494
-0.6865872764374802
-0.6938890935093835
-0.6824140866896414
-0.660463015008154
-0.6333305005058174
-0.6043296773482046
-0.5754751303906355
-0.5479371360707479
-0.5223429629155816
-0.49897599937523296
-0.4471056071363869
-0.3591427342762842
-0.2657603550478882
-0.17557186077004444
-0.0923976489018908
-0.01880898005881468
0.0
0.021473622000853954
0.1708313533795453
0.27136400489925616
0.36092302128860043
0.4450992400506169
0.522919308522897
0.5922727962521351
0.6510992662424105
0.6874093780198407
0.6931516831690134
0.6807973842275857
0.6584017852520816
0.631097612612965
0.6020918109869011
0.5733298389018388
0.5459374407443505
0.5205136160819517
0.49732418819294755
0.4421099927699668
0.35348111855728837
0.2601286971644649
0.17024404753846778
0.08754713791745533
0.01457250360874443
0.0
-0.03343674298885649
-0.1784300486605238
-0.2779651514642173
-0.36706194086945926
-0.45073342702869357
-0.5279034052967475
-0.5964615922261195
-0.6543722600961346
-0.6881756000262558
-0.6924212582776597
-0.6792240823432993
-0.6564033707509855
-0.6289361980290321
-0.5999274247101726
-0.5712560643043246
-0.5440050644169916
-0.5187462644009975
-0.4957286179105477
-0.43727458962508614
-0.34800217427602964
-0.25468064284462466
-0.16509198390559643
-0.08285875050889362
-0.010479853872405395
0.0
0.04485542559635122
0.18564304639025622
0.28420523604659487
0.3728455771053464
0.4560230494976501
0.5325630271251688
0.6003555087268837
0.6573884936325731
0.6888315784493793
0.6916708593018872
0.677684375989538
0.6544684030262391
0.626852956286553
0.5978464759223501
0.5692652417503019
0.5421518173458129
0.5170524332868366
0.49420015584282284
0.4326346761360276
0.34274098511897755
0.2494454774301139
0.16013769767084154
0.0783468465467316
0.006537714721309637
0.0
-0.055830846466694506
-0.1925732804300304
-0.29019920562601326
-0.37840024183129856
-0.46110261620527904
-0.5370370480573214
-0.604093784535388
-0.6602836093609978
-0.689461984230823
-0.6909517771609526
-0.6762078737399475
-0.6526125648625095
-0.6248547683772853
-0.5958504117791502
-0.567355583289929
-0.5403740985651868
-0.5154276166138226
-0.4927339595120363
-0.42819290555861544
-0.3377056869599535
-0.24443582902224575
-0.1553974553629638
-0.07403045055251842
-0.002766950525879039
0.0
0.06634007612722251
0.1992114659175983
0.2959420839041181
0.38372333409239306
0.46597146878991985
0.5413265899451583
0.6076791762086252
0.6630618214493551
0.6900697008648045
0.6902659952065286
0.6747959486399504
0.6508368143030974
0.6229423091067765
0.5939397128835693
0.565527435606184
0.5386721617569937
0.513872002927435
0.4913301713794021
0.4235455203847976
0.3324364511973877
0.2392190437342529
0.15049230971149818
0.06959727346863584
0.0
0.0
-0.07657464076760656
-0.20581399823697055
-0.30173487163239776
-0.3891456306912069
-0.470976217741796
-0.5457804376047649
-0.6114494739776315
-0.6660376017322931
-0.6907704380139436
-0.6896082090471658
-0.6733728504112219
-0.6490274926836184
-0.6209846307495304
-0.5919789218013762
-0.5636484871121288
-0.5369211778034908
-0.5122704589142972
-0.4898842328359983
-0.4184850750039141
-0.326656755189289
-0.23346654981217407
-0.14505601958429598
-0.06465772299688717
0.0
0.0
0.08537572724247255
0.21169621456075435
0.3070175434590968
0.3941729312504702
0.47568860398709367
0.5500465962067052
0.6151390392808375
0.6690391651612927
0.6915900808302115
0.689118638798771
0.6721395880636623
0.6474125333436425
0.6192156652978222
0.5901954926396894
0.5619327041213796
0.5353181069175079
0.5108016095886332
0.488556439806122
0.413624642809314
0.32107159088744597
0.22788229503448548
0.13975551216076482
0.059819196395785035
0.0
0.0
-0.09391119187308458
-0.21739312724692977
-0.31212891447597496
-0.3990336437112571
-0.4802415334651502
-0.5541649643398675
-0.6186970102202851
-0.6719293103253925
-0.6923711666334952
-0.6886347076077314
-0.6709375346787554
-0.6458423842086065
-0.6174975412744724
-0.5884642579065605
-0.5602676787490202
-0.5337627888943917
-0.5093767208931279
-0.4872685170889498
-0.40898888429874786
-0.3157441728917468
-0.2225508877014647
-0.1346892529016993
-0.055188382048109885
0.0
0.0
0.10211290818569946
0.2228758970272282
0.31705365711386835
0.40372108044390087
0.48463622655936883
0.5581445775163784
0.6221400584316952
0.6747319408438006
0.6931419597511036
0.6881860205102548
0.6697958151184948
0.6443446470579846
0.6158557933028392
0.5868084555289133
0.5586743161663735
0.5322738746222183
0.508012331443217
0.486035064085103
0.40455029585605773
0.31064503423734624
0.2174497383642529
0.12984359977721122
0.05076100276329423
0.0
0.0
-0.10995588896745806
-0.22811821014008798
-0.32176184696982424
-0.4082018464752297
-0.48883655141123
-0.5619474861573787
-0.6254294088386949
-0.6774084704262568
-0.6938752133633654
-0.6877531154684666
-0.6687003440378578
-0.6429089775101003
-0.6142827030841257
-0.5852222301544338
-0.5571480988102379
-0.5308478205559906
-0.5067056177117879
-0.4816979510216524
-0.3986041022871427
-0.30454475734369535
-0.21164235757908134
-0.1245519595443572
-0.04614362422939586
0.0
0.0
0.11838639535521842
0.23366035983865682
0.3266850687217694
0.41285072755700214
0.4931625918494348
0.5658324118068262
0.6287557536449981
0.6797236248640031
0.6943539869950378
0.6871390150344404
0.6674742067679822
0.64137772591827
0.6126385981295253
0.5835823673140386
0.5555806808457286
0.5293895868988179
0.5053733656594726
0.4755206202215696
0.3915390171167833
0.29758996118316394
0.20516478084427486
0.11876863118363037
0.041218067995906396
0.0
0.0
-0.12780472499659562
-0.23988347226473145
-0.3322377256762803
-0.41811565907111364
-0.4980845414227879
-0.5702778756858968
-0.6325915880646085
-0.6811181244034825
-0.6942632483175031
-0.6861847687550776
-0.6660563865570711
-0.639749672193667
-0.6109572316585092
-0.5819416045018806
-0.5540336364503292
-0.5279632812863425
-0.5040784272023571
-0.4695476881781536
-0.38471234327608256
-0.2908738530613263
-0.1989135263756634
-0.11319154895938689
-0.03647267946806827
0.0
0.0
0.1370093439656229
0.24600569129507283
0.3377298784933742
0.4233480184109727
0.5030010919856216
0.574745948583323
0.6364783574835423
0.6826121183705662
0.6942961176781106
0.6853629389194505
0.6647704771304964
0.6382476057548462
0.6093930176925929
0.5804078361760198
0.5525830891601643
0.5266232250987376
0.5028600735493184
0.46386996364797023
0.3782379359270994
0.28452356727215034
0.19302301026143137
0.10795719022218797
0.03204105409542751
0.0
0.0
-0.14573348267588204
-0.2518281494446712
-0.34296487012471694
-0.42834339340362576
-0.5077020093438753
-0.5790251151686192
-0.6402083325407749
-0.6840554753265958
-0.6943425064329138
-0.6845915189911992
-0.6635543708482801
-0.6368236898432886
-0.60790849470306
-0.5789512583005025
-0.5512049785539208
-0.5253497387636166
-0.5017020232054978
-0.4584206647053921
-0.37202240317152707
-0.2784276819411584
-0.18736942626020286
-0.10293453142426412
-0.02779002358573869
0.0
0.0
0.15408423272969532
0.25739681698053446
0.34796877042035546
0.43311608665930823
0.5121913206886441
0.5831094968954519
0.6437661190763173
0.6854270807108088
0.6943788601950239
0.6838465347121513
0.6623848711491018
0.635456171792586
0.606483681371897
0.5775537765610137
0.5498830843515213
0.5241283885021795
0.5005915015500708
0.45320144083585556
0.366068512865663
0.27258724176341
0.18195150544977612
0.09811993423475796
0.023713696752552832
0.0
-0.007370826371472683
-0.1618564732245803
-0.2635536621986245
-0.3536481343961333
-0.43841134900356704
-0.5169912648126614
-0.5872774267374586
-0.6471803884203962
-0.6864641784303748
-0.6939834401831729
-0.6826313955989918
-0.660742862016273
-0.6336349296246041
-0.6046354734438865
-0.5757686775007416
-0.5482110050965799
-0.5225936548617621
-0.49920245971719335
-0.44778123272706416
-0.3599087406278668
-0.2665232781135078
-0.1762947260002821
-0.09305691612486774
-0.019386024486676298
0.0
0.019824815677602803
0.16977806030455017
0.27044511904604557
0.36006560517033287
0.4443096083132826
0.5222179094778979
0.5916800765185842
0.6506322859906757
0.6872928011215684
0.6932447157768229
0.6810088593956803
0.6586734079348774
0.6313927722098803
0.6023881226655272
0.5736141807645625
0.546202660315111
0.5207563521991867
0.4975434372323216
0.4427723184502468
0.35423093703633235
0.2608737012734163
0.170948014956388
0.08818720133992723
0.015130683080355603
0.0
-0.031876887940735454
-0.1774446273641763
-0.27711264140836467
-0.3662718271593669
-0.45001086397134393
-0.5272669858611898
-0.5959298660618887
-0.6539605310392212
-0.6880866195433087
-0.6925245594625148
-0.6794352685049304
-0.6566685511294909
-0.6292215966673758
-0.6002124538036926
-0.571528716342344
-0.5442588551009765
-0.5189782116517095
-0.4959379121801981
-0.43791142540377936
-0.34872449765200675
-0.2553995346070537
-0.16577242762388128
-0.08347854948459217
-0.011021495460424857
0.0
0.04334939701732765
0.18469250429675566
0.28338337704831273
0.3720841499590616
0.45532693304110655
0.5319500916412834
0.5998435894072258
0.6569922982083768
0.6887457826285589
0.6917699974711268
0.6778872857137516
0.6547232578569911
0.6271272732534114
0.5981204545861086
0.5695273330887299
0.5423957839224749
0.517275405762023
0.4944013542704729
0.43324371207647266
0.34343140551113455
0.2501324161895932
0.16078773659623324
0.07893880721396486
0.007054893902190287
0.0
-0.05438926121934884
-0.1916626142698367
-0.28941130528378933
-0.37766988873253765
-0.46043454176674864
-0.53644841374537
-0.6036017206534492
-0.659902255035242
-0.6893784147489066
-0.6910456796590667
-0.6764014133678133
-0.6528560348833614
-0.6251170096934181
-0.5961124265689053
-0.5676062864905832
-0.5406074991279115
-0.5156409540119871
-0.4929264776264424
-0.42877644111897245
-0.3383671648450242
-0.2450938807940604
-0.1560200578093079
-0.07459732062985006
-0.0032620974697087357
0.0
0.06496009622576443
0.19833985269370127
0.2951880664651551
0.38302446547236024
0.46533227035958125
0.5407634820955768
0.6072085483544372
0.6626971985154427
0.6899900660145084
0.690356191150677
0.6749814774077707
0.6510701015458484
0.623193533709863
0.5941906939886933
0.565767565981346
0.5388957097431845
0.5140763287510555
0.4915145535582738
0.42417689306923284
0.3331523731240643
0.23992662449369279
0.15115613273519257
0.07019561409629205
0.0
0.0
-0.07548867816138544
-0.20508556479156162
-0.30107909073275085
-0.3885204378562687
-0.4703891918817787
-0.5452479895619682
-0.6109878991929217
-0.6656608578656601
-0.6906656406101731
-0.6896666997336014
-0.6735242057397165
-0.6492266231357265
-0.6212031656412053
-0.5921994647303802
-0.5638607929032955
-0.5371196147257373
-0.5124523297750786
-0.4900486692934906
-0.4190981056640891
-0.3273613450841225
-0.23417057476120184
-0.14572369694687257
-0.06526658120760963
0.0
0.0
0.08430544907837306
0.2109828169134357
0.3063780854149746
0.3935653076943114
0.4751199202112448
0.5495326941036222
0.6146956357287294
0.6686796620365751
0.6914944996649988
0.6891812661876249
0.6722919371461665
0.6476107796677184
0.6194322571011487
0.590413556952623
0.562142324302572
0.5355138519313659
0.5109808997175098
0.48871847057000417
0.41420735947766
0.32174143043305714
0.228552864539397
0.140392966616806
0.060402097998579846
0.0
0.0
-0.09287867622459445
-0.21670275554009
-0.31150869831565114
-0.39844321750776834
-0.47968788066260687
-0.5536634915586911
-0.6182630194286762
-0.6715758861976496
-0.6922735447817705
-0.6886906394842083
-0.6710807555057723
-0.6460304710274527
-0.6177038047949428
-0.5886723360439061
-0.560467938622094
-0.5339499384798797
-0.5095482290216851
-0.4874235729265075
-0.4095463927997169
-0.3163845633606288
-0.2231914611453098
-0.1352976779793315
-0.05574422591082023
0.0
0.0
0.10112760476258306
0.22221720227604225
0.31646201156599807
0.40315797141073717
0.4841083242914255
0.557666585933758
0.6217265767086896
0.6743954475429268
0.6930497097357468
0.6882403445742951
0.6699334206181707
0.6445250177480855
0.6160534430480374
0.5870077631864931
0.5588660882513942
0.5324530636572368
0.5081765265782069
0.48618349712338316
0.4050851016536215
0.3112595177847184
0.218064523843096
0.13042764545539332
0.0512946831251648
0.0
0.0
-0.10901133514797004
-0.22748702607292004
-0.3211950708690007
-0.40766251762536143
-0.4883310417097051
-0.5614898714817098
-0.6250336644496856
-0.677086538429822
-0.6937871706041909
-0.6878054205149102
-0.6688323805208009
-0.6430819435953534
-0.6144721921708237
-0.5854132838062767
-0.5573319145456466
-0.5310195665434911
-0.50686298713771
-0.48241334302751515
-0.39942348995242893
-0.305353325844649
-0.21239760137215774
-0.1252285281443545
-0.0467222863759289
0.0
0.0
0.11731529827068499
0.23296120363715514
0.32606694356886434
0.4122690526806778
0.49262307290164487
0.5653496746100986
0.628344326445806
0.6795853423620132
0.6943811210496323
0.6872615946384176
0.6676472965096957
0.6415729284181084
0.6128383858401154
0.583776308512056
0.5557629328559548
0.5295572363376044
0.5055253341538166
0.4762132299351103
0.3923317268087898
0.29837143639215635
0.20589388035749012
0.11942087972068344
0.04177494215735139
0.0
0.0
-0.1267352643530693
-0.23917376105568566
-0.3316019823211989
-0.41751059728505174
-0.49751651881400616
-0.569762175436111
-0.6321435143768854
-0.6809463685772019
-0.6942601903708928
-0.6862803608425836
-0.6662055116687675
-0.6399236979200581
-0.6111383742462226
-0.5821191745861972
-0.5542015438690647
-0.5281183816585125
-0.5042194306434535
-0.470200714786571
-0.3854567574555096
-0.29160389940952836
-0.1995906516481881
-0.11379319566423557
-0.036982013707780495
0.0
0.0
0.1360044313279417
0.2453345410297199
0.3371261503589137
0.42277170987049145
0.5024585555512033
0.5742518793595588
0.6360474692923005
0.6824449374332147
0.694290074830358
0.6854512585441945
0.6649101361351895
0.638411288173229
0.6095637460013864
0.5805753948769712
0.5527416476388953
0.5267697622859328
0.5029933380489362
0.4644979025443313
0.3789541093969766
0.28522584920844757
0.19367422092116277
0.10853560592758432
0.03253047737317123
0.0
0.0
-0.14477219914147785
-0.2511872230964359
-0.3423890142355799
-0.4277941994078644
-0.5071854775023915
-0.578555231525393
-0.6397990957859983
-0.6838978671966365
-0.6943385740333926
-0.6846775010006335
-0.6636891943068084
-0.636981284240524
-0.608072663300885
-0.5791122617046315
-0.551357264006355
-0.5254904354196238
-0.5018299489470688
-0.45902204339583264
-0.3727084652430003
-0.2791007009783773
-0.18799378579569226
-0.10348939352135805
-0.028259833773784965
0.0
0.0
0.15316144300241652
0.2567813778439081
0.3474156904450099
0.43258851291423933
0.5116950218184854
0.5826579079534745
0.6433726892922564
0.6852752274002566
0.6943745666195845
0.6839285992145697
0.6625138673502193
0.6356070722678294
0.606640935522953
0.5777080317482991
0.5500290065893071
0.5242632182819787
0.5007141005971345
0.45377725081103404
0.3667253304115938
0.2732315103053786
0.18254913404232528
0.09865098212360089
0.024163282470709868
0.0
-0.006054910138456326
-0.16101502575337356
-0.26281866895705686
-0.35296145801518136
-0.4377781354400645
-0.5164279590855023
-0.5868004851634293
-0.6468035721551278
-0.686368821916965
-0.6940565247094208
-0.6827997314192795
-0.6609596422639479
-0.6338707521273057
-0.6048723548634083
-0.5759960703871202
-0.5484231545831174
-0.5227878504913668
-0.4993778846141527
-0.44830459823396707
-0.36050211854252356
-0.267114267604604
-0.176854685163697
-0.09356760983954732
-0.01983302527620233
0.0
0.018547587237090712
0.168962139177407
0.2697333148805943
0.3594014178033948
0.4436979293133174
0.5216745788909602
0.5912209330798557
0.6502705451626539
0.6872024961579328
0.6933167823697706
0.6811726761363737
0.6588838172475847
0.631621414120635
0.6026176570253493
0.5738344428486208
0.5464081095412037
0.5209443848825807
0.4977132759269547
0.44328538120768585
0.3548117750565476
0.2614508099032665
0.1714933350037407
0.08868301891748182
0.015563070227656475
0.0
-0.0306685648256598
-0.1766812824901049
-0.2764522546339757
-0.3656597749645939
-0.4494511390800134
-0.5267739910963347
-0.5955179706896141
-0.6536415899948849
-0.68801769184973
-0.6926045804807046
-0.6795988613406837
-0.6568739699457089
-0.6294426773200268
-0.6004332481943073
-0.5717399229952633
-0.5444554510312237
-0.5191578868268925
-0.4961000394936156
-0.4384047426206781
-0.34928403681437253
-0.2559564155144806
-0.16629952521760322
-0.08395866935743967
-0.011441071650928822
0.0
0.0421827701057354
0.18395617829428806
0.28274673385115856
0.3714943195647895
0.45478769478358827
0.5314752885209323
0.5994470372413773
0.6566853901648718
0.6886793219126308
0.6918467936517165
0.6780444672848693
0.6549206780824761
0.6273397695900929
0.5983326888613637
0.5697303589910344
0.542584769696478
0.5174481287080738
0.49455721021263477
0.4337154944179124
0.3439662313365892
0.2506645450127037
0.16129128141076338
0.07939736240909841
0.007455520523457923
0.0
-0.05327255467846151
-0.19095717775757284
-0.28880096782055986
-0.3771041295411829
-0.45991702598260176
-0.5359924352909641
-0.6032205493113528
-0.6596068435088176
-0.6893136786506634
-0.6911184200844064
-0.6765513364914443
-0.6530446359828528
-0.625320151750567
-0.5963153931508879
-0.5678004906875708
-0.5407883000463238
-0.5158062132431925
-0.4930756094517875
-0.42922846985499746
-0.33887957065684027
-0.2456036326104586
-0.15650234923794237
-0.07503643965721178
-0.0036456570440444175
0.0
0.06389111160369054
0.1976646681208895
0.2946039760320142
0.382483095398116
0.46483712306949243
0.5403272774459975
0.6068439822062164
0.6624147477873381
0.6899283778395693
0.690426060335584
0.675125195005605
0.6512508146659914
0.6233881417885748
0.5943851134451844
0.5659535800523166
0.5390688784686495
0.5142346072624588
0.4916573829681786
0.42466597821537183
0.33370695330934297
0.2404747432968528
0.15167035514370672
0.07065911136704651
0.0
0.0
-0.07464745050195776
-0.20452129272224753
-0.3005710980678339
-0.3880361398603065
-0.4699344594653096
-0.5448355351837321
-0.610630345917351
-0.6653690178238075
-0.6905844605762449
-0.6897120088257485
-0.6736414512935599
-0.6493808771062366
-0.621372451024307
-0.592370305615423
-0.5640252529903768
-0.5372733314630938
-0.5125932138154018
-0.4901760479863592
-0.4195729823628555
-0.32790714702405527
-0.23471593907405366
-0.1462409050480234
-0.06573822577380217
0.0
0.0
0.08347637121430132
0.21043019216571845
0.30588273707350805
0.3930946195479617
0.4746793962878876
0.5491346061313197
0.6143521585947891
0.6684011773405336
0.6914204588833786
0.6892297797253759
0.6724099524954863
0.6477643487534234
0.6196000372879126
0.5905824778011033
0.5623047040079596
0.535665483408424
0.5111197846195359
0.48884398571639165
0.41465875379752937
0.32226031342159905
0.22907231298291386
0.1408867628948812
0.06085363557890594
0.0
0.0
-0.09207885065386934
-0.21616796757136408
-0.31102825547880164
-0.3979858510946061
-0.4792590003125361
-0.5532750318212153
-0.6179268337857423
-0.6713021105317057
-0.6921979232102887
-0.6887339664242755
-0.6711916997604748
-0.6461761701723682
-0.6178635842988928
-0.5888335212186971
-0.5606230674745318
-0.5340949116090259
-0.509681085688252
-0.48754368502782136
-0.40997825991036374
-0.31688063396964833
-0.22368767349425492
-0.1357689869920212
-0.05617480353198706
0.0
0.0
0.10036435157980331
0.22170695248414765
0.31600370061446115
0.4027217659190251
0.4836993912872043
0.5572963156280576
0.6214062781724862
0.6741347871413575
0.6929782493937505
0.6882824260416813
0.6700400150262945
0.6446647396855201
0.616206549993259
0.5871621544132661
0.5590146421395842
0.5325918702404651
0.5083037183211196
0.48629847895185413
0.4054993823861578
0.311735519906208
0.2185407598525169
0.13088006925680984
0.05170809205424859
0.0
0.0
-0.10827964815639718
-0.22699808710243657
-0.3207560247365332
-0.407244733167748
-0.48793945483891593
-0.5611353859030966
-0.624727105927105
-0.6768371577687188
-0.6937189693631491
-0.6878459379748021
-0.6689346609570825
-0.6432159296445655
-0.6146189775598874
-0.5855612811665469
-0.5574743051430633
-0.5311526074592449
-0.5069848914269671
-0.48296751263633775
-0.4000582185184722
-0.30597967347863486
-0.212982641678167
-0.12575262368112927
-0.04717053988435102
0.0
0.0
0.1164855861067772
0.2324196108964233
0.3255881205315285
0.4118184654009019
0.49220514119250014
0.5649757281849158
0.6280256194318274
0.6794782235240808
0.6944021401102627
0.6873565494185551
0.6677813783460728
0.6417241396303107
0.6129931489294124
0.5839265426724328
0.5559041121309997
0.5296871039105467
0.5056430546762856
0.4767497515165671
0.3929457896054041
0.29897679653514986
0.2064586683132766
0.11992613601483236
0.042206317866661625
0.0
0.0
-0.1259068198443455
-0.23862399201261683
-0.33110951156438784
-0.41704189362736993
-0.4970765070984025
-0.5693626945910177
-0.6317964196146666
-0.6808133200418833
-0.6942578215695908
-0.6863544100748028
-0.6663210295986549
-0.6400585048043753
-0.6112786941195295
-0.5822567270638128
-0.554331611281885
-0.5282385282505454
-0.5043286572215532
-0.470706573799667
-0.38603340872410596
-0.29216942081490616
-0.20011517839474333
-0.11425925386881966
-0.03737656319919813
0.0
0.0
0.13522598814120174
0.24481464274977668
0.33665847980127817
0.4223252795631455
0.5020382863893625
0.5738691547248774
0.6357136870655415
0.6823154327802511
0.6942853938123508
0.6855196742524367
0.6650183212613429
0.6385380827407268
0.6096959985810826
0.5807051921590576
0.5528644730098085
0.5268832755115618
0.5030965697507591
0.4649843276681253
0.3795088843452763
0.285769863251636
0.19417867322975585
0.10898366852243496
0.032909603081269695
0.0
0.0
-0.14402755270505951
-0.2506907374036687
-0.3419429345714147
-0.42736877305052445
-0.5067853524800228
-0.5781912419545281
-0.6394820855794022
-0.6837757780017236
-0.6943355278482858
-0.6847441059038178
-0.6637936336363525
-0.6371033627970016
-0.6081998344808154
-0.5792369810063144
-0.5514752300542697
-0.5255994243492934
-0.5019290450453507
-0.4594878939819309
-0.37323991476589213
-0.27962204687570874
-0.18847743821017474
-0.10391921060232859
-0.028623766442366944
0.0
0.0
0.1524466153212391
0.2563046355069078
0.3469872538630893
0.43217983441894786
0.5113105700192604
0.5823080901486507
0.6430679237617913
0.6851575961057487
0.6943712406541077
0.6839921694691075
0.6626137926663854
0.6357239654598301
0.6067627505115823
0.5778275236266449
0.5501420434511045
0.5243676625080085
0.5008090704368987
0.4542232949060147
0.36723412602209304
0.2737305849847933
0.18301207966025218
0.09906235182068564
0.02451154850210395
0.0
-0.005035551860758297
-0.1603632088491191
-0.2622493155085554
-0.3524295326266878
-0.4372876243635787
-0.5159916012520707
-0.5864310282558715
-0.6465116760829204
-0.6862949551698301
-0.6941131387360058
-0.6829301306859161
-0.6611275684087314
-0.634053429120083
-0.6050558521330555
-0.576172217481621
-0.5485874935659674
-0.522938281740411
-0.49951377534669517
-0.44873055578597
-0.360985103635421
-0.2675939561566835
-0.17730754651112196
-0.09397886902983908
-0.020191101072242812
0.0
0.017524998197192082
0.16831019927574795
0.26916535938678066
0.3588720169507499
0.4432108992988742
0.5212425143130346
0.5908564256265671
0.6499840837876988
0.6871323115995104
0.6933758980133626
0.6813047808304823
0.6590529110802463
0.6318048949400179
0.6028017113300171
0.5740109790850293
0.5465727230129952
0.521095011951706
0.49784930818197387
0.4436969916935269
0.355277912143548
0.26191407908263464
0.17193120275785934
0.08908125115501103
0.015910469166975277
0.0
-0.029695363871250102
-0.17606566583349517
-0.27591912790329454
-0.36516524896301794
-0.44899848682628574
-0.5263748664344041
-0.595184004549158
-0.6533823922801109
-0.6879604596456591
-0.6926677380422579
-0.6797296318027353
-0.6570386468019374
-0.629620129297922
-0.6006105895588657
-0.5719096331967451
-0.5446134636648723
-0.5193023262085574
-0.4962303893491711
-0.4388009407242957
-0.34973330163808886
-0.25640344332578835
-0.16672254762427485
-0.08434389505563002
-0.011777624651945817
0.0
0.041246037533344326
0.18336478943688447
0.2822353071616954
0.37102042976894417
0.4543543911996235
0.53109369913185
0.5991282680206022
0.6564386016864054
0.6886257701320487
0.6919083769786704
0.6781706619593407
0.6550792214777871
0.6275104401201741
0.598503159695534
0.5698934397805347
0.5427365765862058
0.5175868745463728
0.49468240857446516
0.43409475966806016
0.34439619992078935
0.2510923515847934
0.16169611026187536
0.07976602242407124
0.007777608112319631
0.0
-0.05237501676316014
-0.1903902549890667
-0.28831051229659665
-0.3766495274211423
-0.45950121850882114
-0.5356261030751511
-0.6029143533085072
-0.6593695820965042
-0.6892617711996861
-0.6911769740647578
-0.67667190164453
-0.653196271547617
-0.6254834626516548
-0.5964785545166089
-0.5679566031730335
-0.5409336351863361
-0.5159390534474877
-0.4931954847649075
-0.4295917812009578
-0.33929141583656286
-0.24601335466189128
-0.1568900101016976
-0.07538940979204359
-0.003953978941061226
0.0
0.06303182396591489
0.19712192393416253
0.29413445236487284
0.38204790833105784
0.46443908826956004
0.5399766199022021
0.6065509077085037
0.6621876785498956
0.6898787672402126
0.6904822022997753
0.6752407010764362
0.6513960611160782
0.6235445594382765
0.5945413812557405
0.5661030929302279
0.5392080672497721
0.514361828049729
0.49177218636011527
0.4250590764814206
0.3341526892413902
0.2409152832266938
0.15208364891857767
0.07103163352746507
0.0001673321761442026
0.0
-0.07383075928787691
-0.2039879214697092
-0.30009933797210214
-0.3875920375645719
-0.46952239295277076
-0.5444666835211123
-0.6103158149014457
-0.6651181675409612
-0.6905225586400431
-0.689763093873265
-0.673756341110874
-0.6495281269435738
-0.6215323164536112
-0.5925307176254524
-0.5641791399577883
-0.5374168419616735
-0.5127245413415777
-0.4902946573488679
-0.41999457112544164
-0.32839014512000464
-0.23519794497402552
-0.14669763610491854
-0.06615441989673938
0.0
0.0
0.08274027186949792
0.20993894069766686
0.3054419993356283
0.3926755034784514
0.4742868215630427
0.5487795007959375
0.6140453701786649
0.668151966650728
0.6913530472203818
0.6892714149249901
0.6725134946276817
0.647899626736606
0.6197480771474557
0.5907316542291006
0.5624481793310062
0.5357995076723961
0.5112425710964125
0.48895497043592423
0.415061742071586
0.3227233824638145
0.22953547966696175
0.1413266051139665
0.061255367208619016
0.0
0.0
-0.09136898565136953
-0.21569386200150276
-0.31060267613706516
-0.39758098411970016
-0.47887961543315666
-0.5529316908543322
-0.6176300224632687
-0.6710607860303975
-0.692132177099973
-0.6887735632616729
-0.6712911274142743
-0.6463062967763845
-0.6180060870213978
-0.5889771714782391
-0.560761258817963
-0.534224018781462
-0.5097993791321364
-0.4876506160672924
-0.41036319194239523
-0.3173229323499451
-0.22413022775662889
-0.1361894555975787
-0.05655905682781441
0.0
0.0
0.09968373915669426
0.2212519963604485
0.31559507234117223
0.40233285027812127
0.4833347888309692
0.5569661778602568
0.621120685204793
0.6739023551535416
0.6929144394290003
0.6883198138968976
0.6701349071932152
0.6447891656380209
0.6163429148358985
0.5872996733344606
0.559146967568684
0.5327155167852065
0.5084170208114869
0.4864009062748778
0.40586812652011933
0.31215916666741594
0.21896459365270954
0.13128269318748814
0.05207597923314514
0.0
0.0
-0.10762815904267423
-0.226562664656027
-0.320364988598709
-0.40687260097600497
-0.4875906272965151
-0.5608195768422628
-0.6244539599760973
-0.676614917424205
-0.6936581132253771
-0.6878819267423121
-0.6690256716285302
-0.6433351899859309
-0.6147496472672531
-0.5856930387028093
-0.5576010763165209
-0.5312710576934236
-0.5070934283559487
-0.48346105965540076
-0.4006235073148686
-0.3065374866617715
-0.2135036542816982
-0.12621934758293907
-0.04756970916108051
0.0
0.0
0.11574674997818818
0.23193735024297196
0.32516176206796016
0.4114172561912269
0.4918330162499688
0.5646427755963563
0.6277418598517482
0.6792688397195338
0.6943561189030781
0.6874078955397367
0.6678873962191831
0.6418575623772947
0.6131368834188674
0.5840701665479408
0.5560415434559408
0.5298150550494259
0.5057600101379124
0.4773010072753358
0.39357561674479463
0.2995956667781938
0.20703384282505322
0.12043837471453422
0.042641199951067965
0.0
0.0
-0.12506059929940475
-0.23806173345165133
-0.3306058467388944
-0.416562864530332
-0.4966273165566768
-0.5689555573704254
-0.6314435296484994
-0.6806819698672568
-0.6942614549073416
-0.6864367187613711
-0.6664457728516392
-0.6402027074653525
-0.6114281084279061
-0.58240280996378
-0.5544695157689424
-0.5283657726196823
-0.5044442469887415
-0.4712428574584475
-0.3866462865821186
-0.2927721685687154
-0.20067597221644584
-0.11475931807361067
-0.03780178357695935
0.0
0.0
0.13440016869512622
0.24426526087638673
0.3361655884303248
0.42185568345015784
0.5015970258043054
0.573468144266092
0.635364853823416
0.6821814805410709
0.6942826473744289
0.685593669183801
0.6651339760352989
0.6386731322590675
0.6098366125173615
0.5808430561874645
0.5529948488934728
0.5270037156143268
0.503206068579761
0.46549489867248434
0.3800911780027588
0.2863410720888574
0.19470860391191655
0.10945464828961902
0.033308437181546566
0.0
0.0
-0.14324291084695076
-0.2501671424294133
-0.3414722106441159
-0.4269196234271544
-0.5063627031048097
-0.5778065358319031
-0.6391467790261067
-0.68364605900606
-0.6943314066634275
-0.6848135096776906
-0.6639030147584387
-0.6372314237625688
-0.6083333405404445
-0.5793679707423317
-0.5515991613618942
-0.5257139457989447
-0.5020331848894272
-0.4599776831748407
-0.37379857392592686
-0.2801699627770423
-0.1889856119979869
-0.10437068797376226
-0.029005899532602214
0.0
0.0
0.15169586357148868
0.2558039717023675
0.3465373490656094
0.4317507043320092
0.5109069071592743
0.5819408236955791
0.6427479936477941
0.6850342232312389
0.694367921116771
0.684059102714273
0.6627188977180717
0.6358468783643192
0.6068908189181834
0.5779531385944643
0.5502608660387152
0.5244774485818392
0.5009088949808651
0.4546924651480814
0.3677693328401178
0.27425558771799285
0.18349909560606592
0.09949512878857947
0.024877956726736497
0.0
-0.003963395807114745
-0.15967769037402263
-0.26165056111441465
-0.3518701653989401
-0.43677183210176324
-0.5155327783169249
-0.5860425781458963
-0.6462048063124566
-0.6862173523267362
-0.6941727388331347
-0.6830673143626577
-0.661304207725759
-0.6342455739201779
-0.6052488539571242
-0.5763574850631968
-0.5487603395997802
-0.523096498826221
-0.49965669853121025
-0.4492760116238621
-0.36160379097767736
-0.26820231224913443
-0.17787444799418173
-0.09448569545426337
-0.020623749572887484
0.0
0.016291927953576008
0.1675300810052006
0.2684893752163672
0.3582444971857349
0.44263598664932263
0.5207349950792556
0.5904310741455474
0.649653127643642
0.6870573673224084
0.6934536622890519
0.6814684089585723
0.6592597022313398
0.6320280702074321
0.6030249327766195
0.5742247033852225
0.5467717820762105
0.5212770133298292
0.4980135824798698
0.4441971478622794
0.35584502388435446
0.2624782715904881
0.1724649912842724
0.08956723494028304
0.016334932449596884
0.0
-0.028495364416576824
-0.17530289493882661
-0.27525608865272594
-0.3645483054303845
-0.44843193619330357
-0.5258733232546118
-0.5947620738861862
-0.6530522056754419
-0.6878820519483665
-0.6927397146219574
-0.6798863617994644
-0.6572381856476847
-0.6298361548540774
-0.6008270262635035
-0.5721170753793655
-0.544806802180176
-0.5194791790721618
-0.4963900688700026
-0.43928433849363
-0.35028090542794393
-0.25694785067457526
-0.16723727483283368
-0.08481219802311707
-0.012186321733111988
0.0
0.040104152701200574
0.18264313838608343
0.28161077752832697
0.37044142468293534
0.45382469519629526
0.5306269361717872
0.5987380343929717
0.65613612151031
0.6885596323009534
0.6919830849578484
0.6783244363512736
0.6552726096140463
0.627718711455973
0.5987112365762033
0.5700925251524998
0.5429219166078836
0.5177562794425581
0.4948352794151255
0.4345591552017468
0.34492278385218705
0.2516163163027656
0.16219194407374088
0.08021756111953969
0.008172103819425514
0.0
-0.05127684239768196
-0.18969688681363694
-0.28771085415737047
-0.3760938480354506
-0.4589930957611638
-0.5351785859343522
-0.6025404655302753
-0.6590800673274565
-0.6891988237166838
-0.6912490276360806
-0.6768197215458691
-0.6533820320032284
-0.6256834546115217
-0.5966783246846735
-0.5681477202875148
-0.5411115445873068
-0.5161016587426602
-0.4933422146363665
-0.4300363036243659
-0.3397953512699709
-0.24651473797647105
-0.1573644451529288
-0.07582143826996236
-0.004331410220426546
0.0
0.06197996949800921
0.19645751864266123
0.29355965726086763
0.3815151285026538
0.4639517717238072
0.5395472845146257
0.6061920482615323
0.6619096069537549
0.689817931560724
0.6905508280512698
0.6753820042715609
0.6515737790019577
0.6237359608737592
0.5947326074229442
0.5662860577576226
0.5393784009554162
0.5145175176088299
0.49191268098311347
0.4255400597255831
0.3346980626031423
0.24145428648773024
0.1525893045427156
0.07148739448974725
0.0005604389808590571
0.0
-0.07267324458359425
-0.20324541129417747
-0.2994506444354569
-0.3869868783955458
-0.4689657424244067
-0.5439733033540681
-0.6099003755422981
-0.664792876739561
-0.6904505724108043
-0.6898421089266161
-0.6739201696043147
-0.6497344964703066
-0.6217547248439793
-0.5927530032875278
-0.5643918697582923
-0.5376149146675315
-0.5129056032020459
-0.4904580595695818
-0.42055538937772424
-0.32903106766278645
-0.23583693239897696
-0.14730271778950085
-0.0667054888589934
0.0
0.0
0.08176104175528337
0.20928482267820064
0.30485473655050804
0.39211672784494644
0.47376311087387835
0.5483054254176278
0.6136353989128657
0.6678184630195612
0.6912616745735906
0.6893253453393372
0.6726499809987214
0.6480785023678565
0.6199440760797361
0.5909292905480716
0.5626383394008618
0.5359771881164547
0.5114053824067255
0.4891021515562234
0.4156000969961825
0.32334182762329666
0.23015364371178576
0.14191318203056763
0.06179064407009974
0.0
0.0
-0.09042491251397161
-0.21506387529908083
-0.31003752516477445
-0.3970436149696024
-0.47837633944355096
-0.5524765235526213
-0.6172368739822872
-0.6707415294121104
-0.6920461338894048
-0.6888273878581967
-0.6714243382940216
-0.6464801855813317
-0.618196312478984
-0.5891688212547762
-0.5609455633396351
-0.5343961700147016
-0.5099570877256466
-0.4877931612592108
-0.4108767919076597
-0.31791321623066426
-0.2247209842537622
-0.13675085668485387
-0.05707222779745211
0.0
0.0
0.09877530994031891
0.2206448028164985
0.3150497262994375
0.4018138156489271
0.48284819899276055
0.5565255767735463
0.6207395225179345
0.6735921274952226
0.692829182041262
0.6883695767957217
0.6702613987223754
0.6449550697153865
0.6165247572674485
0.5874830651544415
0.5593234395138561
0.5328804180538297
0.5085681290175441
0.48653751204893814
0.40635960849548214
0.3127237907512159
0.21952944552501105
0.13181926009800804
0.05256623665076493
0.0
0.0
-0.10675958913819611
-0.22598208077742582
-0.31984354238676693
-0.40637632994941836
-0.4871254043897298
-0.5603983579288524
-0.6240896088633562
-0.6763184287907307
-0.6935768473786306
-0.6879298183458092
-0.669146947807887
-0.6434941483072706
-0.6149238297378005
-0.5858686802910837
-0.5577700759884482
-0.5314289678335353
-0.5072381247101686
-0.4841191802633508
-0.4013772874507604
-0.3072812867884728
-0.21419837048683785
-0.12684166144044126
-0.048101932908469994
0.0
0.0
0.114761660860901
0.23129436599104916
0.32459331971374383
0.4108823514718284
0.49133689499078637
0.5641988875020563
0.6273635645928584
0.6789673901741142
0.6942821173323781
0.6874698809866228
0.668026153371939
0.6420352339010944
0.6133297002836745
0.5842636014389977
0.5562270860523093
0.5299880720615847
0.5059183301497072
0.4780504341184269
0.39443167790830197
0.30043649413863144
0.20781492881926528
0.12113360275696479
0.04323101906724769
0.0
0.0
-0.12391100150816883
-0.23729778387679754
-0.3299215091671485
-0.41591205630591427
-0.4960171349615613
-0.5684026168849211
-0.6309644100763484
-0.6805043062453512
-0.6942674218749137
-0.686549671402582
-0.6666163858135634
-0.6403997145681979
-0.6116321240726613
-0.5826022139295011
-0.5546577186115701
-0.5285394040184714
-0.5046019603913137
-0.4719747211449077
-0.38748293107650666
-0.2935952626119957
-0.201442059374916
-0.11544273412483834
-0.03838321938117692
0.0
0.0
0.13327307913123096
0.24351580954404956
0.33549341319926484
0.42121542639657134
0.5009955365161488
0.5729216575396556
0.6348896210361806
0.6819992211425786
0.6942792608359649
0.6856948888879013
0.6652919670776818
0.6388575368118657
0.6100285746326563
0.5810312415356713
0.5531727993681768
0.5271680963693177
0.5033555110395598
0.46619083693550584
0.38088487500911405
0.2871196944847859
0.19543100257126483
0.11009673266084448
0.03385221797316092
0.0
0.0
-0.14217289749609413
-0.24945304494574638
-0.34083017335440036
-0.4263069759646352
-0.505786167615925
-0.5772817215426738
-0.6386893138078217
-0.6834689853124425
-0.6943256367644768
-0.6849080273771805
-0.6640520676602397
-0.6374059656320428
-0.6085153208472752
-0.5795465306034873
-0.5517681051286997
-0.5258700654992658
-0.5021751542277079
-0.46064542969269057
-0.37456019679572
-0.28091691913096883
-0.18967836813485206
-0.10498613231267781
-0.02952679216199708
0.0
0.0
0.15067247158115527
0.2551214949663041
0.34592406907323736
0.431165747464009
0.510356669931367
0.5814402040926605
0.6423119041823622
0.6848660749864262
0.6943634248699121
0.6841503710740849
0.6628621984914943
0.6360144519009575
0.6070654179443099
0.5781243909480038
0.5504228571683796
0.5246271195352281
0.5010449849906313
0.45533213477818024
0.36849904236198416
0.27497138837687474
0.18416310740427627
0.1000851926523863
0.02537753414118385
0.0
-0.0025016201614999622
-0.15874306548213796
-0.26083423505702097
-0.3511075431089294
-0.4360686224070936
-0.514907242343021
-0.5855129894656442
-0.645786444485753
-0.6861115635168898
-0.6942540063210199
-0.6832543553156016
-0.661545039968305
-0.6345075447668361
-0.6055119923257933
-0.5766100780276571
-0.5489959967483655
-0.523312210753329
-0.4998515587400857
-0.4500196631020919
-0.3624472829827797
-0.26903171979302476
-0.1786473389690669
-0.09517668350682867
-0.021213607373325838
0.0
0.014610794956710527
0.16646648689174787
0.2675677529887674
0.3573889487470744
0.44185216025729385
0.5200430501470661
0.5898511537918633
0.6492019028326109
0.686955183905902
0.693559678872719
0.681691490968104
0.6595416322838364
0.6323323385014471
0.6033292644898034
0.5745160873154386
0.5470431721201507
0.521525147635643
0.49823754837090295
0.4448790432494747
0.35661820365890606
0.2632474708549193
0.17319273834891324
0.09022980629998345
0.01691362860873824
0.0
-0.02685933192698392
-0.1742629629294284
-0.27435212696472316
-0.36370718893569803
-0.44765952350617155
-0.525189539288776
-0.5941868306133844
-0.6526020427599725
-0.6877751546902131
-0.6928378454573578
-0.6801000421258564
-0.6575102298495564
-0.6301306763399495
-0.6011221082331679
-0.5723998945075255
-0.5450703928594294
-0.5197202938016056
-0.49660777008296797
-0.43994338663602006
-0.3510274900504319
-0.25769007747361455
-0.1679390367996994
-0.08545066679531842
-0.012743525880991466
0.0
0.038547345836402624
0.18165926420269526
0.2807593155074443
0.3696520293708392
0.45310252627777203
0.5299905680710402
0.5982060038075666
0.6557237310015877
0.6884694626492728
0.692084939525152
0.6785340872675923
0.655536268492427
0.62800266153872
0.5989949215187699
0.570363951362318
0.5431746028661579
0.5179872402887777
0.49504369829126654
0.4351922958352865
0.3456407099731477
0.25233067150384875
0.16286794660866713
0.0808331732677809
0.008709945575052822
0.0
-0.049779629367034284
-0.18875157249153096
-0.28689330082125414
-0.37533625378105095
-0.4583003385581311
-0.5345684563015216
-0.6020307196122557
-0.6586853526472753
-0.6891130031094832
-0.6913472628467413
-0.6770212539851723
-0.6536352913066487
-0.6259561166733072
-0.5969506843760413
-0.5684082827143937
-0.5413541000815106
-0.5163233491537625
-0.49354226104806376
-0.43064235003948614
-0.34048239930153545
-0.24719830652227046
-0.15801127335963577
-0.07641045081776783
-0.004845986837565611
0.0
0.060545907811258404
0.19555169164471722
0.2927760016663848
0.38078875506988286
0.46328738134574415
0.5389619436264174
0.6057027918139111
0.6615304938455546
0.6897349903296732
0.6906443900223325
0.6755746521352259
0.6518160733847194
0.6239969109300089
0.5949933185234442
0.5665355056343435
0.5396106280000433
0.5147297793336102
0.4921042264608458
0.4261958155775864
0.33544160570974274
0.24218914482254084
0.15327869786893
0.07210876316758796
0.0010963871564464156
0.0
-0.07109512924589342
-0.20223309872264134
-0.29856623821445993
-0.386161825421956
-0.4682068244486319
-0.5433006459926636
-0.6093339799718931
-0.6643493865816029
-0.690352428899849
-0.6899498353139779
-0.6741435276864328
-0.6500158535173254
-0.6220579487191608
-0.5930560598383484
-0.5646818981788512
-0.5378849601140737
-0.51315245665271
-0.49068083648075794
-0.4213199894888679
-0.3299048791793371
-0.23670810564399403
-0.14812766512759656
-0.06745679712981846
0.0
0.0
0.08042599344475274
0.20839302089867495
0.3040540828733838
0.3913549125596636
0.4730491019145615
0.5476590875157715
0.613076458329981
0.6673637757522147
0.6911371002773926
0.689398872188261
0.6728360617708423
0.6483223751848473
0.6202112942107394
0.5911987410355355
0.5628975970303669
0.5362194314580527
0.5116273536882777
0.4893028131800293
0.4163340713883046
0.32418499425735653
0.23099642708331372
0.14271290060885772
0.06252042193588721
0.0
0.0
-0.08913779601388763
-0.21420497332674304
-0.30926701797315986
-0.3963109845486524
-0.4776901904525543
-0.5518559642744918
-0.6167008690086447
-0.6703062660356887
-0.6919288255670957
-0.6889007704425747
-0.671605953377638
-0.646717259534269
-0.6184556592562793
-0.5894301098989988
-0.5611968377186564
-0.5346308750226737
-0.5101721021405857
-0.487987502419448
-0.41157701625036924
-0.3187179887587197
-0.22552640113068653
-0.13751625141626403
-0.057771867262726026
0.0
0.0
0.09753678911940192
0.21981697624206964
0.3143062204601179
0.40110618187508773
0.48218479931938846
0.5559248765656645
0.6202198585586467
0.6731691738884956
0.6927129450823533
0.6884374218027189
0.6704338528771633
0.6451812575685464
0.6167726749187229
0.5877330951880272
0.5595640352306116
0.5331052387123082
0.5087741446938939
0.48672375561353376
0.40702967793885575
0.3134935796031348
0.22029954493588633
0.13255079677508735
0.053234636574775146
0.0
0.0
-0.10557541111793772
-0.22519053289573185
-0.31913262074441723
-0.40569973127978803
-0.486491135647528
-0.559824082701825
-0.6235928652192841
-0.6759142064922922
-0.6934660523474783
-0.6879951120934146
-0.6693122915357222
-0.6437108665578392
-0.6151613040642877
-0.5861081439279773
-0.558000484267445
-0.5316442570302832
-0.5074353986904886
-0.4850164390267742
-0.402404965089848
-0.3082953580298757
-0.21514552241551532
-0.127690102524733
-0.04882754826777118
0.0
0.0
0.11341862459592522
0.2304177436093836
0.32381832516464654
0.4101530809684135
0.49066050050908017
0.5635937059019465
0.626847809984818
0.6785564043409886
0.6941812261628673
0.6875543897905619
0.668215330051405
0.6422774650815442
0.6135925800956662
0.5845273238464983
0.5564800483795337
0.5302239574426328
0.5061341781512638
0.4790721766294849
0.39559880194567415
0.3015828489383608
0.2088798343166331
0.12208145250692262
0.044035157950710335
0.0
0.0
-0.12234367983463279
-0.23625624157802455
-0.3289885071064488
-0.4150247669920301
-0.4951852345820646
-0.5676487570448173
-0.630311195103817
-0.6802620858380768
-0.6942755570311268
-0.6867036671078731
-0.6668489935960904
-0.6406683072051094
-0.6119102719120252
-0.5828740743659508
-0.5549143078260963
-0.5287761270329077
-0.5048169813629482
-0.47297251865861434
-0.3886235831020154
-0.29471744042341996
-0.2024865159809035
-0.11637447981650206
-0.0391759287484596
0.0
0.0
0.13173644439255766
0.24249403364521488
0.33457699285112885
0.42034252218226464
0.5001754869258294
0.5721765965303347
0.6342417051710885
0.6817507350132157
0.6942746437471208
0.6858328883145108
0.665507366573781
0.6391089475700468
0.6102902891088773
0.5812878068989089
0.5534154108606005
0.5273922073775095
0.5035592556952773
0.46713965497551
0.38196697392210843
0.28818124119785216
0.19641589579597069
0.11097212817650018
0.034593589804981104
0.0
0.0
-0.1407140784825674
-0.24847946925545136
-0.33995484202803816
-0.42547171370720943
-0.5050001391682566
-0.5765662079810108
-0.6380656216287222
-0.6832275691928795
-0.6943177702847846
-0.6850368895236397
-0.6642552812061225
-0.6376439299505645
-0.6087634264727613
-0.5797899729122197
-0.5519984371886086
-0.5260829136726392
-0.5023687102892803
-0.461555812087152
-0.3755985669456855
-0.2819352934629464
-0.1906228477746526
-0.10582520773417695
-0.030236959068943386
0.0
0.0
0.14927721451020656
0.2541910299042902
0.3450879444465936
0.43036823760074483
0.5096064956187011
0.5807576767254109
0.641717354961774
0.684636827513554
0.6943572948432152
0.6842748031837602
0.6630575697854647
0.6362429158366804
0.6073034601882252
0.5783578704548298
0.5506437102444541
0.5248311757111648
0.5012305253800474
0.4562042381197118
0.36949390296255497
0.2759472861170643
0.185068398011783
0.10088966521623727
0.026058640624895144
0.0
-0.000508686051256535
-0.15746883038805407
-0.25972128448232734
-0.35006781038417556
-0.4351098907499034
-0.5140544083371209
-0.5847909666651967
-0.6452160645116701
-0.6859673347303064
-0.6943648035894969
-0.6835093604501122
-0.6618733822775068
-0.6348647067141983
-0.605870746032087
-0.576954454496365
-0.5493172835143251
-0.5236063048975358
-0.5001172243763694
-0.45103353168140603
-0.36359727066640746
-0.2701625052117509
-0.17970107166188215
-0.09611875260194368
-0.022017798997540486
0.0
0.01231879665768651
0.1650164196433916
0.266311245275255
0.35622252374096297
0.4407835185968124
0.5190996764755279
0.5890605105371699
0.6485867186078711
0.68681587058729
0.693704218198213
0.681995633226535
0.6599260059187428
0.6327471673184591
0.6037441797703059
0.5749133500386515
0.5474131758737161
0.5218634453241152
0.4985428956826528
0.4458087157206458
0.35767233009114874
0.2642961703980092
0.17418492340350794
0.09113313306368748
0.01770260283913866
0.0
-0.024628822092078034
-0.17284515577134824
-0.2731196970170938
-0.3625604399404092
-0.4466064428942556
-0.5242572919951245
-0.5934025639282107
-0.6519883062867342
-0.6876294146837321
-0.6929716336277395
-0.6803913664562563
-0.6578811254593099
-0.6305322166974959
-0.6015244127348367
-0.5727854802772908
-0.5454297632302528
-0.5200490212436252
-0.49690457635037333
-0.4408419099676952
-0.35204535757668354
-0.2587020036948353
-0.16889579467511692
-0.08632113292892757
-0.013503198650206605
0.0
0.03642484946480237
0.18031788433626988
0.2795984617813053
0.3685757952382896
0.45211794627372126
0.5291229659198804
0.5974806517985041
0.6551614921149035
0.6883465284800778
0.6922238045021897
0.678819918040343
0.6558957318435699
0.628389789212662
0.5993816877098049
0.5707340044231847
0.5435191065284093
0.5183021242793151
0.49532784934325996
0.43605549776982844
0.34661950549446285
0.2533045985571126
0.16378958496986504
0.08167247747468089
0.009443220331625132
0.0
-0.047738381157689774
-0.18746276379980348
-0.2857786770174066
-0.37430337610529796
-0.4573558574647569
-0.5337366267655844
-0.6013357497441885
-0.6581472123708895
-0.6889959982763785
-0.6914811933187252
-0.6772960163085234
-0.6539805762387353
-0.626327854651793
-0.5973220101132088
-0.5687635244711787
-0.5416847918121295
-0.5166255941552605
-0.4938149973730246
-0.4314686126583123
-0.34141909670895626
-0.24813026011973133
-0.1588931364557133
-0.0772134900539212
-0.005547542712919143
0.0
0.05859075794931501
0.1943167185983435
0.2917075928653413
0.3797984427772377
0.4623815745956253
0.5381639102033486
0.60503575657766
0.6610136242101646
0.689621911137937
0.6907719491618708
0.6758373015369417
0.6521464091250735
0.624352681167206
0.5953487629766774
0.566875594199737
0.5399272382814817
0.5150191695918774
0.49236537290789506
0.42707569559379527
0.33643924677568415
0.24317594216680732
0.15420543253488755
0.07294512563001472
0.0018189397424287906
0.0
-0.06898217521665989
-0.20088025133347576
-0.297385722375206
-0.3850613861249057
-0.4671952778381991
-0.5424047176539243
-0.6085802434850272
-0.6637599334872212
-0.6902221779927393
-0.6900933158562716
-0.6744407455587069
-0.6503901726944243
-0.6224613241067212
-0.5934591933696157
-0.5650676901020425
-0.5382441640827593
-0.5134808072199669
-0.4909771590373776
-0.42233672836317426
-0.33106578745882587
-0.23786435056659194
-0.14922139346070307
-0.06845172676269434
0.0
0.0
0.07865377249544642
0.20720862431131631
0.3029904018531846
0.39034259931895543
0.4721001143575624
0.5467998426203204
0.6123331887440232
0.666758903400104
0.6909710818268819
0.6894962278701733
0.6730830741036614
0.6486462478089289
0.6205662346796241
0.5915566809991128
0.5632420165937322
0.5365412598729906
0.5119222575268298
0.48956941050219394
0.4173113913163383
0.32530777592446314
0.2321186524136779
0.14377771207688028
0.0634920285137283
0.0
0.0
-0.08742483430808962
-0.21306205332325204
-0.30824182034886227
-0.39533625893651547
-0.47677737903594114
-0.551030488476471
-0.6159879579815206
-0.6697274517076867
-0.6917730745288623
-0.6889987337431974
-0.6718479060846594
-0.6470329787391278
-0.6188009874098012
-0.5897779956773229
-0.5615313740233232
-0.5349433416857255
-0.5104583482219776
-0.488246222515011
-0.41250899788764045
-0.3197891439650744
-0.22659845035694612
-0.13853506798289378
-0.058703196670755436
0.0
0.0
0.09588800357723165
0.21871488426199087
0.3133163545657782
0.40016404917841436
0.48130153410632703
0.5551250632851911
0.6195279109615266
0.672605961492298
0.6925580694819352
0.688527622916654
0.6706633302114192
0.6454822811825416
0.6171026378858886
0.5880658803175121
0.5598842696706996
0.533404480213678
0.5090483586816604
0.4869716537365447
0.40792150251213644
0.3145181089039864
0.22132447342718115
0.1335243885269637
0.054124187419219705
0.0
0.0
-0.10399932790131008
-0.22413700586055088
-0.31818639645920915
-0.40479918503217927
-0.4856469258079029
-0.559059719923594
-0.6229316930376669
-0.6753761767208427
-0.6933185778235301
-0.6880820140803622
-0.6695323615869233
-0.6439993171030463
-0.6154773815947321
-0.586426869643168
-0.5583071575586794
-0.5319308069788344
-0.5076979704757747
-0.48575088055102145
-0.40352637949795933
-0.3094685702619406
-0.21627269633181434
-0.1287254108640003
-0.049739241143391344
0.0
0.0
0.11176429127134749
0.22932664811988812
0.32284697220727326
0.40923442237480157
0.4898043786115414
0.5628236155865672
0.6261870840614958
0.6780248275988621
0.6940437762196614
0.6876529744288361
0.6684475526073637
0.642577824019043
0.6139199153653179
0.5848564469892887
0.5567961730528115
0.5305190030236555
0.5064043249309524
0.48032829206460087
0.3970353376795422
0.30299670663816547
0.21019640007299786
0.123256630194191
0.045035742385553273
0.0
0.0
-0.12043707205678131
-0.23499893442169079
-0.32786850472263096
-0.4139643774166222
-0.4941955317705051
-0.5667566398146555
-0.6295434545798102
-0.6799883746368126
-0.6943020372989314
-0.6869043293688543
-0.6671428165512848
-0.641003999559636
-0.6122560931219687
-0.583211055789167
-0.5552317489398063
-0.5290686124516814
-0.5050824132780113
-0.47419457930638126
-0.3900213290677507
-0.2960937821941742
-0.20376887812024175
-0.1175198640488117
-0.04015190055810572
0.0
0.0
0.12985226857168491
0.2412422549750176
0.33345489270183615
0.419274084479697
0.4991720532093169
0.5712652133244062
0.6334494507825411
0.6814469607663184
0.6942691029374813
0.6860017522401078
0.6657708780039305
0.639416489988502
0.6106104238146489
0.5816016364196938
0.5537121680937996
0.5276663327528087
0.5038084680495502
0.46829743138920327
0.3832871197558893
0.2894761375755571
0.19761713131569122
0.11203966193373285
0.03549752993618385
0.0
0.0
-0.1389333066716249
-0.2472906468558717
-0.33888575052996095
-0.42445139406741905
-0.5040398090141865
-0.5756918723658926
-0.637303317566708
-0.6829321958359482
-0.6943076870561841
-0.6851938459477379
-0.6645030919799686
-0.6379342264049792
-0.609066148582573
-0.5800870354614314
-0.5522795198856636
-0.5263426712742936
-0.5026049310442169
-0.4626677387278221
-0.3768667808707677
-0.28317900835059323
-0.19177623021838133
-0.10684978028086552
-0.031104025244685765
0.0
0.0
0.14757391496074435
0.25305523958234544
0.344067379148824
0.4293948567089629
0.5086909390878082
0.5799247342702577
0.6409918397073315
0.6843572251039526
0.6943500352378106
0.6844269015191704
0.6632962436293333
0.6365219663601501
0.6075941845369142
0.5786430080785694
0.550913419348877
0.5250803669718512
0.5014571020595359
0.45726929082493717
0.37070889811711377
0.2771391485211603
0.18617405423758282
0.10187221621998445
0.026890545123064796
0.0
0.0
-0.1558509664106566
-0.25857511038796926
-0.3490276736494353
-0.43412615675287536
-0.5131415132467266
-0.5839740897405242
-0.6445193628892028
-0.6857178125554914
-0.6943870804915696
-0.6836894175319324
-0.6621379005488084
-0.6351672642072482
-0.6061826093109345
-0.5772584461875541
-0.5496037078861643
-0.5238702491816764
-0.5003567786665037
-0.4520990197266252
-0.36481099813199036
-0.27135375281491314
-0.18080731135006933
-0.09710321269769795
-0.02285293919728175
0.0
0.009890223209409493
0.16346747250093932
0.26496084876840265
0.3549628155750044
0.4396236725630029
0.5180697458240384
0.5881905586416917
0.6479018246984701
0.6866467439262905
0.6938435156811493
0.6823091070502578
0.6603278238423395
0.6331834339649753
0.6041819504274224
0.5753333208232547
0.5478048327792953
0.5222218562297064
0.49886659872561234
0.4467792195525929
0.35877268469734225
0.2653917949562575
0.175222652178685
0.09207916382037094
0.0185302159274639
0.0
-0.022270142520101427
-0.1713401879324745
-0.2718079088007758
-0.3613372298431772
-0.44548070271683854
-0.5232581469387092
-0.5925591328729357
-0.6513248594803241
-0.6874656951359877
-0.6931067401664263
-0.6806952228837683
-0.6582705672809884
-0.6309550242049763
-0.6019486660158395
-0.5731924764167078
-0.5458093160303688
-0.5203963528807843
-0.49721827134518026
-0.4417900304805642
-0.3531188894528269
-0.2597687938208186
-0.16990396856155682
-0.0872379302524196
-0.014302853176429459
0.0
0.0341902915953933
0.1789060947479631
0.2783769896267988
0.3674436360630918
0.451082489262403
0.5282108525118018
0.5967184632909287
0.6545711618954639
0.6882185855519958
0.6923713546505252
0.6791220606723107
0.6562752650670148
0.6287983251239961
0.599789730325316
0.5711243491356732
0.5438824609577999
0.5186342132610557
0.49562751017368545
0.43696694140134407
0.34765322795069603
0.2543333542866741
0.16476326915950126
0.08255933255131902
0.010218192866727982
0.0
-0.04558297090484176
-0.18610224250498106
-0.2846022668296206
-0.37321341395426255
-0.45635933549952334
-0.5328591293475717
-0.6006028111895974
-0.6575798911959388
-0.6888730254672688
-0.6916229667951221
-0.6775863526139965
-0.6543452855540219
-0.6267204368740252
-0.597714119938282
-0.5691386283971079
-0.5420339598587858
-0.5169447178117641
-0.4941029591630015
-0.43234045782475305
-0.34240745090676733
-0.24911362515028912
-0.1598236712746883
-0.07806087708955432
-0.006287871342621168
0.0
0.05652725970257
0.1930132127826514
0.29057983123315656
0.3787530670331618
0.46142535530759027
0.5373214105520903
0.6043314949690503
0.6604678372832686
0.6895023557083286
0.6909064139583416
0.6761143769807934
0.6524949473013912
0.6247280826170944
0.5957238354498025
0.5672344714582456
0.5402613454382913
0.5153245557706041
0.4926409562251291
0.4279110062743146
0.33738613463872946
0.24411793181361968
0.15509668331033583
0.073756602160018
0.002527750747414584
0.0
-0.06700672836711932
-0.19963253213887253
-0.29630634097480046
-0.38406094941386426
-0.4662802581396477
-0.541598620822389
-0.6079065310769437
-0.663237966574018
-0.6901081715504601
-0.6902224226038828
-0.6747063218546493
-0.6507241159512985
-0.622820945423153
-0.5938184668299947
-0.5654114314135106
-0.5385641683233074
-0.5137732954968343
-0.4912410984916424
-0.423240511610566
-0.3320905976705655
-0.238877219725443
-0.15017162455131317
-0.06930822208707232
0.0
0.0
0.07709925658283481
0.2061658959106566
0.30205167171637576
0.38944765404229864
0.4712598030765197
0.5460376570367718
0.6116724553696486
0.6662196023016027
0.6908210644238284
0.6895799528877915
0.6732997324275335
0.6489312950951681
0.6208790591023394
0.5918723800941611
0.5635459246693675
0.5368253152487282
0.5121825992297959
0.4898047955076014
0.41818892709015176
0.32631637608334085
0.2331264436224515
0.14473347248422985
0.0643635907360961
0.0
0.0
-0.08589276602182266
-0.21204084856941088
-0.30732645811848686
-0.39446646704522786
-0.4759633284336989
-0.5502948562730411
-0.615353242327699
-0.6692128368995848
-0.691636254972082
-0.6890883842476117
-0.6720659900166228
-0.6473167628783494
-0.6191110323467881
-0.5900901483362266
-0.5618314390783798
-0.535223544804453
-0.5107149966368231
-0.48847816465042265
-0.41334313926015254
-0.32074799930314946
-0.22755835081361464
-0.13944756542747883
-0.05953760350068872
0.0
0.0
0.09440998798060227
0.21772663766324252
0.3124285335786409
0.3993188716390664
0.4805089965984727
0.554407219922175
0.6189066660512983
0.6721000453533107
0.6924183266013201
0.6886076875818345
0.6708683463909635
0.6457515216894802
0.6173978978050629
0.5883637378168804
0.5601709355702618
0.533672379140572
0.509293867342302
0.48719361144550744
0.4087195585402154
0.31543480783500805
0.22224143425049261
0.1343953299447001
0.05491986045257363
0.0
0.0
-0.1025888965918954
-0.22319410465737888
-0.3173394740697911
-0.40399311174863767
-0.48489124989373045
-0.5583754895906332
-0.6223398065575705
-0.6748944967754379
-0.6931865246436403
-0.6881597772005418
-0.6697293395332158
-0.6442575121154136
-0.6157603110531594
-0.5867121723612014
-0.5585816733443534
-0.5321873105224885
-0.5079330107188931
-0.48596335784292066
-0.4042919375199968
-0.3103481845253015
-0.21715274279186375
-0.1295614542369607
-0.05050318810903953
0.0
0.0
0.11041219170039113
0.22842312766886902
0.32203564977580335
0.4084623898408135
0.48908075714831084
0.5621685543765573
0.6256205882573088
0.6775639919546246
0.6939177457770604
0.687727847522875
0.6686365587814547
0.6428254196484565
0.6141911631564515
0.5851299344037787
0.5570592996109899
0.5307648521085989
0.5066295944105691
0.48135235364740686
0.39820826584575986
0.3041541475112652
0.21127750827838726
0.12422511729352555
0.04586407942182026
0.0
0.0
-0.11890382961632057
-0.2339981138846542
-0.3269836776327016
-0.4131317277733447
-0.4934232270384774
-0.5660656164075702
-0.628954509234276
-0.679790427497773
-0.6943408788570835
-0.687079798286352
-0.6673905891728271
-0.641283425912488
-0.6125420830628504
-0.5834886766279805
-0.5554926370672226
-0.5293085974488718
-0.5052999514872698
-0.4751860287118468
-0.3911560684985856
-0.29721243980955414
-0.20481256154549
-0.11845353767638228
-0.040949048714081435
0.0
0.0
0.12832136870032065
0.24022632530111435
0.332544845723708
0.4184079572182877
0.49835894638474876
0.5705270043394282
0.6328080471313278
0.6812010976001551
0.6942647255763438
0.686138589356514
0.6659843459915887
0.6396656024374979
0.6108697238312423
0.5818558225083893
0.5539525223754852
0.5278883541431818
0.5040103101187409
0.4692322188024791
0.38435272565336887
0.29052117636645003
0.19858641522175535
0.11290090060215054
0.03622662616287971
0.0
0.0
-0.13749480528722632
-0.24632991599234932
-0.3380215323630292
-0.42362642620181606
-0.5032631848746788
-0.5749846275405897
-0.6366865144369195
-0.6826928814908934
-0.6942990369068025
-0.6853202727616698
-0.6647030095297478
-0.6381685327290361
-0.6093105408809816
-0.5803268905641292
-0.5525064914483513
-0.5265524347296072
-0.5027956950573976
-0.4635666138517503
-0.37789196106004613
-0.28418430323920113
-0.19270841815325315
-0.1076777644885959
-0.03180461954274444
0.0
0.0
0.14619786729115863
0.25213777332314313
0.3432430592404623
0.4286087024767555
0.5079515397198294
0.5792521103562422
0.6404060299396765
0.6841316139361637
0.694344406128836
0.6845499821078596
0.6634892392430072
0.6367475578688985
0.6078291868106794
0.5788734794754237
0.5511314112673497
0.5252817698864275
0.5016402238048147
0.4581301458312733
0.3716909747657989
0.27810255446960486
0.1870678056135392
0.10266648416122143
0.027563063885627084
0.0
0.0
-0.15453002144138495
-0.25769412828788907
-0.34823595676083
-0.43337095124428465
-0.5124310767546633
-0.5833276541284778
-0.6439561803138331
-0.6855004392347371
-0.6943809343705297
-0.6838068903300234
-0.6623225546229533
-0.6353832735727784
-0.6064077137670377
-0.577479257719758
-0.5498125910587705
-0.5240632538435794
-0.5005322754125818
-0.45292327390542964
-0.36575121214407547
-0.2722760033158489
-0.18166279820533054
-0.09786339133396763
-0.023496507254614857
0.0
0.008006529804491486
0.1622629664596314
0.2639087286655376
0.35397985956423983
0.4387172469224827
0.5172633910899236
0.587507831522727
0.6473624238635305
0.6865102440249058
0.693948133920753
0.6825500745726424
0.6606381380649131
0.633521006586963
0.6045210388561296
0.575658826710128
0.5481085182105644
0.5224998412698351
0.49911771404226946
0.4475284010950262
0.3596220868369512
0.2662377781414503
0.17602421640922808
0.09281020608423804
0.01917008373820156
0.0
-0.020441829496724295
-0.17017222206533184
-0.2707889831451149
-0.36038646616230346
-0.44460510313978213
-0.5224803860016719
-0.5919018832356452
-0.6508070386687672
-0.6873364263722685
-0.6932099012658965
-0.6809297214830969
-0.6585717617066632
-0.6312823180310749
-0.6022772373552056
-0.573507774780009
-0.5461034102454806
-0.5206655158535087
-0.4974613901855141
-0.44252446395462364
-0.3539503411200344
-0.26059490698106225
-0.17068457734885606
-0.08794767778479105
-0.014921802009110377
0.0
0.03246061441713621
0.177813390162985
0.27743166637801736
0.36656750227049395
0.4502812603867038
0.5275051457488523
0.5961288478008754
0.6541146076517306
0.6881199176896681
0.6924859022637311
0.679356238758398
0.6565693157509251
0.6291147952425216
0.6001057906685997
0.5714266849289025
0.5441638819532861
0.5188914127188526
0.49585959040993904
0.4376731097439106
0.3484541909606164
0.25513051208687015
0.1655177930670615
0.08324660930403113
0.010818803210206049
0.0
-0.04391298055401344
-0.18504821460020082
-0.2836909317783236
-0.37236908998276785
-0.45558743260741535
-0.5321794633619115
-0.6000351590257103
-0.6571405618213099
-0.6887778890073135
-0.691732898152961
-0.6778113531728261
-0.6546278865023868
-0.6270246188094151
-0.5980179267408512
-0.5694292536985335
-0.5423044871506826
-0.5171919653683086
-0.49432606212502095
-0.43301579965845266
-0.34317303753845996
-0.24987535110653997
-0.16054448010652866
-0.0787172846723806
-0.0068613559631955645
0.0
0.054928728819778505
0.19200340222859394
0.28970615202713335
0.37794320024486755
0.4606845474649277
0.5366686914940993
0.6037858599791582
0.6600449648176674
0.6894096879853501
0.6910105396279018
0.6763289872963616
0.6527649239434306
0.6250188741903993
0.5960143758358386
0.5675124687611126
0.5405201563623319
0.5155611192499844
0.4928544338217075
0.4285580714323165
0.3381196277137515
0.24484762577628072
0.15578706857705665
0.07438518746930543
0.003076804417714296
0.0
-0.06547650993614146
-0.19866602630114497
-0.29547023358114427
-0.38328599489293874
-0.46557147010491146
-0.5409742073548882
-0.6073846659089015
-0.6628336470906684
-0.690019866835513
-0.6903224381815203
-0.6749120491518437
-0.6509828011947005
-0.6230995208700885
-0.5940967722700579
-0.5656777048041176
-0.5388120539990328
-0.5139998662915711
-0.4914455543753066
-0.4239406218734911
-0.33288446205674593
-0.23966183484293355
-0.15090771802804334
-0.0699717040976621
0.0
0.0
0.07589506520147438
0.2053581578922683
0.30132449592504823
0.3887543964368624
0.47060886768386856
0.5454472413484897
0.611160628912133
0.6658018423061167
0.690704857715525
0.6896448114520904
0.6734675658122888
0.649152104883987
0.6211213858934753
0.5921169335382281
0.563781344198466
0.5370453560049104
0.5123842703769979
0.489987134167545
0.41886869839984686
0.3270976746825521
0.23390711577203938
0.1454738398874516
0.06503873534799368
0.0
0.0
-0.08470596669708114
-0.21124978333191619
-0.3066173822853644
-0.39379269151883783
-0.47533273205974547
-0.5497250056507669
-0.6148615654318005
-0.6688141946687689
-0.6915302678827379
-0.6891578298766989
-0.6722349253397665
-0.6475365922757012
-0.619351204495857
-0.5903319533072715
-0.5620638806053607
-0.5354406005749495
-0.5109138060793247
-0.48865783570116206
-0.413989296270472
-0.32149076425570894
-0.22830192519749273
-0.14015441952978305
-0.060183965583948076
0.0
0.0
0.0932650624094016
0.21696110522343626
0.31174079451457415
0.39866416576190233
0.4798950676397353
0.5538511518204237
0.6184254266993914
0.6717081439535386
0.6923100766601957
0.6886697087567151
0.671027159660796
0.6459600855099186
0.6176266172240497
0.5885944694102094
0.5603929977254245
0.533879903691892
0.5094840475521216
0.48736554820427186
0.4093377629542852
0.3161449175716064
0.22295174688341635
0.13506999422187638
0.055536219002344886
0.0
0.0
-0.10149632326323499
-0.22246369785900005
-0.3166834161152463
-0.4033686970762495
-0.48430587494382105
-0.5578454590980672
-0.6218813091077341
-0.674521369471108
-0.6930842313738649
-0.6882200155197901
-0.6698819261321659
-0.6444575197481542
-0.6159794789106369
-0.5869331786280062
-0.5587943236414883
-0.5323860078539917
-0.5081150817656567
-0.48612795077473425
-0.4048849675775697
-0.3110295668425147
-0.21783445991242134
-0.13020908491812289
-0.05109497020694104
0.0
0.0
0.10936480439839963
0.2277232266524008
0.321407168814082
0.40786434430915436
0.48852021265206336
0.5616611192327505
0.6251817592121318
0.677207011250003
0.693820117809532
0.6877858470137569
0.6687829700631038
0.6430172165345633
0.6144012819017544
0.5853417880483857
0.5572631273479539
0.530955296065389
0.5068040966309145
0.4821456303054465
0.3991168601598788
0.3050507447803168
0.21211497538482016
0.12497534384744186
0.04650574045747072
0.0
0.0
-0.11771612231151424
-0.23322284062438003
-0.32629825726176026
-0.41248672601619235
-0.49282497072084885
-0.5655303236637417
-0.628498289999375
-0.6796370901937834
-0.6943709669923831
-0.687215723117757
-0.6675825231752844
-0.641499880086735
-0.6127636216393214
-0.5837037321827542
-0.5556947308336546
-0.5294944988635446
-0.5054684647748224
-0.47595404276441355
-0.39203508040278157
-0.298078994134213
-0.20562103803881027
-0.11917679643701552
-0.04156654970218841
0.0
0.0
0.12713547600476066
0.23943934791692112
0.3318398890644076
0.417737022426419
0.4977290832206987
0.5699551598631429
0.6323111917126982
0.6810106427362086
0.694261334710527
0.6862445885425464
0.6661497063359638
0.6398585743236518
0.6110705873906523
0.5820527246264462
0.5541387098547549
0.5280603402742842
0.5041666645875865
0.46995634033661193
0.3851781841120809
0.29133070277014406
0.19933725903905924
0.11356804850969707
0.03679141155885508
0.0
0.0
-0.13638048793789082
-0.2455856976818781
-0.3373520764219558
-0.4229873750222001
-0.5026615825658485
-0.5744367690613651
-0.6362087155011464
-0.6825074995849563
-0.6942923361742764
-0.685418207732337
-0.6648578731923313
-0.6383500352314285
-0.6094998563590537
-0.5805126913596005
