0.0
-0.08399999999999996
0.0
-0.20963754666666667
-0.07035252792888885
-0.12701208334639397
0.0
-0.16467732944399316
0.0
-0.13829233249844608
0.0
-0.1357917969573776
0.0
-0.15702022347036454
-0.06927831594773326
-0.47816185514906584
-0.5636950569771195
-0.6807055565458423
-0.6768858567992361
-0.6449646528330789
-0.6049056395835763
-0.5615716630190674
-0.5167345901118814
-0.4715543840961722
-0.4270685684907609
-0.38426708907923746
-0.3440821817955315
-0.30736282277468585
-0.2748489643440392
-0.24714929743569425
-0.22472375916195067
-0.2078713383735708
-0.1967234476178138
-0.19124292410084381
-0.12274387705299553
0.16838507888113452
0.3705276499140375
0.5130120464859976
0.6356326492009445
0.7437447805923982
0.8135551042776888
0.8334793155273839
0.8234199374347041
0.7962793432980317
0.7603213176748324
0.7207481211567577
0.6807521212208472
0.6248605328776352
0.5137789764226071
0.39252116152928285
0.273290513005035
0.16125394299574047
0.05984160681992598
0.0
0.0
-0.04841770248450042
-0.1826177931226387
-0.2809155210692278
-0.3713618278865289
-0.45740158786121915
-0.5375086249433958
-0.6093508652753946
-0.67071723514672
-0.715716490955929
-0.7253254860677208
-0.7138565851407845
-0.6905675327001135
-0.6613691780128901
-0.629965587280335
-0.5986140252352286
-0.5686305145908499
-0.5407252424186566
-0.5152242864602331
-0.49221549195821035
-0.43261073420199403
-0.3365108193725562
-0.23592455516969665
-0.13987866604787438
-0.0523748630857946
0.0
0.0
0.1583607159408225
0.27111549960489023
0.3676509601686332
0.45775405517240014
0.5411574052934335
0.6157382772876301
0.679288964175738
0.7168736664712005
0.7221031895089794
0.7082141615439924
0.6837524983198965
0.6541601137353755
0.6228339962853059
0.5918319598529588
0.5623419402894086
0.5349931794119471
0.5100617940712665
0.4720959653855074
0.3887537071673996
0.29721995719257777
0.20746185344449797
0.12360381516170965
0.048327586779615225
0.0
0.0
-0.13720511386708448
-0.24475314114768032
-0.33574882972546194
-0.42083758649261216
-0.5000636550059833
-0.5714733003003007
-0.632967106520659
-0.6799776367472783
-0.6922860738984067
-0.6838033287083337
-0.6635404634924422
-0.6372625570973507
-0.6085930573264636
-0.5797500990143364
-0.5520364738021091
-0.5261648271292784
-0.5024727528481626
-0.44762098137736833
-0.35890100998500035
-0.2652784142646042
-0.17500886786812653
-0.09183534402381396
-0.01830886765657229
0.0
0.03111919335853991
0.17422084938966256
0.2725886173681832
0.3608314846256704
0.44389204930158266
0.5206886646865748
0.5891129314962098
0.6471263703698552
0.6841098372736908
0.6903861622218532
0.6784617264034477
0.6564168222256185
0.6294021471041397
0.6006377518900862
0.5720788010044352
0.5448583448443592
0.5195809757335156
0.4965168705414861
0.4374788358879833
0.3482426145022415
0.2550774109421945
0.16565623748021757
0.08357487893203977
0.011323324536652732
0.0
-0.05587409845980451
-0.1919819723826157
-0.2893073858611934
-0.3773138089835855
-0.4598826230255052
-0.5357366753917808
-0.6027647555227496
-0.6589762515021049
-0.6888947308236835
-0.6908409475656749
-0.6763683243801958
-0.6529245972663209
-0.6252420111484549
-0.5962650550466204
-0.56776853700116
-0.5407684462172283
-0.5157942728274771
-0.49306879992722347
-0.42651240929774814
-0.33589267137153067
-0.24291601370100463
-0.1542817026569774
-0.07335274482977079
-0.0025339964119335256
0.0
0.07400156512649114
0.20346214036681878
0.29923680638585837
0.3864955858643587
0.468245801211408
0.5430569260306424
0.6088206363975733
0.6635863863249972
0.6895849455781933
0.6892124798373902
0.6734552273716993
0.64938556889721
0.6214884374084939
0.5925463392896546
0.5642288435118938
0.5374843286545075
0.5127995339552015
0.4903708337353849
0.4176324074237428
0.32574023635540605
0.23276725415918087
0.1446398971381459
0.06453820545645648
0.0
0.0
-0.0901606131435298
-0.21438749477863794
-0.30913044318982
-0.3959728381471
-0.47718786810032654
-0.5512137433900163
-0.6159432700939235
-0.6694601369457641
-0.6913471248145918
-0.6884983150712312
-0.6713253487380694
-0.6465197881866787
-0.6183151631953681
-0.589328881904107
-0.5611228613354353
-0.5345759699063525
-0.5101306772624304
-0.4879557174618495
-0.4098370642361091
-0.31678216730711306
-0.2237519644411364
-0.13601207332819623
-0.05658677076909975
0.0
0.0
0.10293212649723937
0.22308750093608587
0.3170421221286576
0.4035704614195618
0.48437076565245235
0.5577786337146639
0.621688160372372
0.6742104544851606
0.6927661228845957
0.6879112786534565
0.6695918350665904
0.6441906950490193
0.6157376262899996
0.5867162287463589
0.5586011734876947
0.5322149978144931
0.5079642979812583
0.4854554625006
0.4029589690805262
0.30898784643582045
0.21595905470385818
0.12859639535948186
0.049794604817196275
0.0
0.0
-0.11458216768282137
-0.2309042922444916
-0.32408097730442553
-0.41028245440450495
-0.4906744932497482
-0.5634979291033736
-0.6266480610771918
-0.678261045241744
-0.6938985726592883
-0.6872912162376712
-0.6679747615279729
-0.6420603621523155
-0.6133984441317661
-0.5843548837248099
-0.556327636074889
-0.5300897443081398
-0.506016319759211
-0.4772252611588142
-0.39352344424875585
-0.2996388204741603
-0.20718207176644127
-0.12068597267463543
-0.042977031504253374
0.0
0.0
0.12626298717328538
0.2385972017272728
0.33092528161023727
0.41675429352874016
0.49670594164750054
0.5689243122934008
0.6313056435423207
0.6804653370614747
0.6940080770287044
0.6861726925496752
0.6661867931318026
0.6399577246981415
0.6112017524790959
0.5821969899307319
0.5542844703654428
0.5282007548703884
0.5042979661468068
0.4697146479789727
0.3849261444278244
0.29114752434089747
0.19924069721313897
0.1135607584089344
0.03687071303384598
0.0
0.0
-0.13744766578919476
-0.2461088597073875
-0.337707480563913
-0.4232458232236258
-0.5028323933128335
-0.5745188113578829
-0.6362010908287228
-0.6823857289532219
-0.6941090998492586
-0.6852068935256425
-0.6646391775755566
-0.6381363598841492
-0.609298229663977
-0.5803267038164
-0.552513393358582
-0.5265631819345835
-0.5028082293670928
-0.4630387818279523
-0.37730472892927136
-0.28365059291292644
-0.19226197254800986
-0.10733317544657808
-0.031569680661215016
0.0
0.0
0.1475012559678917
0.25287609320128834
0.343826953945567
0.42910983059426633
0.5083728794354456
0.5795847039060263
0.6406410653485148
0.6841406282194528
0.6942210394653839
0.684354568615818
0.6632600880453967
0.6365084809690004
0.6075945139150408
0.5786513912284867
0.550926148220457
0.5250950906463616
0.5014723624888451
0.4569391461168697
0.37034310639379686
0.27681002062307164
0.1859027807389344
0.10166760302873809
0.02675700075160105
0.0
0.0
-0.15669807481421813
-0.2590496409820809
-0.34939913216607404
-0.43444191032024554
-0.5134039487990207
-0.5841777925113044
-0.644659020206507
-0.685715236576175
-0.6943015501754776
-0.6835590911766499
-0.6619869738977975
-0.6350107465206417
-0.606029504547502
-0.5771138670411616
-0.5494702764103693
-0.5237490210218109
-0.5002478496446289
-0.4512673202200861
-0.3638698478677482
-0.27045303903059126
-0.17999768537767977
-0.09641155071189927
-0.022297646768142443
0.0
0.012347370978568695
0.16495491770988574
0.2662067809717934
0.35608834636333564
0.4406263923431979
0.5189254512805227
0.5888751304881302
0.6483962730643799
0.6866992666856325
0.6936357129151904
0.6819581404288708
0.6599082241052283
0.632741655410398
0.6037460686617734
0.574919480404341
0.5474215216980819
0.5218727288878418
0.498552330787447
0.4456792076808385
0.3575299936279926
0.2641702063248493
0.17408364257350745
0.09105977028630925
0.01765858727516874
0.0
-0.025376819361784125
-0.1732701424819906
-0.27345678274563373
-0.36285058819563276
-0.4468512709726269
-0.5244515704851717
-0.5935411392289139
-0.6520676326324156
-0.6876014016990706
-0.6928821296948366
-0.680269770644051
-0.6577459760775793
-0.6303949184047831
-0.6013917175385994
-0.5726611349511012
-0.5453155996287551
-0.5199456747496781
-0.49681195649764437
-0.4404511922800217
-0.35160473605907966
-0.25827361865361415
-0.1685020056749536
-0.08597477222144367
-0.01321365399581205
0.0
0.03766339076169928
0.18106748099962144
0.2802258421568537
0.3691419037751801
0.45262153212327466
0.5295518273462978
0.5978226561137157
0.6554071156420628
0.6883689642621985
0.6921149413811706
0.678639021186387
0.6556804855553476
0.6281636666964592
0.5991588613704859
0.5705226103083102
0.543323408314845
0.5181239422625613
0.49516749921815834
0.4354957134420921
0.3459866336878181
0.2526818482969563
0.1632082767284882
0.08115154240012477
0.008997085254134632
0.0
-0.049283163528205914
-0.18841552072683912
-0.2865881033974387
-0.3750428243990345
-0.45802224337215675
-0.5343133534341297
-0.6018062821930885
-0.6584982472389985
-0.6890509914530883
-0.6913609517721184
-0.6770785679894883
-0.6537156369595474
-0.626046484727788
-0.5970430498093882
-0.568497873691842
-0.5414382482283432
-0.5164007283665839
-0.4936123856903422
-0.43080388708839445
-0.3406668170327397
-0.24738665935722298
-0.1581950977070577
-0.07658374469117786
-0.005003665145698208
0.0
0.06031569325309177
0.19539025424995293
0.2926260057287584
0.38064218521845883
0.46314636818718136
0.5388304695950845
0.6055848544207967
0.6614296314745111
0.6896976448648712
0.6906457318372737
0.6755985300707664
0.6518520936227733
0.6240384854092405
0.5950363628350763
0.5665775717708011
0.5396503280603769
0.5147664037362465
0.49213749203820784
0.4262607500368378
0.3355160540924938
0.24226656276847686
0.15335581207069496
0.07218305684309459
0.001165632332795305
0.0
-0.07104644663029616
-0.20218810489237715
-0.29851830434820975
-0.38611095301637616
-0.4681544328789081
-0.5432484384150295
-0.6092836621253365
-0.6643025666040505
-0.6903303875278213
-0.6899432050794496
-0.6741461804462108
-0.6500238143613609
-0.622068669821724
-0.5930679354981825
-0.5646939414053118
-0.5378965873551153
-0.5131633448626489
-0.49069082853290885
-0.42131326133368113
-0.3298987077273878
-0.23670608066710014
-0.14813039499405892
-0.06746415102703282
0.0
0.0
0.0804975383671129
0.20843116120865124
0.30408250401107795
0.39137789785156923
0.47306701675053753
0.5476716244936906
0.6130833227090515
0.667364831514649
0.691130328806112
0.689387818528599
0.6728229789359779
0.6483086655126188
0.6201978034115053
0.5911859536655641
0.562885766057537
0.5362086638093276
0.5116176664405087
0.48929417020899
0.41627084300453276
0.32411354699549927
0.2309280944998604
0.14265151327442172
0.06246801157351224
0.0
0.0
-0.08929135731419524
-0.21430102916212998
-0.3093493347668817
-0.3963865847180487
-0.47775861738434244
-0.5519154466523942
-0.6167496538837169
-0.670342932881344
-0.6919342362809038
-0.6888876967182616
-0.6715826425536994
-0.6466889648393039
-0.6184256612209533
-0.589400397029076
-0.5611685591344456
-0.5346046406142452
-0.5101481808655736
-0.48796595265541826
-0.41147743740531606
-0.3186044436601967
-0.22541500694356842
-0.13741289288429412
-0.05767999341627955
0.0
0.0
0.09774252016700516
0.21995003490436973
0.3144230490134302
0.40121551353691226
0.4822856367776963
0.5560145026021626
0.6202955791839173
0.67322873916562
0.6927261330872959
0.6884229627924967
0.6704038649278541
0.6451434802046477
0.6167319603708968
0.5876924024788281
0.55952509149743
0.5330689779804031
0.5087409979592956
0.4866938417140389
0.4069066121794512
0.31335277713053716
0.22016020247112025
0.1324201312566518
0.053117022341346326
0.0
0.0
-0.10581331614581996
-0.2253464413685473
-0.3192707755650658
-0.40582991483625025
-0.48661201353433703
-0.5599323512610295
-0.6236852472775402
-0.6759879380313885
-0.6934840334948119
-0.6879797678163392
-0.6692781398999473
-0.6436671885610434
-0.6151139262671856
-0.5860606269001727
-0.5579549133220965
-0.5316017669574239
-0.5073965207569383
-0.4848215859653608
-0.40218224005758646
-0.308076897619601
-0.21494298546502116
-0.12751027944199778
-0.04867549439458786
0.0
0.0
0.11372556340743195
0.23061565771600018
0.32399180572699954
0.41031528108020926
0.4908100009744444
0.5637265079415897
0.6269599433492368
0.678644555673935
0.6942010260324323
0.6875334276110776
0.6681714572216005
0.6422220843393576
0.6135328416443151
0.5844675893335861
0.5564228648392209
0.5301707035013714
0.5060854912640088
0.47882776345113925
0.3953199455541379
0.3013099333840754
0.20862743538946726
0.12185800336566652
0.04384689999387173
0.0
0.0
-0.12272925744598348
-0.23650997698410747
-0.3292142806991616
-0.41523841068127787
-0.49538458129622437
-0.5678284260363079
-0.6304658199813531
-0.6803178247723644
-0.6942711683800273
-0.6866643511960213
-0.666790957642865
-0.6406018149483927
-0.6118416781770228
-0.5828071800336565
-0.5548512601031612
-0.5287180157660171
-0.5047642324004415
-0.4727193852557854
-0.38833445492312646
-0.2944336400904907
-0.20222310654378156
-0.1161402793834367
-0.038977525376318836
0.0
0.0
0.1321338458828105
0.2427564348114152
0.334811209969342
0.4205648246797993
0.5003836167712054
0.5723649709660521
0.6344047379605493
0.6818120945707027
0.6942740081293488
0.6857960746340793
0.6654509956217879
0.63904356033208
0.6102224262153885
0.5812213937060509
0.5533526779224728
0.5273343003135044
0.5035066376431574
0.46688876370855176
0.3816809917114282
0.2879011189284526
0.1961564928749779
0.11074209192361763
0.034399346185966476
0.0
0.0
-0.1411046843828284
-0.24873880798318884
-0.3401871949228378
-0.42569285760558706
-0.5052077336342775
-0.5767546571639136
-0.6382293246964682
-0.6832900861157893
-0.6943185271103993
-0.6850015461612078
-0.664200363317335
-0.6375799237016404
-0.6086968435548048
-0.5797247260907145
-0.5519367545118151
-0.5260259442505673
-0.5023169241033075
-0.4613081574765915
-0.3753161978538129
-0.28165865496384335
-0.1903666195658762
-0.10559793598040039
-0.030044997255322253
0.0
0.0
0.14966021514779126
0.2544455279379696
0.34531608176237044
0.43058544828226747
0.509810463712991
0.5809428968663242
0.6418783174880318
0.6846983214166218
0.6943580753304758
0.6842400937353995
0.6630036151511646
0.6361800240781884
0.6072380325309009
0.5782937534126332
0.5505830942619593
0.5247751906294554
0.5011796334412164
0.4559622074109003
0.3692178799054076
0.27567673261598696
0.18481765817923645
0.1006671048899967
0.025870488498408353
0.0
-0.0010664616341947708
-0.1578247069412491
-0.26003163796409046
-0.35035740160727746
-0.43537660623327507
-0.5142913386666079
-0.5849911985644314
-0.6453738279551415
-0.6860065829797026
-0.6943331643735791
-0.6834376728943302
-0.6617813651602907
-0.6347647431967727
-0.6057704069270159
-0.5768581771832586
-0.5492274861197519
-0.5235241231308879
-0.5000429965584735
-0.45074805642884247
-0.36327351078619796
-0.26984431678810383
-0.17940475761117108
-0.09585404542995278
-0.021792057641648807
0.0
0.012968369571208782
0.1654268315635957
0.2666665205242739
0.3565520713472961
0.4410852036135913
0.5193657523559441
0.5892832376619956
0.648759699543069
0.6868545378240881
0.6936627964330422
0.6819092068128616
0.6598169843173274
0.6326296017157295
0.6036266406031918
0.5748008413144003
0.5473084053003316
0.5217676640419681
0.4984564508146264
0.4455444078945589
0.3573726715943133
0.26399816486152616
0.17390310353453386
0.09087668530362511
0.01747876028663599
0.0
-0.02526612617625565
-0.17324989398107807
-0.27347128567616885
-0.3628874180795048
-0.4469065590081372
-0.5245228121938772
-0.5936257598501243
-0.6521627636836891
-0.6876705103096467
-0.6929330925659943
-0.6803079619875523
-0.6577750793516065
-0.6304174725065457
-0.6014094846154174
-0.5726753483434075
-0.5453271312312349
-0.5199551481718601
-0.49681982374318573
-0.440584546291915
-0.35175382590168025
-0.25841224461463547
-0.16862191496937007
-0.08607204199390407
-0.013285905117656788
0.0
0.03703506294380973
0.18070328947792577
0.27993184435481033
0.3688847640702759
0.4524004995118679
0.5293718416009973
0.5976886030313066
0.655322539938508
0.6883815159194674
0.6921836798797837
0.6787376399577376
0.6557923466717326
0.6282784886013782
0.5992705133079659
0.5706276471688065
0.5434201003976684
0.5182116354663565
0.49524619549990584
0.4358069224313356
0.34633765613387146
0.2530242012543451
0.16352429940460927
0.08143095184260973
0.009232271392755023
0.0
-0.048327792941989856
-0.18783474480698545
-0.28610027878482003
-0.37460131493941196
-0.45762822712724904
-0.5339764363299929
-0.6015360220084482
-0.6583021940887125
-0.6890295406499801
-0.6914423839740279
-0.6772166094257134
-0.6538808484206672
-0.626220514461105
-0.597214804145047
-0.5686609710102805
-0.5415893310298048
-0.516538348490602
-0.4937362718187752
-0.431229744441165
-0.34114831165097803
-0.24786088149484506
-0.15863827665388544
-0.07698145297139039
-0.005344874375958916
0.0
0.05915707822725444
0.19467432000961496
0.2920168890639864
0.3800850762679371
0.46264369888999574
0.538394794618822
0.605228683010045
0.6611630499516289
0.6896544918892039
0.6907349023268085
0.6757611728564256
0.6520507048038479
0.6242496280561783
0.5952458151051424
0.5667771002305846
0.5398355478006712
0.5149353644754399
0.49228974852921925
0.426830596792963
0.336161372198458
0.24290053198456474
0.1539461045619814
0.07271034928842667
0.0016153096147599605
0.0
-0.06956826721069975
-0.20125356422869164
-0.29771040629300743
-0.3853633846784594
-0.4674723451124048
-0.5426496078605737
-0.6087857424887926
-0.6639200607254706
-0.6902573356185893
-0.6900539911697774
-0.6743596010550941
-0.6502880675831018
-0.6223513344852459
-0.5933492920847275
-0.5649625295272098
-0.5381462589337919
-0.5133913165260606
-0.49089640065483364
-0.4220595383627783
-0.3307500722261913
-0.23755077662224283
-0.14892565612374367
-0.06818359045875669
0.0
0.0
0.07913511814371238
0.20753065665784412
0.3032798159928087
0.3906181747973647
0.47235857058922054
0.5470339755574614
0.6125358448181717
0.6669239645058431
0.6910165507077323
0.6894699148861057
0.6730159631978019
0.648558174315393
0.620469676837276
0.5914592880983319
0.5631482914492598
0.5364536756377
0.5118419965098737
0.489496850714802
0.4170435881591039
0.32500007332243314
0.23181115790577547
0.14348602500902233
0.06322595751148785
0.0
0.0
-0.0878938772109559
-0.21337485116083776
-0.3085223008665736
-0.39560285714212157
-0.47702697273398215
-0.5512561268925567
-0.6161827437520707
-0.669885500612661
-0.6918153923256849
-0.6889716590135283
-0.671781461307985
-0.6469463768321403
-0.618706308753409
-0.5896826398219511
-0.5614396912002431
-0.5348577157139554
-0.5103799128261678
-0.48817533299245
-0.4122536241507406
-0.3194956252603108
-0.22630467643996777
-0.13825587132958644
-0.05844796503995278
0.0
0.0
0.09634025354512205
0.21901718043992865
0.31358787090785756
0.4004224772375088
0.4815438209906205
0.5553444664713388
0.6197177344148509
0.6727604810083673
0.6926006043113996
0.6885029438697507
0.6706004512333852
0.6453997762811232
0.617012191654341
0.5879746553883816
0.5597964822458237
0.5333224458880814
0.5089731842972686
0.48690369299821695
0.40767694744426136
0.31423717961312414
0.22104345589011976
0.133257468651509
0.05388033051221114
0.0
0.0
-0.10443167362294364
-0.2244259944429778
-0.31844594385623637
-0.40504619744412784
-0.48587848035567865
-0.5592693680863395
-0.6231130321884955
-0.6755237346844799
-0.6933590101601168
-0.6880581599377238
-0.6694719819171701
-0.6439201827247008
-0.6153906708667114
-0.586339433984666
-0.5582230291288724
-0.5318521994502571
-0.5076259410747347
-0.4856857660309077
-0.4032917385692173
-0.30919897706749067
-0.2160029787163686
-0.12846918782240357
-0.04950512218359994
0.0
0.0
0.11217884696028807
0.22960366288058495
0.3230957162527363
0.4094711185329521
0.49002623100234033
0.563024447029977
0.6263607614983554
0.6781661102630292
0.694082415968142
0.6876300220852871
0.668389609782061
0.6425019189796091
0.6138367590078471
0.58477260386667
0.5567155061659111
0.5304436328455892
0.5063352638251094
0.480014239037705
0.39667563479341184
0.30264176207747484
0.20986487389558817
0.1229596502833246
0.04478174989586407
0.0
0.0
-0.12090733959000677
-0.23530588750942252
-0.3281398743593329
-0.41421973882241864
-0.4944323809618964
-0.5669685562797095
-0.6297240606659094
-0.6800490672089827
-0.6942901108292211
-0.6868505022413934
-0.6670668160638027
-0.6409182925173674
-0.6121683742855083
-0.5831259047352542
-0.5551517305825349
-0.5289950057058254
-0.5050156914677117
-0.4738904352261781
-0.38967322938447646
-0.29575061946713394
-0.20344871885942023
-0.11723345573180062
-0.03990737683306564
0.0
0.0
0.13032194668202002
0.24155392919334143
0.3337340763101214
0.4195397893871515
0.4994214883176686
0.5714916675676386
0.6336462038783304
0.6815223727804123
0.6942704341805972
0.6859597635132664
0.6657053819336458
0.6393400601286453
0.610530869629036
0.5815236519397586
0.553638427659791
0.5275982171001388
0.5037465435370294
0.46801060767115443
0.38296015749008844
0.28915548846496036
0.19731972894109157
0.11177541382459869
0.03527382956560174
0.0
0.0
-0.1393747164764662
-0.24758544281414507
-0.3391509270898403
-0.42470452362899
-0.5042781019102246
-0.5759088743613153
-0.6374925662153347
-0.6830056176591851
-0.6943103333489351
-0.6851550464221946
-0.6644417435429645
-0.6378623269369943
-0.6089911550231294
-0.5800134346777787
-0.5522098727831752
-0.5262783047313113
-0.5025463946538202
-0.4623918917766773
-0.3765521740261951
-0.282870505689483
-0.19149016451691792
-0.10659569436633033
-0.03088903424928742
0.0
0.0
0.1479962175194787
0.25333680009124715
0.3443203506580677
0.4296361133634237
0.5089178453796306
0.5801311464010163
0.6411716083299913
0.6844264553753907
0.6943517572872207
0.6843891252928078
0.6632370121955776
0.6364527322931173
0.6075220629189073
0.5785722773198287
0.5508465186976541
0.5250185575312043
0.5014009030886662
0.45700508236038284
0.3704074854923193
0.276843467454645
0.18589975246462592
0.10162844852425475
0.026684144997284137
0.0
0.0
-0.15625639751759465
-0.25884550200485884
-0.3492706655798086
-0.43435794104773995
-0.5133595557588022
-0.5841724880246191
-0.644692208276505
-0.6857845238180327
-0.6943889630780488
-0.6836533598479014
-0.6620812242079849
-0.6351009647613997
-0.6061135187481075
-0.5771906734764256
-0.5495395964361026
-0.5238110113299469
-0.5003029144778742
-0.45184602424529363
-0.36452241040961836
-0.2710706796603556
-0.18054473146127997
-0.09686988743070397
-0.022655406948336787
0.0
0.010468421276880913
0.16383719140243097
0.2652837913112158
0.3552645271123235
0.43990189229701127
0.5183172482556634
0.5884001133115105
0.6480673853725732
0.6866886377029374
0.693811400521878
0.6822351409192059
0.6602325726320258
0.633079816320013
0.6040778678041436
0.5752334075112324
0.5477116173130264
0.522136529498585
0.49878951962301166
0.4465492544953531
0.35851195660203694
0.2651321169372062
0.1749766094386857
0.09185476876068897
0.018333807849891914
0.0
-0.022831367832047644
-0.17169870885556196
-0.27212067883733443
-0.3616290759447159
-0.44574947564871903
-0.5234968865940266
-0.5927608797237097
-0.6514838066902584
-0.6875053729355645
-0.6930750717109058
-0.6806232394027064
-0.6581781111202025
-0.6308545567954249
-0.6018478066464834
-0.5730956914759182
-0.5457190400466689
-0.5203137299033296
-0.4971436429704107
-0.44156458268950133
-0.35286366020161497
-0.2595152036626534
-0.1696643471832402
-0.08702006139028444
-0.014112856950429423
0.0
0.03472125941599716
0.17924152664019946
0.27866717850696254
0.36771258507287685
0.4513284440019172
0.5284274841092793
0.5968994576216468
0.6547113096965665
0.6882488723594237
0.6923361904005302
0.6790501733461138
0.6561849986569004
0.6287011766957054
0.5996927077980173
0.5710315397623854
0.543796071933048
0.5185552596515716
0.4955562675340556
0.43675016332764904
0.34740735008488915
0.25408864479640403
0.1645316476119681
0.0823483546527542
0.010033819863596097
0.0
-0.046095629290407364
-0.18642581016822438
-0.28488202981766575
-0.3734726053965589
-0.4565962946898941
-0.5330677732310491
-0.6007770686573669
-0.6577147557405096
-0.688902229517936
-0.6915892190778543
-0.6775172809668581
-0.6542585317887838
-0.6266270582458002
-0.5976208565448771
-0.5690494115389565
-0.5419509127631701
-0.5168688172002156
-0.4940344705242409
-0.43213313801388964
-0.34217242734541514
-0.24887978693952953
-0.159602394203231
-0.07785937041693843
-0.0061118209324918515
0.0
0.057017990297285354
0.19332321241136052
0.2908480397993913
0.37900168570600196
0.4616527735144475
0.5375217863974566
0.6044989971663675
0.6605976527745088
0.6895308027346063
0.6908744480612934
0.6760484938147968
0.6524120674654115
0.6246388129321796
0.5956346429329992
0.5671491295550031
0.5401818935479066
0.5152519335950516
0.4925754211491954
0.42771236367065396
0.33716095954934333
0.24389392313619637
0.15488474214656978
0.07356363309534772
0.0023591972164034025
0.0
-0.0674764941989345
-0.19992924192830003
-0.2965630191886213
-0.3842988539962783
-0.466497849983532
-0.5417903102124302
-0.6080667388431682
-0.6633620886621385
-0.6901352798345511
-0.6901917182062992
-0.6746431649052648
-0.6506447014081693
-0.6227354247991169
-0.5937330291346681
-0.5653296874902174
-0.5384880693036089
-0.5137037399923422
-0.4911783321015558
-0.42302558187170985
-0.33184688598822576
-0.23863634761295555
-0.14994564840560004
-0.06910453733569233
0.0
0.0
0.07746893799160973
0.20641386757074698
0.3022749109668355
0.389660480446697
0.47145963666450036
0.5462189112848019
0.6118295830391235
0.6663478519771859
0.6908567389124523
0.6895600413557166
0.6732482082180723
0.6488635074483836
0.6208046658810878
0.5917973033281939
0.5634736519886343
0.5367577637881498
0.5121206871574391
0.48974881841971996
0.417980239619417
0.3260765201208178
0.2328867800742057
0.14450618245607247
0.06415632397364154
0.0
0.0
-0.08625711071703962
-0.21228370360488452
-0.3075441424970097
-0.3946733142441624
-0.4761569196828432
-0.5504697986819379
-0.6155041855632789
-0.6693352187029562
-0.691668792518661
-0.6890670644795697
-0.6720141272202788
-0.647249275766121
-0.6190373000842051
-0.5900159148157068
-0.5617600801201004
-0.5351569092394086
-0.5106539626508698
-0.48842300610339273
-0.4131447700460845
-0.3205199716286645
-0.22733007471730013
-0.1392305624767942
-0.059339171575781585
0.0
0.0
0.09476147929861534
0.2179616554266206
0.3126396687625887
0.3995198656103463
0.4806974720493147
0.5545779321067571
0.6190544058498202
0.6722203584622609
0.6924515590605208
0.6885886470233225
0.6708195907872702
0.6456874927384921
0.6173276811211634
0.5882929034088071
0.5601027626793487
0.5336086692856926
0.5092354821876081
0.4871408270156553
0.4085297698563184
0.3152168042449743
0.22202336841810433
0.13418820820274663
0.05473063860731445
0.0
0.0
-0.10292431711043074
-0.22341833978524317
-0.31754088401923275
-0.4041848071619727
-0.485070960068962
-0.5585382089742915
-0.6224805652541704
-0.6750090467957848
-0.6932179285902402
-0.6881412839383518
-0.669682495346946
-0.644196109674762
-0.6156930264294167
-0.5866443233531466
-0.5585163896268706
-0.5321263103733123
-0.5078771148466396
-0.48591282775893935
-0.40410987676697413
-0.31013899956281243
-0.2169434550770878
-0.12936263112355637
-0.05032151059145454
0.0
0.0
0.11073374097736285
0.22863799813328012
0.3222285941564062
0.40864599048149597
0.48925284490484156
0.5623243374803714
0.6257553091922567
0.6776735853403453
0.6939477176007864
0.6877100415565839
0.668591610307022
0.6427665377508449
0.6141266564340014
0.5850648950704476
0.5569967242444596
0.5307063855809857
0.5065760220167281
0.4811088163587753
0.39792932584978036
0.30387889065722246
0.21102040451558718
0.12399479655717037
0.045667088508834094
0.0
0.0
-0.11926845811708292
-0.23423612426224666
-0.3271941029687105
-0.4133297444966641
-0.49360689280570186
-0.5662299522234285
-0.629094569320862
-0.679837502280295
-0.694331641697978
-0.6870380690721244
-0.667331665044882
-0.6412169740510574
-0.6124740702844854
-0.5834226541526693
-0.5554305938878414
-0.5292515253539675
-0.5052482175817491
-0.4749502466977812
-0.3908862099057595
-0.29694640573894404
-0.20456435751611468
-0.11823149569634192
-0.04075947461852883
0.0
0.0
0.12868544059019005
0.2404679291897016
0.33276126902947245
0.4186139357122484
0.4985523157776839
0.5707025618471167
0.6329605828134085
0.6812595676219464
0.6942657665315961
0.6861060473228169
0.6659335799524496
0.6396063595968505
0.6108080582330484
0.5817953730853112
0.5538953623740595
0.5278355539907286
0.5039623089245922
0.4690099116124645
0.38409930776819057
0.2902726496743963
0.19835590424759358
0.11269608450012797
0.03605323562668712
0.0
0.0
-0.13783690372816534
-0.24655839299086124
-0.33822705709347484
-0.42382261657523157
-0.5034478783334975
-0.5751528214911231
-0.6368331999136823
-0.6827497941797704
-0.694301094012829
-0.6852902064374545
-0.6646554659521046
-0.6381128109613704
-0.6092524205124298
-0.5802698492150515
-0.5524525140108737
-0.5265025496538366
-0.5027503283507632
-0.46335284699004015
-0.377648156838975
-0.28394522806774447
-0.19248672899105485
-0.10748085664441376
-0.031638007060085654
0.0
0.0
0.1465251134972821
0.252355961490804
0.3434390956998187
0.4287956625176692
0.5081273806976547
0.5794120710554672
0.6405453448397144
0.6841852678531433
0.6943457447979182
0.6845207115556223
0.6634433417824149
0.6366939085854789
0.6077732994988212
0.5788186696802633
0.5510795692932009
0.5252338730439798
0.5015966745178917
0.45792542063523645
0.3714574211113743
0.27787344101412603
0.186855257143896
0.10247759446114962
0.02740312810715491
0.0
0.0
-0.15484416350950378
-0.2579036400566573
-0.3484242398108314
-0.43355055129194664
-0.5126000300019411
-0.5834813869286019
-0.6440901141940106
-0.6855521340984218
-0.6943823960010651
-0.6837789533894968
-0.6622786408930557
-0.6353319030503637
-0.6063541802867494
-0.5774267451672306
-0.5497629152636299
-0.5240173542153455
-0.5004905394499594
-0.45272725288807314
-0.36552761399826056
-0.2720566771882138
-0.18145934955987017
-0.09768260853302255
-0.023343456344487687
0.0
0.008454502744355302
0.16254941758006197
0.2641589399234054
0.3542136224707203
0.43893280965797193
0.5174551553329865
0.5876701951058415
0.647490702123842
0.6865427059017519
0.6939232539895765
0.6824927685693108
0.6605643402915852
0.6334407263249524
0.6044403981119075
0.575581416116048
0.5480362968761813
0.5224337319067154
0.4990579947365274
0.44735023351571257
0.3594200851672269
0.2660365895574341
0.17583359137930166
0.09263635232981554
0.019017912756752256
0.0
-0.020876632194084283
-0.1704499834156585
-0.271031300294738
-0.3606125732780701
-0.44481333500175346
-0.5226653502354505
-0.5920581879131022
-0.6509301848939193
-0.6873671685826275
-0.6931853678639743
-0.6808739538820846
-0.6585001327510254
-0.6312044822131098
-0.602199097724541
-0.5734327916803033
-0.5460334698387754
-0.5206015045035354
-0.4974035725556043
-0.4423498036642929
-0.35375260831704747
-0.26039844376380467
-0.17049893581726072
-0.08777888821995769
-0.01477460586125276
0.0
0.032871959986376376
0.17807325320920947
0.27765647972539353
0.3667758612298433
0.4504718057282852
0.5276729743661389
0.5962690680110233
0.6542231837174671
0.6881433825161082
0.6924586609604939
0.6793005473710342
0.6564993856802922
0.6290395334638731
0.6000306263416924
0.5713547845250933
0.5440969554311288
0.518830246475192
0.49580439792865016
0.43750517133477373
0.3482637088257986
0.2549409348944335
0.16533835491446425
0.08308316362845763
0.010675968228565078
0.0
-0.044310131673748865
-0.18529887973517956
-0.28390766220851665
-0.37256988407687025
-0.45577100377902235
-0.5323410990823306
-0.6001701560201026
-0.6572450415497658
-0.6888005140140075
-0.691706754668527
-0.6777578443449094
-0.6545606793572004
-0.6269522793518045
-0.5979456764963096
-0.5693601382315248
-0.5422401513203453
-0.5171331658412152
-0.49427300457884465
-0.43285519227780556
-0.342990968462775
-0.24969420016366947
-0.16037305992875936
-0.07856118017021146
-0.006724971904150959
0.0
0.0553088857439927
0.19224355177733515
0.28991392730196064
0.3781357998767362
0.4608607237434689
0.5368239188109332
0.6039156209438008
0.6601455308356842
0.6894317258894757
0.6909857768296056
0.6762779494339116
0.6527007190589795
0.6249497191735026
0.595945280555648
0.5674463564324467
0.5404586068700461
0.5155048605658155
0.4928036653400033
0.42840418869531266
0.3379451909967097
0.24467409255117045
0.15562288360693377
0.0742356995460315
0.0029462304267295764
0.0
-0.06584042106376525
-0.19889587729458466
-0.29566907367754525
-0.38347029182909464
-0.4657400315611794
-0.5411227031500602
-0.6075087740304871
-0.6629298009137702
-0.6900408671474113
-0.6902986528295681
-0.6748631238138862
-0.6509212815860022
-0.623033271043915
-0.5940305866561291
-0.5656143806096673
-0.5387531027058544
-0.5139459840279113
-0.49139693140146823
-0.4237741241259433
-0.33269566803515926
-0.23947524045015295
-0.15073266288079074
-0.06981391715301
0.0
0.0
0.07618144174593061
0.2055502512957062
0.30149743030326226
0.38891926451132214
0.4707636708386813
0.5455876519205405
0.6112823496705369
0.6659011925104692
0.6907324935828093
0.6896293870161894
0.6734276522685926
0.6490995926792028
0.6210637565913533
0.5920587747014847
0.5637253575572049
0.5369930266891713
0.5123363096568351
0.4899437710312591
0.418707037583033
0.326911869003779
0.23372145907372388
0.1452977683222852
0.06487817483755776
0.0
0.0
-0.08498820713511449
-0.2114379116814125
-0.30678601220288937
-0.3939529264413846
-0.4754826982680367
-0.5498605255180702
-0.6149784942985849
-0.6689089983589667
-0.6915554733581899
-0.6891413145611202
-0.6721947497356904
-0.6474843132222499
-0.619294087600918
-0.590274448100421
-0.562008602179846
-0.5353889811358903
-0.5108665259177554
-0.48861510696454047
-0.41383562948258945
-0.3213141225068698
-0.22812509095285632
-0.1399863179737033
-0.06003025002740356
0.0
0.0
0.09353734458640242
0.2171431614582086
0.31190435020173035
0.3988198656123926
0.4800410700665864
0.5539833939814336
0.6185398733499395
0.6718013445661576
0.6923358202800534
0.6886549590983528
0.67098939124671
0.6459104855948243
0.6175722239754107
0.5885395976333888
0.5603401876839568
0.5338305509323062
0.5094388195628974
0.48732465880847897
0.40919074375076775
0.3159760417669981
0.22278282282691841
0.13490954793241006
0.05538963877647966
0.0
0.0
-0.101756155219457
-0.22263740064106513
-0.316839437515879
-0.40351719318237983
-0.4844450867599958
-0.5579715090894719
-0.6219903473618161
-0.6746101052966597
-0.6931085583998514
-0.6882056898537219
-0.6698456385223567
-0.6444099546345522
-0.6159273571796668
-0.5868806196930147
-0.5587437518939079
-0.532338754351756
-0.5080717822681311
-0.48608880786118724
-0.40474393524857494
-0.31086752288896924
-0.21767233633725935
-0.1300550676606113
-0.050954234663817904
0.0
0.0
0.10961389037611577
0.2278896746591301
0.321556631953531
0.4080065694011843
0.488653519379196
0.5617817956797503
0.6252861199971492
0.6772919071494921
0.6938433353502533
0.6877720537778871
0.6687481510451021
0.6429716040712312
0.6143513121981181
0.5852914057571004
0.5572146537499096
0.5309100053510475
0.5067625971244673
0.48195697602922266
0.39890078144264973
0.3048375191584474
0.21191581189124192
0.12479692759660801
0.04635314287802403
0.0
0.0
-0.11799857870401426
-0.2334072133963101
-0.3264612615340539
-0.41264011807520173
-0.49296724594305114
-0.5656576251092487
-0.6286067864598411
-0.6796735563341906
-0.6943638115372185
-0.6871833979501988
-0.6675368781028375
-0.641448403712924
-0.6127109361107965
-0.5836525884237601
-0.5556466696017838
-0.5294502884400735
-0.5054283895348581
-0.47577139635085947
-0.391826036868732
-0.29787291321819775
-0.20542876898942275
-0.1190047935705841
-0.04141969777907638
0.0
0.0
0.12741750085530662
0.23962650412400938
0.33200753938964755
0.41789658179013944
0.4978788750735742
0.5700911539147032
0.6324293521289837
0.6810559360450809
0.6942621411141582
0.6862193801869619
0.6661103809175024
0.6398126824249912
0.6110228187218983
0.5820058980538244
0.5540944314000394
0.528019439134494
0.5041294809150104
0.4697841322869535
0.38498187646959714
0.2911381840332879
0.19915869598962715
0.11340938972873038
0.03665709627227913
0.0
0.0
-0.13664549099161774
-0.24576268507676846
-0.3375112840916228
-0.42313935193780805
-0.5028046535219731
-0.5745670588479175
-0.6363223439721502
-0.6825515864610423
-0.6942939297188842
-0.6853949171801248
-0.6648210440578041
-0.6383068709412357
-0.6094548340143338
-0.5804685048644115
-0.5526404990999753
-0.5266762824386123
-0.5029083251909956
-0.464097324143862
-0.3784972438887319
-0.2847778454673307
-0.19325879686313585
-0.10816661964639859
-0.03221826165438127
0.0
0.0
0.14538542667437226
0.2515960865268215
0.34275636754372696
0.42814454440737304
0.5075149864722294
0.5788549824077596
0.6400601584557484
0.6839984094835687
0.6943410826125169
0.6846226508616885
0.663603186949106
0.6368807507143294
0.6079679359227418
0.5790095534850842
0.5512601171927953
0.5254006813978727
0.5017483418206619
0.45863840843586884
0.3722708085725621
0.2786713647954812
0.1875954907625264
0.1031354326945732
0.027960129750945473
0.0
0.0
-0.15375011434287583
-0.2571739823245625
-0.34776851441020784
-0.43292506579807766
-0.5120116236539278
-0.5829459881739095
-0.6436236682875407
-0.6853720985393628
-0.6943773056020808
-0.6838762481543526
-0.6624315773502936
-0.6355108089671107
-0.606540619048735
-0.5776096283903244
-0.549935919034492
-0.524177206891881
-0.5006358915065425
-0.4534099267938536
-0.3663063295781048
-0.2728205148047792
-0.18216789136697203
-0.09831221299436915
-0.023876480158765853
0.0
0.006894367003556584
0.16155180677235104
0.2632875400805673
0.35339950656862046
0.43818207868499226
0.5167873063207096
0.5871047384804903
0.6470439529583489
0.6864296522935398
0.6940099022074335
0.6826923456629637
0.6608213525593735
0.6337203148776768
0.6047212421034518
0.5758510106068905
0.548287818960338
0.5226639680964436
0.49926597655314764
0.4479707298945286
0.36012358748456175
0.2667372601835427
0.1764974727880268
0.09324182516275077
0.019547871957159763
0.0
-0.019362364161935347
-0.16948263628338628
-0.27018739309458506
-0.3598251200349794
-0.4440881351049592
-0.5220211834692217
-0.591513832507539
-0.6505013089557843
-0.6872601040206661
-0.6932708092336752
-0.6810681732174357
-0.6587495917266747
-0.631475557555732
-0.6024712311441903
-0.5736939319910312
-0.5462770481873023
-0.520824433989933
-0.4976049314484322
-0.4429580852578241
-0.3544412435206165
-0.2610826574415114
-0.17114546129764802
-0.08836672411208474
-0.015287239327725827
0.0
0.03143938526775891
0.1771682398494458
0.2768735323692961
0.3660502188264673
0.4498082020070535
0.5270884851567023
0.5957807293582986
0.6538450507032301
0.6880616626011261
0.6925535330118494
0.6794945012565395
0.6567429279911595
0.6293016442765548
0.6002923977647593
0.5716051888305743
0.5443300374229059
0.5190432674041168
0.49599661430390163
0.43809004285998343
0.3489270923687604
0.25560116683816414
0.16596327608432032
0.0836523885224587
0.011173413190536136
0.0
-0.042926991465143505
-0.18442589961916614
-0.2831528649466936
-0.371870587567469
-0.4551316887589772
-0.531778177662467
-0.5997000080832798
-0.6568811747118848
-0.6887217189153954
-0.6917978033898553
-0.6779441971116394
-0.6547947386350647
-0.6272042127029823
-0.5981972991499857
-0.5696008435379696
-0.5424642108029322
-0.5173379442914118
-0.49445778569225035
-0.4334145323091582
-0.34362505216537553
-0.2503250863287551
-0.1609700572022088
-0.07910483823768767
-0.00719995048155625
0.0
0.05398493054717873
0.19140719388076027
0.289190317810632
0.3774650419032991
0.4602471626325179
0.5362833156930444
0.6034637083294668
0.659795294131348
0.6893549754753564
0.6910720170933088
0.6764556966688784
0.6529243224831389
0.6251905621993865
0.5961859155398346
0.5676766028276233
0.5406729624830467
0.5157007901225373
0.4929804744187716
0.42894010908008773
0.3385526937899771
0.24527844879563543
0.15619468311184576
0.07475631431799877
0.0034009745111175937
0.0
-0.06457304443089856
-0.19809538575249033
-0.29497658236536195
-0.38282844931406157
-0.4651529902807407
-0.5406055436285188
-0.6070765483433318
-0.6625949303826885
-0.6899677303154531
-0.6903814889827283
-0.6750335138478207
-0.6511355331115276
-0.6232639962821073
-0.5942610882656892
-0.565834916884765
-0.5389584096778886
-0.5141336373228163
-0.49156626840834716
-0.4243539782019635
-0.3333531723233342
-0.24012508419293788
-0.15134231942309426
-0.07036343451847228
0.0
0.0
0.07518409129562845
0.20488125641071778
0.30089515967450664
0.3883450860272901
0.4702245449875383
0.5450986504563066
0.6108584383623036
0.6655551901042223
0.6906362474110693
0.689683104988729
0.6735666573345632
0.6492824745249224
0.6212644595176954
0.5922613218140531
0.563920339664393
0.5371752715966441
0.5125033402569553
0.49009478983694693
0.41927004628407993
0.32755896590693295
0.23436803713051657
0.14591096467722015
0.06543735155564445
0.0
0.0
-0.08400526134046538
-0.21078272572765774
-0.3061987325404884
-0.3933948836412435
-0.47496041784630705
-0.5493885567034313
-0.6145712715063594
-0.6685788299017925
-0.6914676914052387
-0.6891988316899611
-0.672334667464134
-0.6476663830777812
-0.6194930059848325
-0.5904747188405309
-0.5622011178110629
-0.5355687537832482
-0.5110311863629191
-0.48876391637129574
-0.414370797733184
-0.3219293045970309
-0.2287409434400493
-0.14057175752913714
-0.06056558812501785
0.0
0.0
0.09258907998853008
0.21650912259248126
0.31133474234039427
0.3982776169110932
0.47953259413559185
0.5535228402942833
0.6181412952673487
0.6714767590813414
0.6922461641587152
0.6887063270531297
0.6711209255625343
0.6460832249346917
0.6177616568374849
0.58873069704365
0.5605241067835214
0.5340024295155094
0.5095963329983286
0.4874670624243664
0.40970276075581846
0.3165641777496432
0.2233711268546988
0.13546832683215748
0.055900126975993114
0.0
0.0
-0.10085125044607002
-0.22203245397014687
-0.31629606897628243
-0.40300003263860096
-0.48396026018448657
-0.5575325205940247
-0.6216106048594469
-0.6743010691259904
-0.693023835786692
-0.6882555811896428
-0.6699720157075413
-0.6445756074624722
-0.6161088791289531
-0.5870636642726759
-0.5589198757876426
-0.5325033219454437
-0.5082225794319273
-0.4862251290816048
-0.405235102035242
-0.3114318658913714
-0.21823695663454312
-0.13059145645970965
-0.051444367849208986
0.0
0.0
0.10874641013614039
0.22730999386648504
0.32103610357400253
0.4075112486351405
0.4881892581908396
0.5613615213850345
0.6249226675054276
0.6769962441163376
0.6937624766916355
0.687820090843433
0.6688694136320962
0.6431304564923728
0.6145253393790997
0.5854668698381067
0.5573834705130742
0.5310677372320307
0.506907125540668
0.48261399356780155
0.3996533088159755
0.3055801101885844
0.2126094293966832
0.12541828963783921
0.04688458742459041
0.0
0.0
-0.1170148808689993
-0.23276510685682722
-0.3258935740812286
-0.4121059066335196
-0.49247175059542553
-0.5652142782421686
-0.6282289308457406
-0.6795465573901139
-0.6943887315100498
-0.6872959753183301
-0.6676958440887837
-0.6416276781029405
-0.6128944215681492
-0.5838307044315901
-0.5558140502347585
-0.5296042580404591
-0.5055679577225953
-0.47640749057930065
-0.3925540631295761
-0.2985906217062408
-0.20609837552770005
-0.11960382000971165
-0.041931132189726134
0.0
0.0
0.1264353059366579
0.23897470384688846
0.3314236713458893
0.4173408917641121
0.49735720190620736
0.569617533712475
0.6320178403044266
0.6808981951298096
0.6942593326889615
0.6863071721621103
0.6662473377355127
0.6399725080203311
0.6111891804577976
0.5821689787950786
0.554248637928794
0.5281618836445886
0.5042589787737769
0.47038387330461434
0.3856655480257071
0.29180866014295215
0.19978056927164756
0.11396194333475851
0.03712486991528342
0.0
0.0
-0.1357225771022094
-0.24514629925479253
-0.3369568188968826
-0.42261006895595565
-0.5023063869135613
-0.574113304628079
-0.6359266153460051
-0.6823980471343332
-0.6942883799543185
-0.6854760301098057
-0.6649493071825919
-0.6384571972199752
-0.6096116312537547
-0.5806223911293218
-0.5527861195418018
-0.5268108625009066
-0.5030307155889852
-0.46467402455166784
-0.3791549791151203
-0.2854228226800441
-0.19385687010774622
-0.10869783785138314
-0.032667749026045426
0.0
0.0
0.14450258184844753
0.2510074584162268
0.3422275002799023
0.42764016348257305
0.5070406025387478
0.5784234402779138
0.6396843145561637
0.6838536618440962
0.694337471088234
0.6847016169203791
0.6637270090977491
0.6370254857411625
0.6081187087092931
0.5791574193510847
0.5513999764735781
0.5255298975035749
0.5018658290916073
0.4591907158930598
0.37290088942545563
0.27928946689827966
0.18816890387641375
0.10364501921457688
0.02839160441841615
0.0
0.0
-0.15290262231254245
-0.25660876172424274
-0.3472605645949354
-0.4324405409583784
-0.5115558217252069
-0.5825312479374203
-0.6432623415442313
-0.6852326361386191
-0.6943733623731604
-0.683951616366211
-0.6625500477331943
-0.6356493962815628
-0.6066850415924634
-0.5777512966794176
-0.5500699343252103
-0.5243010348458109
-0.5007484867297538
-0.453938751888032
-0.36690955219592447
-0.27341221239096813
-0.1827167547254101
-0.09879992849430957
-0.024289380629579596
0.0
0.00568582676407986
0.16077901964270497
0.2626125207395139
0.35276886153404596
0.43760053401450266
0.5162699651542997
0.5866667143341632
0.6466978841064276
0.6863420766705853
0.6940770231901086
0.6828469456347321
0.6610204439953105
0.6339368947607549
0.6049387944979823
0.5760598487126091
0.5484826574955466
0.5228423177716387
0.49942708714795325
0.4484513898779591
0.36066854701068596
0.26728002617647073
0.1770117404627137
0.09371084734562594
0.019958398423501056
0.0
-0.018189354873862
-0.16873329260277373
-0.2695336706506868
-0.35921512895902474
-0.4435263678237254
-0.5215221875143529
-0.5910921542067706
-0.6501690854176975
-0.6871771677518418
-0.6933369953442368
-0.6812186228568413
-0.6589428320823105
-0.631685542767806
-0.6026820359833756
-0.5738962211526442
-0.5464657331889843
-0.5209971236021436
-0.49776091166307046
-0.443429283173974
-0.35497468638073265
-0.26161267522168485
-0.17164628437677695
-0.08882208401879291
-0.015684344593818136
0.0
0.03032965877659216
0.1764671823109807
0.27626703176617023
0.36548810880293425
0.4492941494890811
0.5266357177272719
0.5954024437816384
0.6535521345769196
0.6879983592622334
0.6926270244832682
0.6796447452610663
0.6569315850641615
0.6295046852130982
0.6004951757976519
0.571799161464998
0.5445105915388881
0.5192082814630474
0.49614551236966653
0.4385431064298123
0.34944097431262616
0.2561126074351145
0.16644736362332038
0.08409333162378989
0.011558752846643622
0.0
-0.04185555885562403
-0.18374965626965226
-0.28256817049523425
-0.37132888609262926
-0.4546364512089378
-0.5313421174779286
-0.5993358137399469
-0.6565993097190707
-0.688660681254032
-0.6918683331636107
-0.6780885529971573
-0.6549760497854031
-0.6273993697855615
-0.5983922155548034
-0.5697873029537024
-0.5426377757353015
-0.5174965734083824
-0.49460092411737067
-0.43384781820382434
-0.34411623732836116
-0.2508137945591242
-0.16143251381898727
-0.07952597629339594
-0.007567886813194188
0.0
0.05295934491156476
0.19075931950431613
0.2886297826008017
0.3769454474720972
0.45977187504794476
0.5358645441215141
0.6031136397671993
0.6595239875641475
0.6892955217065434
0.6911388220528901
0.6765933863808999
0.6530975341295392
0.6253771282918842
0.5963723204755733
0.5678549603705567
0.5408390104267499
0.5158525645480253
0.49311743740080116
0.42935525322182944
0.33902328836509454
0.24574660593578596
0.156637620574134
0.07515960215617636
0.0037532364308048155
0.0
-0.0635912867061989
-0.1974752948210682
-0.2944401524833496
-0.38233125389948197
-0.464698245968318
-0.5402049323610765
-0.6067417300261713
-0.6623355270400286
-0.6899110757658452
-0.6904456569890461
-0.6751655043918627
-0.6513015004210548
-0.6234427247508046
-0.5944396435033442
-0.5660057525986847
-0.5391174481994863
-0.5142790006405096
-0.49169744323873876
-0.42480315502854094
-0.3338624999315703
-0.24062847765425513
-0.1518145823643025
-0.07078911138651107
0.0
0.0
0.07441150604450747
0.20436302775584708
0.30042861814295513
0.3879003057295197
0.46980691778013256
0.5447198514881016
0.6105300606822159
0.6652871635961446
0.6905616914972037
0.6897247169542082
0.6736743358977193
0.6494241416957605
0.6214199315694641
0.5924182224420764
0.5640713801541535
0.5373164453714292
0.5126327284558039
0.4902117746962978
0.41970617404263266
0.32806023155609165
0.23486890086204876
0.146385969684734
0.06587051091686191
0.0
0.0
-0.0832438344870719
-0.2102751939975218
-0.3057438035822646
-0.3929626026580565
-0.4745558397489304
-0.5490229518727178
-0.6142558213844089
-0.6683230689714463
-0.6913996921957246
-0.6892433866250189
-0.6724430530090594
-0.6478074212489524
-0.6196470956610947
-0.5906298561029124
-0.5623502476738763
-0.5357080124505673
-0.5111587385489306
-0.48887918974562034
-0.4147853592255267
-0.3224058478245668
-0.22921800598262648
-0.14102526106904734
-0.06098028118807736
0.0
0.0
0.09185451850293322
0.21601797219773206
0.3108935026290045
0.39785757063572813
0.47913870952045323
0.5531660780547254
0.617832541666111
0.6712253229341735
0.6921767131484803
0.688746118605967
0.6712228169992847
0.6462170353356793
0.6179083986698115
0.5888787298470327
0.5606665774477232
0.5341355731420901
0.5097183488402047
0.4875773736307216
0.4100993884181155
0.31701977003981635
0.22382684931911984
0.13590117802021162
0.05629557036844861
0.0
0.0
-0.10015027711851168
-0.22156383948863057
-0.31587515523493276
-0.4025994205980223
-0.48358469525374986
-0.5571924635668846
-0.6213164420104617
-0.674061678065223
-0.6929582064583736
-0.6882942288977495
-0.6700699122360412
-0.6447039283835324
-0.6162494928693032
-0.5872054574999032
-0.5590563079908443
-0.5326308022032779
-0.5083393925959994
-0.48633072863458604
-0.40561557833088263
-0.3118690272403749
-0.218674332786716
-0.1310069634299963
-0.05182404347873171
0.0
0.0
0.10807442726498712
0.22686095128818207
0.3206328826830125
0.40712755451103
0.4878296239855381
0.5610359610844583
0.6246411235138598
0.6767672123929451
0.6936998405284912
0.6878573021637678
0.6689633481997819
0.6432535095616234
0.6146601473889762
0.5856027909248872
0.5575142423370641
0.5311899222887274
0.5070190826961797
0.4831229441014582
0.40023624486528614
0.30615534917227777
0.21314673164353282
0.12589962008051397
0.047296264389000725
0.0
0.0
-0.11625287147355351
-0.23226770694527082
-0.32545382199721623
-0.41169208632860294
-0.49208792123522027
-0.5648708450592139
-0.6279362296541527
-0.6794237281310882
-0.694394147238637
-0.6873760550485971
-0.6678161108608737
-0.6417662827251792
-0.6130378216976592
-0.5839707867318208
-0.5559462180778801
-0.5297261646793225
-0.5056786704682472
-0.47691597796345714
-0.3931358034020265
-0.29916368100964347
-0.20663255095036695
-0.12008119436847611
-0.042338175566744754
0.0
0.0
0.1256512191120544
0.2384542222459518
0.3309574340642062
0.41689722582006833
0.49694080544393177
0.5692396379217998
0.6316896837507157
0.6807732466242725
0.6942583888197941
0.6863786872723342
0.6663581175783313
0.6401014918603581
0.6113232921216866
0.5823003630104437
0.554372823587699
0.5282765667584076
0.5043632192550761
0.4708668480764139
0.3862164437906236
0.2923492874891783
0.20028237948807145
0.1144081992230214
0.037503059078655504
0.0
0.0
-0.13497923159847647
-0.2446503047140473
-0.3365109299927656
-0.42218462627224795
-0.5019060508234827
-0.5737489105937814
-0.6356090120538229
-0.6822751186813919
-0.6942843865548195
-0.6855416651665622
-0.6650528048287134
-0.6385783907187179
-0.6097379882078152
-0.5807463723112479
-0.5529034234090394
-0.526919261851364
-0.5031292896626899
-0.4651373478655584
-0.3796834018519981
-0.2859410407238091
-0.19433745843477324
-0.1091247656616189
-0.03302905973484778
0.0
0.0
0.14379265022470636
0.2505340234688087
0.3418020694658366
0.4272343827194249
0.5066589092334234
0.5780761692593296
0.6393818106346315
0.6837370341896687
0.6943343712870511
0.684764949643675
0.6638264362191465
0.637141749767205
0.6082398448892037
0.5792762323918449
0.5515123634446687
0.5256337364725453
0.5019602455646632
0.45963461635843716
0.3734072764682048
0.279786200533437
0.188629696117124
0.10405449244276951
0.02873828166209559
0.0
0.0
-0.15222164959189174
-0.25615460640387955
-0.346852432704585
-0.4320512364614973
-0.5111896014525972
-0.5821980260438196
-0.6429720424783072
-0.6851206124241794
-0.6943702311424705
-0.6840122119452072
-0.6626452743576766
-0.6357607844339646
-0.6068011155160008
-0.5778651546058939
-0.5501776401712067
-0.5244005524273778
-0.5008389762814137
-0.45436382323779767
-0.3673944312925778
-0.2738878321005042
-0.18315794745767905
-0.09919197273714274
-0.0246212897356326
0.0
0.004714409587756152
0.16015787086625272
0.26206996342376615
0.35226197641639784
0.43713311881458117
0.5158541587414952
0.5863146639035536
0.6464197472531263
0.6862717032181402
0.6941309861644009
0.6829712186620028
0.6611804757776901
0.6341109816334035
0.6051136618367815
0.5762277108371849
0.5486392664577007
0.5229856729045532
0.49955658555892085
0.44889394718340686
0.3611704316538111
0.26777618907066375
0.1774773612264004
0.09413068779705587
0.020320699416144866
0.0
-0.01715564056168639
-0.16807652179948876
-0.26896287537743
-0.358684050738949
-0.44303869169957255
-0.5210904943617459
-0.5907290187670765
-0.6498849525934273
-0.6871098659155154
-0.6933991943498862
-0.6813537965299635
-0.6591148555511837
-0.6318717468493923
-0.6028685768353054
-0.5740749996021056
-0.5466323505148937
-0.5211495298259933
-0.4978985159377663
-0.4438468117325646
-0.35544778874492833
-0.2620830815110723
-0.17209109802531858
-0.08922682688295153
-0.01603761679897278
0.0
0.029335905794111744
0.17583717887891537
0.2757205153732542
0.3649804442926675
0.44882877722791426
0.526224629675527
0.5950576155565743
0.6532834850426111
0.6879369723548089
0.6926892981246606
0.6797765796542685
0.6570984180023107
0.6296848390961354
0.6006754225468273
0.5719717719200333
0.5446713776853976
0.5193553020044601
0.49627822092126894
0.4389457405488301
0.34989733402757445
0.25656651818507703
0.16687673188531246
0.08448417310315058
0.011900047988876367
0.0
-0.04090399048236998
-0.18314862160362905
-0.2820482315940223
-0.3708469908503834
-0.4541957225838266
-0.5309538818318913
-0.5990113747608835
-0.6563479946174483
-0.6886059585951685
-0.6919307553247633
-0.6782167243876568
-0.6551371500798465
-0.6275728269473452
-0.598565488288211
-0.5699530750109796
-0.542792094456608
-0.5176376191160398
-0.49472820043486365
-0.4342338677104915
-0.3445539362779707
-0.25124930335338425
-0.16184463550259598
-0.07990127920551908
-0.007895777856012004
0.0
0.05204606276560064
0.19018255920351212
0.2881308870219537
0.37648307583361484
0.4593490123474658
0.5354920511068506
0.6028023567474112
0.6592828591584268
0.6892429156114082
0.6911985575138625
0.6767161805976377
0.6532519154397298
0.6255433695287499
0.5965383949501776
0.5680138516117504
0.5409869273000076
0.5159877612704828
0.49323943716169977
0.42972493627953495
0.33944236787462756
0.24616354223010706
0.15703212542258466
0.07551882238367986
0.004067037144460509
0.0
-0.06271674471611932
-0.196922903702577
-0.29396227454499735
-0.3818883160366064
-0.46429311433848836
-0.5398480140192412
-0.606443412640977
-0.6621043831935988
-0.6898605441234859
-0.6905027588906045
-0.6752830279352694
-0.6514492958654489
-0.6236018930464146
-0.5945986623634515
-0.5661578993837605
-0.5392590900965805
-0.5144084642954132
-0.4918142710175939
-0.42520315325532154
-0.33431605383757984
-0.24107673968129495
-0.15223511620959113
-0.07116815505430359
-0.0002850858787440541
0.0
0.0734840299794626
0.2037655052501956
0.29990502418251463
0.3874107643345449
0.46935565030799453
0.5443188932814814
0.6101913715460442
0.6650207278570579
0.6905009954207355
0.6897867625399718
0.6738054153359003
0.6495899441810575
0.6215989380749043
0.5925973024843815
0.564242862393516
0.537476173918327
0.5127787777616347
0.49034360388829673
0.4201625621939381
0.3285821311373989
0.23538935133346955
0.1468788861226235
0.06631949059939596
0.0
0.0
-0.08244694705455125
-0.2097430020277039
-0.30526608690816015
-0.39250812427391435
-0.47412994593524693
-0.5486374932450676
-0.613922564781514
-0.6680520668552633
-0.6913256768791599
-0.6892875695862714
-0.6725543786248769
-0.6479532082820945
-0.6198067879152067
-0.5907908554698955
-0.5625051410884516
-0.5358527312032477
-0.5112913406322833
-0.48899905800519616
-0.41522300433137166
-0.3229086354624674
-0.2297206484590387
-0.1415023120969274
-0.06141570744685808
0.0
0.0
0.09108619197569215
0.21550515177553195
0.3104333872183577
0.3974200171448338
0.4787288609405552
0.5527953471442563
0.6175122562654207
0.6709651538713183
0.6921064031690138
0.6887896862236568
0.6713310302486921
0.6463583845353686
0.6180630683652787
0.5890345794716942
0.5608164665670486
0.5342755860572083
0.5098466201676873
0.4876933149610524
0.410517038943259
0.3174997497386028
0.22430718671577504
0.13635762125048456
0.0567127753244492
0.0
0.0
-0.09941162248991081
-0.22107011374328972
-0.3154317159182338
-0.4021773753430427
-0.48318903261495877
-0.5568341974074197
-0.6210065093083704
-0.6738094275868395
-0.692888900888479
-0.6883347201920613
-0.6701727972704921
-0.6448388616007547
-0.6163973850746625
-0.5873546076869057
-0.5591998290978144
-0.5327649123602785
-0.5084622847248521
-0.48644182603750274
-0.4060153481578952
-0.3123282977576867
-0.21913379297618168
-0.13144341985353925
-0.05222283405905083
0.0
0.0
0.10736798208768644
0.22638875286740567
0.32020879128300256
0.40672394479549373
0.4874512714673451
0.5606934022492279
0.624344819925872
0.6765261053327623
0.6936337703366984
0.6878962724979646
0.6690619994668976
0.6433828053728335
0.6148018229926593
0.5857456515016173
0.5576516995534464
0.5313183591014343
0.5071367716224646
0.4836581972893419
0.400849299412414
0.3067602892838788
0.21371175399367143
0.1264057594350757
0.04772913484847578
0.0
0.0
-0.11545167011672369
-0.23174474664940126
-0.32499148722867605
-0.41125702742844805
-0.49168440493160914
-0.5645098105325201
-0.6276285428831411
-0.6791785416048417
-0.6943339520017825
-0.6874264630548532
-0.6679289604195061
-0.6419107832358978
-0.6131946410092722
-0.5841281092658607
-0.5560971220656982
-0.5298668816660002
-0.5058074343214938
-0.4775254953598213
-0.39383204675203093
-0.2998475335551392
-0.20726781429308017
-0.12064662774545003
-0.0428178781215956
0.0
0.0
0.1247162414631835
0.23783289513568628
0.3304008559088363
0.41636791729428735
0.4964445388796421
0.5687899260595353
0.6313000111236491
0.6806287513756331
0.6942632422907647
0.686470553314129
0.6664968793437043
0.6402617202263116
0.6114892205720982
0.5824625406962948
0.5545258912457837
0.5284177832735316
0.5044914894647324
0.4714620845632678
0.3868969003967697
0.2930187233950321
0.20090545083780337
0.11496403286554385
0.0379759505568959
0.0
0.0
-0.13406255311652499
-0.24404076545623127
-0.33596424078518305
-0.42166389677896277
-0.5014168518762111
-0.5733044461552663
-0.635222499570862
-0.6821268854013001
-0.6942816329491539
-0.6856239891779365
-0.665181301677287
-0.6387283699720101
-0.609894114070656
-0.5808994264239171
-0.5530481533108011
-0.5270529552714807
-0.5032508335249343
-0.4657033644474071
-0.38032892705360927
-0.2865743055949951
-0.19492499580229905
-0.10964698232717116
-0.033471324739446556
0.0
0.0
0.1429223922403202
0.24995323712600756
0.3412798907096595
0.4267361071085169
0.5061900039965019
0.5776493296207947
0.6390097469841894
0.683593017225316
0.6943296783111871
0.6848418221107252
0.6639476630129312
0.637283707144601
0.6083878520793266
0.579421457699155
0.5516497678526375
0.5257607108872255
0.5020757112882366
0.46017770421505616
0.37402671528585246
0.2803937108354956
0.18919312457859538
0.10455504208654888
0.029161931024773186
0.0
0.0
-0.1513893102237989
-0.2555995382788729
-0.3463536432749555
-0.4315754826302236
-0.5107420855993714
-0.5817908649147369
-0.6426173646348805
-0.6849838550362142
-0.6943665742823811
-0.6840864418194277
-0.662761822943434
-0.6358970744076006
-0.6069431194212828
-0.5780044366139652
-0.5503093898922958
-0.5245222819714364
-0.5009496602482064
-0.454884075858713
-0.3679879146727708
-0.2744700032013381
-0.18369799792460056
-0.09967188027237986
-0.025027603323813402
0.0
0.003525526230288595
0.15939772688774598
0.2614060336136485
0.3516417246663237
0.43656118819594314
0.5153454012915897
0.5858839417833263
0.646079487549233
0.6861856636735977
0.6941970822134865
0.6831233417996728
0.6613763481478862
0.6343240463342663
0.6053276760981836
0.5764331483667889
0.5488309298413381
0.5231611145492443
0.4997150681978938
0.44949876971882397
0.36185645593925236
0.2684507582615915
0.1781059646739958
0.09469267841165263
0.02080043933115551
0.0
-0.015788350680185886
-0.16721148525778198
-0.26821330663087395
-0.35798822076334746
-0.44240119430508484
-0.5205277254920555
-0.5902573611133025
-0.6495179648930154
-0.6870267586517285
-0.6934854191710099
-0.6815352323629739
-0.6593441533529272
-0.6321192126680018
-0.6031160942341706
-0.5743119863814885
-0.5468530759765787
-0.521351341058444
-0.49808067064775974
-0.44440140714483567
-0.3560766270730585
-0.2627086824318663
-0.17268298527000298
-0.08976570578070256
-0.016508278778819954
0.0
0.02800529683606784
0.1749913870885966
0.2749853102176214
0.36429635204431243
0.44820056278284576
0.5256684982551945
0.5945897618565054
0.6529173610117682
0.68785003126357
0.69276910935671
0.6799503689638842
0.6573196754986814
0.629924377693726
0.600915416994033
0.5722017928203336
0.5448857598092255
0.5195514041122113
0.4964552804763675
0.4394817539671211
0.35050454213559795
0.2571701820120686
0.16744748507705703
0.08500344902113406
0.012353230208547242
0.0
-0.03963781686838297
-0.18234842245370095
-0.28135572517751856
-0.3702049641889504
-0.45360837212394106
-0.5304363144222617
-0.5985786665665956
-0.6560125914336636
-0.6885326223098218
-0.6920135951229458
-0.6783872365205645
-0.6553515876718964
-0.6278037676702733
-0.5987962133687271
-0.5701738298862251
-0.5429976078572983
-0.5178254629238271
-0.4948977105312632
-0.43474881017521116
-0.3451378360099657
-0.2518302988044856
-0.1623944381738373
-0.0804019654989997
-0.00833321236070017
0.0
0.05082835768108723
0.18941372134742446
0.2874659590297273
0.3758669134326095
0.45878558286118787
0.534995823822438
0.6023877729949453
0.6589618319809469
0.6891731164660049
0.6912784536360624
0.6768800898549042
0.6534578949062317
0.6257651295402079
0.596759909039401
0.5682257708145821
0.541184201203199
0.5161680652988148
0.49340213781123826
0.430217842623269
0.34000115400840286
0.24671949844760016
0.15755820018914105
0.07599787483587919
0.0044855497741038974
0.0
-0.06155040153673941
-0.19618618146074993
-0.29332491607841377
-0.381297545983353
-0.4637527560030551
-0.5393719477809842
-0.6060454932725214
-0.6617960450013753
-0.689793086816696
-0.690578854199331
-0.675439711238285
-0.6516463574028674
-0.6238141275137944
-0.594810702484654
-0.566360778961624
-0.5394479637218118
-0.5145810998362975
-0.4919700577341419
-0.4257364890054658
-0.3349207882357769
-0.24167441062856976
-0.152795809805628
-0.07167352321670728
-0.0007209803071216436
0.0
0.07220052587523723
0.20294217674608203
0.2991857237693529
0.3867397367787804
0.4687384113056432
0.5437718112885304
0.6097307138096828
0.6646600308761245
0.6904211738791355
0.6898743779740508
0.6739870757052551
0.6498187759501876
0.6218455544526867
0.5928437827748316
0.5644787467165714
0.5376958057986403
0.5129795472551599
0.4905247915828806
0.42078442255946574
0.3292928147237156
0.23609788917526608
0.14754982776353762
0.06693054051832205
0.0
0.0
-0.0813611328906585
-0.20901768669944437
-0.3046149036542369
-0.39188852884766057
-0.4735492320876201
-0.5481118172504502
-0.6134679702946418
-0.6676822631027419
-0.6912243587963554
-0.6893473700394478
-0.6727057208170639
-0.648151553582997
-0.6200241202987608
-0.591010003461353
-0.5627159990806225
-0.5360497512281693
-0.5114718730966014
-0.4891622590156441
-0.41581995635520524
-0.32359439512115956
-0.23040609640475146
-0.14215273482138496
-0.06200924637492547
0.0
0.0
0.09003936144879393
0.2148065943378808
0.3098067225385673
0.39682415819225536
0.4781708060094509
0.5522906372784008
0.6170763156423742
0.6706111478511554
0.6920109946082152
0.6888493693443876
0.6714787404316183
0.6465512002214787
0.6182739988626408
0.5892470893176067
0.5610208316657556
0.5344664750460024
0.5100214945114371
0.48785137544676294
0.4110865415621603
0.3181542829137477
0.22496224394920517
0.13698012789220546
0.05728180225404475
0.0
0.0
-0.09840431553404902
-0.2203968303776926
-0.31482701183008177
-0.4016018465262864
-0.48264948003399477
-0.5563456392115727
-0.6205838590694241
-0.6734654332809976
-0.6927943636830812
-0.6883898995207532
-0.6703130567370682
-0.645022823463948
-0.6165990200979841
-0.5875579607414136
-0.5593955090855429
-0.5329477622641979
-0.5086298402639268
-0.48659330063117423
-0.40656032535958786
-0.3129543782013804
-0.2197601260019811
-0.13203838924835765
-0.052766453416418946
0.0
0.0
0.10640487292016892
0.22574497548904976
0.31963058839507497
0.4061736572793404
0.48693541149542025
0.5602263358737619
0.6239408111118866
0.6761973454717607
0.6935436591301121
0.6879493768503712
0.6691964759200533
0.6435590654708254
0.6149949643083878
0.5859404107523662
0.5578390939502154
0.5314934569292169
0.5072972174133071
0.4843879508617814
0.4016851245489431
0.3075850481397281
0.21448208640141314
0.12709580888068267
0.04831928834962036
0.0
0.0
-0.11435935923358187
-0.2310317769457007
-0.32436117291592764
-0.41066390114555607
-0.49113428348445826
-0.5640176075553437
-0.6272090721762923
-0.6788442808629337
-0.6942518957495848
-0.6874951952914067
-0.6680828205580639
-0.642107793369981
-0.6134084449750214
-0.5843425985267642
-0.5563028599971733
-0.5300587306693463
-0.5059829866333364
-0.47835649337060016
-0.39478128566779663
-0.30077988054854704
-0.20813391738696424
-0.12141752770136618
-0.04347189594439871
0.0
0.0
0.1234415160026468
0.23698579367024425
0.3296420317940498
0.41564627201982496
0.49576794222926746
0.5681768009122975
0.6307687419076684
0.6804317500035301
0.6942698587313626
0.6865958002558786
0.6666860626286119
0.6404801705154674
0.6117154422460643
0.5826836487342342
0.5547345789773314
0.5286103135362672
0.5046663691411384
0.4722736077602343
0.3878246092411508
0.2939314068930185
0.20175492255159339
0.115721835157163
0.03862067258833567
0.0
0.0
-0.13281278578541056
-0.2432097402906892
-0.33521890281784156
-0.4209539511147286
-0.5007498936446407
-0.5726984772247835
-0.6346955401958563
-0.6819247880264998
-0.6942778778037982
-0.6857362261141118
-0.6653564892131328
-0.6389328459898674
-0.6101069702519129
-0.5811080947568656
-0.5532454727581317
-0.5272352280065242
-0.5034165420099738
-0.46647505192766836
-0.3812090138019162
-0.28743767694086675
-0.19572602375376633
-0.11035895420294356
-0.03407429320833395
0.0
0.0
0.14173591356765372
0.2491614138895054
0.3405679710399706
0.4260567761940375
0.5055507156539315
0.577067392058256
0.6385024890845123
0.683396669992079
0.6943232803891026
0.6849466275643628
0.6641129395386351
0.6374772469779618
0.6085896399848022
0.5796194528614454
0.5518371002593166
0.525933823395276
0.5022331332418112
0.4609181314270568
0.3748712367966387
0.28122196945735234
0.18996128357501657
0.10523747430270187
0.029739520075445225
0.0
0.0
-0.15025452740138096
-0.2548427775419319
-0.3456736109830777
-0.43092685628574234
-0.5101319579450792
-0.5812357555027783
-0.6421338091262553
-0.6847974047399105
-0.6943615886427157
-0.6841876442598647
-0.6629207212518587
-0.6360828874417707
-0.607136722632497
-0.5781943288848947
-0.5504890129038728
-0.5246882438203907
-0.5011005629393006
-0.45559337016149715
-0.36879704923566564
-0.2752637149947143
-0.18443428391238353
-0.10032616948228408
-0.025581557110571307
0.0
0.0019046439989033603
0.15836137299526523
0.26050085476119206
0.3507960949536896
0.4357814378269674
0.514651779019092
0.5852967101624283
0.6456155892395108
0.6860683603085609
0.6942871952397209
0.683330741175957
0.6616433937125447
0.6346145313288433
0.6056194556933977
0.5767132347460459
0.5490922370302944
0.5234003055843364
0.49993113791496513
0.45032336374665644
0.3627917576098515
0.26937044245150144
0.17896298076380823
0.0954588768771017
0.021454500048777414
0.0
-0.01392423520433586
-0.16603212452272595
-0.26719137067425447
-0.35703955037985
-0.4415320525355253
-0.519760465995671
-0.5896143194812136
-0.6490176266360788
-0.686913453108122
-0.6936029751018489
-0.6817825956751731
-0.6596567700078536
-0.6324565989644707
-0.6034535508526511
-0.5746350859189686
-0.5471540053984887
-0.5216264834775262
-0.4983290140473096
-0.4451575232561436
-0.3569339633968609
-0.263561604987971
-0.17348994377253113
-0.09050039454582409
-0.01714996296923267
0.0
0.026191190820345656
0.17383826395308916
0.2739829570573878
0.3633636844459362
0.44734407703989143
0.5249102880034006
0.5939519063809375
0.6524182002321363
0.6877314988014619
0.6928779212170858
0.6801873072692144
0.657621330280171
0.6302509562932823
0.6012426170830927
0.57251539532213
0.5451780409466502
0.5198187629109796
0.49669667732061284
0.44021253603127075
0.35133238856500376
0.2579931962918784
0.16822563014067565
0.08571141175895805
0.012971083095383931
0.0
-0.037911559769753606
-0.1812574587435349
-0.28041158599686766
-0.3693296473516833
-0.45280759891937783
-0.5297306810029239
-0.5979887272520215
-0.655555314388459
-0.6884326381661146
-0.6921265360238444
-0.6786197068357414
-0.6556439444315643
-0.6281186242251113
-0.5991107759242714
-0.5704747994104787
-0.54327779768491
-0.5180815626426217
-0.49512881470517356
-0.43545086483452233
-0.34593390461078166
-0.252622407809589
-0.16314402002692086
-0.0810845837896394
-0.008929595360791867
0.0
0.04916818089181535
0.18836551453650233
0.28655941931571993
0.3750268590308019
0.4580174226825543
0.5343192847901581
0.6018225439165187
0.6585241546851935
0.6890779547373806
0.6913873812323964
0.6771035580395699
0.6537387201519376
0.626067469432411
0.5970619136497578
0.5685146940902988
0.5414531575863886
0.5164138855444191
0.4936239582220138
0.43088985400108143
0.3407629836023018
0.247477469832021
0.15827543224192203
0.0766509982995685
0.005056135347826729
0.0
-0.05996024978278419
-0.1951817599614043
-0.2924559636968139
-0.3804921106252942
-0.46301605022899517
-0.538722895617716
-0.6055029838355106
-0.6613756674266023
-0.6897011178691616
-0.690682599898532
-0.6756533278080136
-0.6519150242540089
-0.6241034806102992
-0.5950997906163332
-0.5666373779268935
-0.5397054674580466
-0.5148164651326967
-0.4921824519290307
-0.42646362043074765
-0.3357452620962985
-0.2424892544255996
-0.1535602399671561
-0.0723625246048967
-0.001315263620951579
0.0
0.07045064098857484
0.20181967927888797
0.29820505458578894
0.3858248811312306
0.46789688910235505
0.5430259387135011
0.6091026690623524
0.6641682691485408
0.6903123479635376
0.6899938298117181
0.6742347451390889
0.6501307572310056
0.6221817826508288
0.5931798254362368
0.5648003432043024
0.5379952442708025
0.5132532694047509
0.4907718165883741
0.4216322453686529
0.33026173602501374
0.2370638850430593
0.14846456627772603
0.06776362474032632
0.0
0.0
-0.07988077159782297
-0.20802881698972797
-0.3037271030381603
-0.39104379397797273
-0.47275750701087726
-0.5473951288696228
-0.6128481919709884
-0.6671780855193425
-0.6910862252436448
-0.6894288998989085
-0.6729120555018958
-0.6484219706726261
-0.6203204237169673
-0.5913087822162719
-0.5630034755386382
-0.5363183614825848
-0.511718004783926
-0.48938476160112854
-0.41663381999703686
-0.32452933600579026
-0.23134061231074063
-0.14303949855804038
-0.06281845672061706
0.0
0.0
0.08861214909170981
0.21385420540621503
0.30895234969428875
0.3960117848057844
0.4774099733119541
0.551602533388821
0.6164819693483198
0.6701285083469809
0.6918809178924109
0.688930739236866
0.6716801233612548
0.6468140784264843
0.618561574171715
0.5895368178556032
0.5612994559384882
0.5347267264588509
0.5102599121138318
0.4880668696194838
0.4118629816393263
0.319046650696002
0.2258553262143117
0.13782883181189298
0.05805759379294395
0.0
0.0
-0.09703098824005202
-0.21947889923744954
-0.3140025792931886
-0.40081719054040804
-0.4819138727976176
-0.55567955594752
-0.620007632423135
-0.6729964434001634
-0.692665474942945
-0.6884651290996971
-0.6705042816189867
-0.6452736306745083
-0.6168739222808205
-0.5878352052282586
-0.5596622923798235
-0.5331970534681315
-0.5088582796623964
-0.48679981582758486
-0.4073033283353287
-0.31380795451846805
-0.22061404668073303
-0.1328495498426937
-0.053507605154400006
0.0
0.0
0.10509180335467869
0.2248672717863128
0.31884228667350273
0.40542341440542773
0.48623210593875643
0.5595895538106562
0.6233899995364958
0.6757491257035401
0.6934208046429279
0.6880217774787655
0.6693798164424671
0.6437993723623905
0.615258286465497
0.5862059387458499
0.5580945809577531
0.5317321792219738
0.5075159636281411
0.4853828715193728
0.40282465949042645
0.3087094956987484
0.21553233083271106
0.12803659831169395
0.04912388312190166
0.0
0.0
-0.11287014053950042
-0.23005973883141334
-0.323501824288921
-0.4098552533859609
-0.4903842670232507
-0.5633465551231043
-0.626637180393559
-0.6783885613848714
-0.694140023107258
-0.6875889024338888
-0.6682925881234619
-0.6423763901395716
-0.6136999378710246
-0.5846350257303627
-0.5565833559423874
-0.530320290932668
-0.5062223285538646
-0.47948944717660397
-0.3960754450141179
-0.3020510100350155
-0.2093147322431732
-0.12246854590811851
-0.04436356111318131
0.0
0.0
0.1217035996136866
0.23583088497383803
0.32860747736938883
0.4146624059338864
0.49484549387171506
0.5673408873961272
0.6300444279232165
0.6801631651797182
0.6942788793565139
0.6867665575832179
0.6669439885440626
0.6407779980473157
0.6120238650138635
0.5829850997484026
0.5550190965774416
0.5288728026049628
0.5049047940138902
0.4733800102819466
0.3890894152364382
0.2951757278532473
0.20291306276221677
0.11675499646363083
0.0394996641982554
0.0
0.0
-0.13110889644266882
-0.2420767494628247
-0.334202734937888
-0.41998603587074823
-0.4998405859722973
-0.5718723202458188
-0.6339771020987993
-0.6816492554897265
-0.6942727581691329
-0.6858892460520233
-0.6655953338107449
-0.6392116214859133
-0.6103971709714794
-0.5813925859096002
-0.5535144912346531
-0.5274837323184722
-0.5036424631991677
-0.46752714381774174
-0.3824088934865537
-0.2886147674267793
-0.19681811742253408
-0.1113296319133124
-0.03489635946224222
0.0
0.0
0.1401183097822009
0.24808186960920503
0.33959736450556166
0.4251306000358369
0.5046791321465653
0.5762739986111202
0.6378109112941802
0.6831289769984632
0.6943145576844967
0.6850895156772683
0.6643382718094836
0.6377411124601592
0.6088647506018536
0.5798893925842575
0.5520925027517198
0.526169838972111
0.5024477568620094
0.46192760415385503
0.37602262807253434
0.28235118847570906
0.1910085648528573
0.10616787866781664
0.03052698491263764
0.0
0.0
-0.14870740394143214
-0.25381103625491186
-0.3447464785913086
-0.4300425416711191
-0.5093001311066122
-0.5804789386237134
-0.641474546352091
-0.684543204886135
-0.694354791394875
-0.6843256201497978
-0.663137357682948
-0.636336218474502
-0.6074006745218573
-0.5784532214072471
-0.5507339046749388
-0.5249145104371399
-0.5013062984236142
-0.4565603973619149
-0.36990019517670336
-0.27634583406781904
-0.1854381106380148
-0.10121820465080832
-0.026336798450402543
0.0
0.0
0.1569386773814141
0.25930054525815327
0.3496796060333276
0.43474802499681575
0.5137265171730308
0.5845063927276949
0.6449831116630695
0.6858968025039284
0.6943921343814891
0.6835926771310409
0.6619858398725215
0.6349893844123186
0.6059972406886345
0.5770766131512879
0.5494316978416891
0.5237113148596381
0.5002122617641089
0.45142022150105404
0.3640367002210143
0.270594246819792
0.18010278629728493
0.09647717633280695
0.02232293503345452
0.0
-0.011441481458895675
-0.16445939791059017
-0.26582727691060265
-0.35577228252335363
-0.44037011273297516
-0.5187337737479893
-0.5887527755556075
-0.6483460090321559
-0.6867591390282304
-0.6937573503474002
-0.6821106588096395
-0.6600722695090426
-0.6329054333251083
-0.6039027025051527
-0.5750652590660787
-0.5475547410441735
-0.5219929295681627
-0.49865980000459753
-0.44616225854110064
-0.3580731903290322
-0.26469511536307744
-0.17456255138805965
-0.09147713809258044
-0.018003272977819867
0.0
0.02377579455928741
0.17230203243743267
0.27264701655462986
0.36212020551462554
0.4462017798295671
0.5238986524794249
0.5931003953612405
0.6517512998506904
0.6875721544126306
0.6930217882218649
0.6805021114023249
0.6580225300532142
0.6306854932630631
0.6016780827317242
0.5729328234515353
0.5455671248979729
0.5201746929470455
0.49701805912196345
0.44118521405567585
0.35243417756523715
0.25908847863301204
0.16926112718280156
0.08665344437431938
0.013793141501599479
0.0
-0.03561470351451784
-0.17980595163990257
-0.279155476176422
-0.3681651442618702
-0.4517423123241342
-0.5287920118795708
-0.597204019967099
-0.6549471408611999
-0.6882998400197827
-0.6922770231542178
-0.6789292117834812
-0.6560331102402092
-0.6285377075686894
-0.5995294502189245
-0.5708753713839876
-0.543650706832001
-0.5184224059088088
-0.4954363888508888
-0.43638540086719957
-0.346993622468997
-0.2536768824387934
-0.16414190698334313
-0.08199334945700268
-0.009723580916107963
0.0
0.04695823311544986
0.1869702501645478
0.2853527646732756
0.3739087270903064
0.45699500872671045
0.5334188440473698
0.6010702807885141
0.6579416850284264
0.6889513714092558
0.6915324364088651
0.6774010610818586
0.6541125592847276
0.626469938372388
0.5974639303890265
0.5688992940301448
0.5418111765179385
0.5167411056927114
0.4939192304878896
0.431784303706933
0.3417769788273816
0.24848633236577947
0.15923007432651098
0.077520315509681
0.005815598044011869
0.0
-0.05784367419932113
-0.19384480716852895
-0.291299319402905
-0.37942000472205484
-0.46203542191815017
-0.537858934720485
-0.6047808337882101
-0.6608160793034974
-0.6895786690830876
-0.6908206649668232
-0.6759376421910069
-0.6522726174897806
-0.6244886113847006
-0.5954845710669199
-0.5670055364891474
-0.540048210738858
-0.5151297421758311
-0.4924651542021879
-0.4273781384044145
-0.3367820920936159
-0.24351701790388242
-0.15452814070929013
-0.073238952757358
-0.0020755968472489367
0.0
0.06826688617369014
0.20042846418773755
0.29699488795547746
0.3846991360903419
0.4668639557252271
0.5421128346887292
0.6083362948824961
0.6635709297465925
0.690180891815584
0.6901400582797435
0.6745369023415435
0.6505110847737289
0.6225915343637793
0.5935892781248475
0.565192151281318
0.5383600307500271
0.5135867110477521
0.49107272600358604
0.4226639602722609
0.3314368383989811
0.23823107736575505
0.14956544049344092
0.06876183466495882
0.0
0.0
-0.07809092628712236
-0.2068310803059559
-0.30265051190402437
-0.39001856209202135
-0.4717958581461867
-0.5465238732188373
-0.6120939521378461
-0.6665636339237003
-0.6909167623844901
-0.6895265408771863
-0.6731615191061611
-0.6487494549100193
-0.6206794993433118
-0.5916709866537067
-0.5633520531457524
-0.5366441083762218
-0.5120165200067638
-0.4896546368787117
-0.41762912519643036
-0.32567296493949927
-0.23248354836823856
-0.1441237687936136
-0.06380759899387363
0.0
0.0
0.0868701131153845
0.21269230269068604
0.3079103927324466
0.39502133132596784
0.47648263403327606
0.5507641368327624
0.6157581456482595
0.6695411247744161
0.6917235369364128
0.6890311947297318
0.6719268692392283
0.6471357300652338
0.6189132469715044
0.5898910183073156
0.5616400199863172
0.5350447961141046
0.510551274071864
0.48833020283879586
0.41281101924891217
0.32013632119960383
0.22694600613152638
0.1388654604495212
0.05900531460995774
0.0
0.0
-0.09535285139971372
-0.21835706513577047
-0.31299489703699424
-0.39985803177155177
-0.48101457632573624
-0.5548651503639662
-0.6193029738927461
-0.6724227820481877
-0.6925074720555678
-0.6885566122121737
-0.6707375612759121
-0.6455797662480298
-0.6172095439251639
-0.5881737268811366
-0.5599880640471627
-0.5335014795527764
-0.5091372510804697
-0.4870520189398759
-0.4082104579107033
-0.3148500217905882
-0.22165648111790598
-0.1338397337690526
-0.05441227992007565
0.0
0.0
0.10348864715392223
0.22379560563672032
0.31787974765838867
0.40450732661859146
0.4853733149652462
0.5588119776694318
0.6227173861002151
0.6752017727197743
0.6932707646888708
0.6881101700387647
0.6696036821747822
0.644092802822759
0.6155798230274064
0.5865301703777511
0.5584065526275684
0.5320236802826853
0.5077830724745458
0.4858278130890116
0.4038035683517992
0.3097870559429517
0.21659133849389395
0.12902812063426805
0.05001584665427994
0.0
0.0
-0.11127473089046211
-0.2289995066785544
-0.3225532132966488
-0.4089548893274283
-0.4895423739684628
-0.5625864348465109
-0.6259819705735926
-0.6778579709319226
-0.6939981438761491
-0.6876800840701951
-0.6685159868898563
-0.6426674720292379
-0.6140181272107226
-0.5849554697423855
-0.5568914444052016
-0.5306080186469975
-0.506485889208601
-0.48069907839324677
-0.39746002476812237
-0.30341578618061454
-0.2105878415256333
-0.12360729444736454
-0.04533566191214848
0.0
0.0
0.1198819244380423
0.23463656307010547
0.3275481316129281
0.4136628964174591
0.49391590011036723
0.5665064380298318
0.629330212633131
0.6799167030729274
0.6943161008253236
0.6869678621441757
0.667232528636234
0.6411051726457833
0.6123596427144733
0.5833115751454374
0.5553262098122485
0.5291555048390102
0.505161178261508
0.47455355759304846
0.390432188980201
0.2964988192952093
0.20414676899840972
0.11785792321335481
0.04044052736671838
0.0
0.0
-0.1292979691640868
-0.2408744130085836
-0.3331253881311073
-0.4189604821063624
-0.498877648169833
-0.5709979268628708
-0.6332172150383878
-0.6813579400439437
-0.6942675180053133
-0.686051297433193
-0.6658481692619254
-0.6395066871880628
-0.6107043096702364
-0.5816936706538957
-0.5537991941871198
-0.5277467209785389
-0.5038815498629767
-0.4686358938325107
-0.38367294820248593
-0.2898545192023996
-0.19796808404984362
-0.11235149427022682
-0.03576151689817586
0.0
0.0
0.13841246237731503
0.24694279095977706
0.33857283939526295
0.4241526944558775
0.5037586134206333
0.5754357972348666
0.6370799890438725
0.6828455462775096
0.6943045550607798
0.6852396218409497
0.664575476975355
0.6380190626895659
0.609154636738577
0.5801738808156868
0.5523617004419163
0.5264186212181127
0.5026740017794384
0.46299319825606
0.3772379722097744
0.283542999734551
0.1921137514576403
0.10714957203478201
0.031357692393801165
0.0
0.0
-0.1470756835449395
-0.2527230486827873
-0.3437689141435912
-0.4291102105119774
-0.5084232216228183
-0.5796811944770944
-0.6407797330803342
-0.6842755371116025
-0.6943479970824348
-0.6844714658298836
-0.6633661223696521
-0.6366036472344383
-0.6076792728068041
-0.5787264558346421
-0.5509923486072881
-0.525153289779269
-0.501523405726457
-0.4575809842475913
-0.3710644827738432
-0.27748797299827327
-0.1864976585882584
-0.10215980018158559
-0.027134046843260137
0.0
0.0
0.15537268626389814
0.25825612946295856
0.34874101335806357
0.4338527162916796
0.512884282493181
0.5837400320570025
0.6443154489857132
0.6856391072753295
0.6943848551393846
0.6837319514060457
0.6622047590324512
0.6352454756342208
0.6062641138359275
0.5773383963553913
0.5496793391022614
0.5239401311980704
0.5004203215175719
0.4523974609325632
0.3651514254065116
0.2716876759647671
0.18111706110360154
0.09737845380019926
0.023085958612951096
0.0
-0.009208186350203235
-0.16303135189068227
-0.26457990318109875
-0.3546069125238326
-0.4392954791875279
-0.5177777855460148
-0.5879433607385498
-0.647706521550784
-0.6865973208281742
-0.6938813952508346
-0.6823963551829659
-0.6604401806288575
-0.6333056603157602
-0.6043047256127723
-0.5754511781200824
-0.5479147894512281
-0.5223225074520313
-0.4989575211132138
-0.4470504788907133
-0.3590802313320903
-0.2656981036756841
-0.17551287793883652
-0.09234385539298755
-0.018761895579193874
0.0
0.021608157470393352
0.17091729757796317
0.27143898206767214
0.3609929828053401
0.44516367066481966
0.522976539737987
0.5923211597095656
0.6511373699031636
0.6874188902465191
0.6931440921431872
0.6807801287860653
0.6583796220239674
0.6310735288685462
0.6020676332340557
0.5733066378321935
0.5459157999699991
0.5204938098597575
0.4973062984146934
0.44205594992302005
0.3534199366838992
0.2600679081160354
0.17018660689549192
0.08749491155128268
0.014526958605046797
0.0
-0.03356402004443507
-0.17851045456505577
-0.27803471242928607
-0.3671264105853901
-0.4507923849256109
-0.5279553342714524
-0.5965049787100638
-0.6544058553643255
-0.6881828604606599
-0.6924128293905977
-0.6792068505250158
-0.6563817332451154
-0.6289129108018618
-0.5999041676341225
-0.57123381713844
-0.5439843562510547
-0.5187273385594433
-0.4957115404490061
-0.43722262676777884
-0.3479432360243344
-0.2546219845918906
-0.1650364628304138
-0.08280817775970109
-0.010435658400792969
0.0
0.044978310416606965
0.1857206061516925
0.2842722958829089
0.3729077059933882
0.45607984934597795
0.532613039801892
0.600397278963383
0.6574208213462083
0.6888385790057693
0.6916627701080401
0.6776678195204898
0.6544476080778195
0.6268305733173131
0.5978241205556387
0.5692438563324469
0.5421319108225852
0.5170342397830623
0.49418373899857027
0.4325849817063964
0.3426846501051204
0.24938942649751317
0.1600846575851602
0.07829854536669002
0.0064955153511638
0.0
-0.055948472846962194
-0.19264758639304938
-0.2902634944980283
-0.3784598351307295
-0.4611571278704605
-0.5370850777947839
-0.6041339345943908
-0.6603147260563771
-0.6894688031128946
-0.690944115181084
-0.6761920818478471
-0.6525926988890619
-0.6248333707551981
-0.5958290326394664
-0.5673351271205953
-0.5403550542070958
-0.515410209312776
-0.49271825096381483
-0.42814529190007555
-0.33765171358691987
-0.24438213520108681
-0.15534665403156794
-0.07398419670858775
-0.0027265489381870095
0.0
0.06645267569063176
0.19928258527155404
0.29600360802510645
0.3837803583441302
0.46602362425015975
0.5413725367902664
0.6077175771424818
0.6630915729040875
0.6900761986878461
0.690258635668213
0.6747808104095703
0.6508177792143812
0.6229218104165772
0.5939192340608856
0.5655078421492307
0.5386539213411237
0.5138553309453012
0.4913151267004747
0.42349400350241423
0.33237803551540307
0.23916130864834276
0.15043814503797748
0.06954845183226843
0.0
0.0
-0.0766632499027827
-0.2058734347809718
-0.3017883800938823
-0.3891966433212074
-0.471024116138487
-0.5458238827247452
-0.6114871361936784
-0.6660683421684463
-0.6907789889681564
-0.6896034365032123
-0.6733605005728812
-0.6490112446317916
-0.6209667993912388
-0.5919609265967297
-0.5636311640166093
-0.5369049863384436
-0.512255619157288
-0.4898708156394488
-0.4184350547709525
-0.3265992641804025
-0.23340910489824152
-0.14500154044958308
-0.06460804320880485
0.0
0.0
0.08546305655746517
0.2117544242242085
0.3070697200246172
0.3942225102831145
0.47573500573041755
0.5500885280416743
0.6151752187889516
0.6690684988165551
0.6915978797771847
0.6891135287210325
0.6721271571454756
0.6473963574404767
0.6191979924952971
0.5901776996875129
0.5619156001677664
0.535302135107743
0.510786980414759
0.48854321890969343
0.4135770960690309
0.3210169353593591
0.2278275799440544
0.13970349908984975
0.05977163456119612
0.0
0.0
-0.09399543992376236
-0.2174494580863755
-0.3121795209792255
-0.3990818195057164
-0.48028670873689966
-0.5542058819864608
-0.6187324216783658
-0.6719581479515623
-0.6923791320860824
-0.688630143851636
-0.6709258485850494
-0.6458270372764008
-0.6174807112150236
-0.5884472797833382
-0.5602513385564782
-0.5337475184349156
-0.5093627266973667
-0.4872558653168838
-0.4089433944340312
-0.31569192027869386
-0.22249862015771144
-0.13463960850057977
-0.05514302800647519
0.0
0.0
0.10219330393352169
0.2229296431704604
0.31710193238405004
0.4037670272802564
0.48467930070322246
0.5581835792024942
0.6221737964415621
0.6747593969900415
0.6931494868856585
0.688181587944244
0.6697845872101703
0.6443299297271706
0.6158396660887394
0.5867921930374428
0.5586586685392213
0.5322592537079198
0.5079989339549018
0.48602295270373025
0.40450665842779954
0.31059489551042685
0.21739957500065576
0.1297959446240907
0.05071745716279173
0.0
0.0
-0.11003295973831317
-0.2281697115397724
-0.3218080930087993
-0.40824585295903937
-0.4888777984254584
-0.5619848251821634
-0.625461699563983
-0.6774347384370571
-0.6938823972048472
-0.6877488476444965
-0.6686895705350865
-0.6428948643603606
-0.614267241741612
-0.5852066411512873
-0.5571331003840828
-0.5308338069596478
-0.5066927771694995
-0.4816395786910243
-0.39853724444214045
-0.3044787822866625
-0.21158073354505252
-0.12449675500338094
-0.04609640835408435
0.0
0.0
0.11847379139576988
0.23371740740761252
0.326735504572339
0.41289818925187954
0.4932066138365336
0.5658718006938013
0.6287893240012108
0.6797349080098614
0.694351772995826
0.687129013166474
0.6674600835310296
0.6413617983932727
0.6126222964747098
0.5835665427046814
0.5555658100142519
0.5293759075624328
0.5053609658079067
0.4754641068167697
0.3914743360663555
0.29752619680867237
0.20510529005792538
0.1187154110429616
0.04117262991547614
0.0
0.0
-0.12789198750303488
-0.23994138106229163
-0.33228959907657174
-0.4181650290129686
-0.49813088915788595
-0.5703199541848837
-0.6326281485828942
-0.6811321387999058
-0.6942634978311778
-0.6861769689313104
-0.6660442187127187
-0.6397354725866518
-0.6109424513519982
-0.5819271156932752
-0.554019936065668
-0.5279506258910102
-0.5040669220443269
-0.46949440455711816
-0.38465160289802885
-0.2908142850243867
-0.19885827642678305
-0.11314245767420386
-0.03643112040628069
0.0
0.0
0.13709133967907705
0.2460604537126772
0.33777913961148903
0.4233950422311939
0.503045360175511
0.5747862620977182
0.6365135157500463
0.682625759478063
0.6942966107441608
0.685355732491811
0.6647590816727882
0.6382342501097732
0.6093790871389554
0.5803941642460692
0.5525701516021245
0.5266112684163703
0.5028491998501246
0.4638187270588931
0.3781794998499167
0.2844662646726268
0.1929698748156442
0.10790999447069036
0.03200111966887696
0.0
0.0
-0.14581191847378056
-0.2518804457424312
-0.3430118570075339
-0.4283882048130751
-0.5077441556894553
-0.5790634552609588
-0.6402417241586369
-0.6840683353409973
-0.6943428272969466
-0.6845845033012179
-0.6635433699468605
-0.636810830950183
-0.6078950993889156
-0.578938121249875
-0.5511925528433472
-0.5253382586392855
-0.5016915851221706
-0.45837159529505145
-0.3719664240324879
-0.27837276704657726
-0.1873184817307683
-0.1028892575285204
-0.027751689488562922
0.0
0.0
0.15415952762756713
0.2574470336505449
0.3480138989035377
0.4331591339653325
0.5122318161257375
0.5831463442323106
0.6437982209249108
0.6854394711607873
0.6943792105290122
0.6838398386708178
0.6623743457223439
0.6354438590896152
0.6064708502416115
0.5775411901307351
0.5498711778470721
0.524117387085271
0.5005814980980743
0.45315445770291035
0.3660149199314902
0.27253467276335863
0.18190274202968315
0.09807660345763648
0.023677012869592257
0.0
-0.007478198367572408
-0.16192513101043965
-0.2636136338670319
-0.3537041636573284
-0.4384630159739188
-0.5170372276631943
-0.5873163427173467
-0.6472111346901007
-0.6864719590317793
-0.6939774768619636
-0.6826176602620143
-0.6607251738631312
-0.6336156877213566
-0.6046161451384491
-0.5757501234107906
-0.5481936947896442
-0.5225778094972032
-0.49918814594787037
-0.44773852879402776
-0.3598603240425053
-0.266475056411173
-0.17624903621300533
-0.09301524614472491
-0.019349551521531186
0.0
0.019929030946716275
0.16984463527058005
0.27050319860378635
0.36011979944237055
0.444359518172786
0.5222622424585978
0.5917175402611715
0.6506618021813948
0.6873001695422021
0.6932388355137795
0.6809954927925929
0.6586562396176026
0.6313741162063904
0.6023693938427699
0.5735962085117907
0.5461858967153292
0.520741009699675
0.4975295792686801
0.44273045516934956
0.3541835436427454
0.26082661217886505
0.1709035196465608
0.08814674517687787
0.015095402513990358
0.0
-0.03197548088821045
-0.17750691237739225
-0.2771665255705766
-0.3663217674686738
-0.4500565346420221
-0.5273072116969972
-0.595963474604656
-0.6539865549872277
-0.6880922436885063
-0.6925180301593433
-0.6794219201715136
-0.656651790011303
-0.6292035576239245
-0.6001944381177413
-0.57151148296644
-0.5442428138848454
-0.5189635510821073
-0.49592468342580515
-0.4378711732579297
-0.3486788421362379
-0.2553540959911853
-0.16572941917309725
-0.08343937417402163
-0.010987260202703991
0.0
0.04344458776814869
0.18475258470841463
0.28343532385620496
0.3721322770832293
0.45537093210735413
0.5319888331320282
0.5998759460228844
0.657017340325094
0.6887512054809722
0.6917637312981503
0.6778744605066612
0.654707149382814
0.6271099346461539
0.5981031373617085
0.5695107672201595
0.5423803636561014
0.5172613124586979
0.494388637227843
0.4332052170660085
0.34338776647690017
0.25008899721685207
0.16074664993143434
0.07890139147050063
0.007022204832141471
0.0
-0.05448037872415756
-0.191720174257621
-0.28946110567877725
-0.37771605177005185
-0.46047676839061025
-0.5364856192399352
-0.6036328222727709
-0.6599263590951078
-0.6893836968813275
-0.6910397444148765
-0.6763891804127677
-0.6528406460045914
-0.625100434347354
-0.5960958655407068
-0.567590440427888
-0.5405927467037452
-0.515627469709486
-0.492914309237234
-0.4287395579012903
-0.3383253551687941
-0.24505228767018294
-0.15598070531168706
-0.0745614907778989
-0.003230800983079485
0.0
0.06504731986716267
0.19839494427862772
0.2952357252373076
0.3830686384831883
0.4653726718292134
0.5407990741492212
0.6072382950752118
0.6627202450407157
0.6899950994520256
0.6903504901849442
0.6749697507917445
0.651055356285668
0.6231776546925976
0.5941748303620269
0.5657523881908604
0.5388815800667559
0.5140634140394306
0.4915028994137902
0.4241369862394888
0.33310712223634287
0.2398819008214761
0.15111417483424605
0.0701577951054072
0.0
0.0
-0.07555731800697862
-0.20513160648705067
-0.3011205403186325
-0.3885599540791749
-0.4704262957056359
-0.5452816437155967
-0.6110170736992572
-0.6656846705104771
-0.6906722644829888
-0.6896630027449948
-0.6735146391062199
-0.6492140368059766
-0.6211893528255794
-0.5921855249938028
-0.5638473738069764
-0.5371070722314387
-0.5124408343627833
-0.49003827584800985
-0.41905935817062934
-0.32731681045617744
-0.23412607584136547
-0.1456814954289255
-0.06522809743949937
0.0
0.0
0.08437309756301689
0.21102790824730538
0.30641850328902814
0.3936037134234284
0.47515586469509025
0.5495651760323742
0.6147236616942732
0.6687023849538437
0.6915005410115506
0.6891773077327586
0.6722823077013464
0.6475982492210776
0.6194185671018345
0.590399773881185
0.5621290749547285
0.5355014795836096
0.5109695674246422
0.4887082291803537
0.41417052802550447
0.3216990922530519
0.2285104802211716
0.1403526753831849
0.060365254857088615
0.0
0.0
-0.09294393787258398
-0.21674639148453895
-0.3115478999771868
-0.3984805362519635
-0.4797228750907414
-0.5536951878729798
