0.0
-0.14400000000000002
0.0
-0.35845973333333336
-0.15244918897777784
-0.39847926051271126
-0.1368129907727071
-0.45133776690000055
-0.11808385191276388
-0.5066622033852485
-0.21181421581622345
-0.5472413557956335
-0.37288848452708534
-0.6369092539129699
-0.6577627180237259
-0.772569094484545
-0.7866011967466872
-0.8081150058935205
-0.8000661635171475
-0.7750961499259474
-0.7413095595918462
-0.703815649627479
-0.6657564051575161
-0.6289908664336704
-0.594549514851108
-0.5629349862265776
-0.5343202087641845
-0.5086781831522084
-0.48586630438032
-0.46568053819064364
-0.4478896811064052
-0.40674226127692265
-0.33917543967943486
-0.24887485080156674
-0.12355023165538953
0.0
0.0
0.008371557162748622
0.22573041925749412
0.35922535539704403
0.4723754927755989
0.5755897010847975
0.6684621189483105
0.7486751417815136
0.78747229280808
0.7903976778477833
0.772249135122798
0.7425677564061672
0.707417606962325
0.6705734351233952
0.6343119722041954
0.5999379670453371
0.5681328614386294
0.5391850110095973
0.5104756008425787
0.426017838703169
0.33067396328188214
0.23612031927229934
0.14695694334627854
0.06609164285367838
0.0
0.0
0.0
-0.1227643067483026
-0.22621267557794622
-0.31414034752460546
-0.3970043298476358
-0.4748434099293839
-0.5457145094686942
-0.6075103693423486
-0.658386222357666
-0.681130330694968
-0.6792179958543004
-0.6629878911509004
-0.6390886933150097
-0.6117304441974092
-0.5835193944269743
-0.556013980532156
-0.5300942223148769
-0.5062063966972178
-0.4670650772641699
-0.37305169990345527
-0.27001896540124
-0.1699817409842852
-0.07768126185839791
0.0
0.0
0.0
0.14856830866631365
0.2545748792350861
0.34633990360147504
0.432507828899039
0.5126716769364607
0.5847580559360762
0.6466257413906653
0.6911255615287237
0.7014920991974576
0.6914824942969067
0.6700002986116502
0.6427346835906967
0.6132548845852568
0.5837398068904424
0.5554634364226785
0.5291169294488034
0.5050215803862448
0.4832689757705641
0.40930465618058337
0.3166841355190705
0.22329678554430848
0.13503598769821384
0.055072944351063025
0.0
0.0
-0.09638911455669447
-0.22420974986794576
-0.3214661383932198
-0.41025894615837666
-0.49293011041739654
-0.5679062420831508
-0.6330655184263779
-0.6859791359076498
-0.7014789120513195
-0.6944676810716996
-0.6746091677872091
-0.6480951382034791
-0.6188255523632322
-0.5891955573316968
-0.5606192964537945
-0.533877670119071
-0.509348446414512
-0.4871578460573638
-0.41140404982070494
-0.31815286931414427
-0.22439367968201696
-0.13583633353522806
-0.0556174565925142
0.0
0.0
0.08359742382231627
0.2118222324385017
0.3078964294077572
0.3955174694362349
0.47738403501728666
0.5520081371838164
0.6172842073617563
0.6712841392129995
0.6927427672884381
0.689584248013521
0.6721840781750592
0.6472091916539283
0.6188762657483536
0.5897911163475682
0.5615076348000133
0.5348990891581072
0.5104040040324883
0.4881883034804074
0.4167836283079795
0.32436183604170943
0.2305438717943072
0.14159991994736223
0.06079889259078733
0.0
0.0
-0.08123388517407826
-0.21002402093368222
-0.3061865151042882
-0.39385754205028667
-0.47582351999261535
-0.5506092783172187
-0.6161049889934977
-0.6703735368653504
-0.6928727337087103
-0.6903163613603275
-0.6732366084908312
-0.6484039375194366
-0.6201030896713129
-0.5909843293686993
-0.5626303086322418
-0.5359326673538415
-0.5113414510401585
-0.48902961213525425
-0.41899084319070795
-0.3271131430207555
-0.23358171179595094
-0.14478166503709933
-0.06400594916586001
0.0
0.0
0.07909330654090299
0.20834965907956238
0.30452504527758417
0.3921581362711892
0.4741195274645168
0.5489503676780386
0.6145416488372543
0.6689526238177647
0.6921947393000811
0.6901011591982837
0.6733008589597074
0.6486286469714312
0.6204119195661636
0.5913291088599977
0.5629813720962369
0.5362724219500944
0.5116601050615432
0.4893223475160035
0.41873896944185174
0.32685101053510784
0.23342370870044765
0.14475111554376185
0.06410386994735018
0.0
0.0
-0.0813574301450502
-0.20953656312964494
-0.30539376656553807
-0.3928464434891004
-0.4746399289560101
-0.5492940332791159
-0.6147003260882197
-0.6689232705926217
-0.6919237425858443
-0.6897006052128903
-0.6728417338313352
-0.6481549056343701
-0.6199498553269426
-0.5908935787867887
-0.5625799205924359
-0.5359080009283231
-0.5113328584715395
-0.48903077331532563
-0.41710479571690334
-0.32499731431514983
-0.23162876019737333
-0.1431125260886274
-0.06267606053022699
0.0
0.0
0.08533731485375026
0.21202751470334225
0.3075300373777432
0.3948102139078721
0.47641952538690724
0.5508436376666254
0.6159745156565776
0.6698851585080501
0.6920787911022201
0.6893778441168541
0.6722537030617478
0.6474370466882645
0.6191868053741177
0.5901366940840269
0.5618589301430288
0.53523873498205
0.5107223549821376
0.4884806352496175
0.4146178798643834
0.32216623754526297
0.22885410710458332
0.1405404247283549
0.060392018973720804
0.0
0.0
-0.09048624639864267
-0.21536734465989038
-0.31046793750852314
-0.3975629897986886
-0.4789611961840523
-0.553105331399034
-0.6178879924461291
-0.6713933402962555
-0.6924137214355439
-0.6890133052396384
-0.6714962278243384
-0.6464824155599647
-0.6181577661336786
-0.5891081061803572
-0.5608744922372556
-0.534322083359028
-0.5098844010174912
-0.48772439341995416
-0.4114945947910961
-0.31858984567387966
-0.2253120770571821
-0.13721630335340054
-0.05739727360518643
0.0
0.0
0.09652426753995133
0.21931872260032764
0.31396586472565774
0.40085654225920153
0.4820169509218721
0.5558398452195804
0.6202185082714337
0.6732501388072041
0.6928605203393754
0.6886176009530168
0.670625385057388
0.6453712478785589
0.6169536585233042
0.5879010969095078
0.5597172874589116
0.53324333847485
0.5088975031598977
0.48683324186780996
0.40802742930061053
0.31461620039306715
0.22136217402803057
0.13349262451087474
0.05402467082232629
0.0
0.0
-0.10299777742005004
-0.22358943197014458
-0.31776783350246923
-0.4044516727414422
-0.48536649174927193
-0.5588517063439961
-0.6228012910454417
-0.6753263800185514
-0.6933914869999172
-0.6882234726983716
-0.6697078175111385
-0.6441871413346526
-0.615664415083973
-0.5866054612433265
-0.5584731991873403
-0.5320824349813179
-0.5078347114591312
-0.48587309323325123
-0.4043893658475257
-0.31044401724449844
-0.21720681548498005
-0.12956602761473118
-0.050458536568005904
0.0
0.0
0.10967791076251127
0.22801734958680958
0.32172231256386974
0.40819967402076845
0.4888661351687994
0.5620062853372992
0.6255148207305142
0.6775172637773271
0.6939654814481243
0.6878287133594165
0.6687641490256093
0.64296317309624
0.6143289744347153
0.5852618995071706
0.5571822200371784
0.5308772458384501
0.5067310450839522
0.4823110307956932
0.39929383767351984
0.3051890206653834
0.21220248503573097
0.12500936831164378
0.04648685309427174
0.0
0.0
-0.11704863880386365
-0.2328541666790498
-0.3260133934192807
-0.4122475045696704
-0.4926290130371253
-0.5653814534461176
-0.6284002557045489
-0.6796454240649257
-0.6944410642939489
-0.68731889944449
-0.6677006154627744
-0.6416216446910409
-0.612882335586864
-0.5838155994183185
-0.5557978265873731
-0.5295880733197063
-0.5055524862830814
-0.4766684584264881
-0.3928428193647707
-0.2988492837852949
-0.20631014075946374
-0.11976184090487167
-0.0420320927471885
0.0
0.0
0.12576061429598823
0.23859398648432845
0.3311237554337044
0.4170845117068382
0.4971427171574142
0.5694494827162637
0.6319006743258929
0.6808972542433215
0.6943263074007181
0.6864109519955404
0.6663681838204402
0.6400981646965095
0.6113122851677496
0.5822853406891297
0.554356097244213
0.5282595589232952
0.5043467726964853
0.47101546743207223
0.38638063405510087
0.29249448857227445
0.20039879634529173
0.11449204393933406
0.037552670567703506
0.0
0.0
-0.13455054689005733
-0.2444159918636909
-0.33633174591873033
-0.4220357433786015
-0.5017857789567631
-0.5736595542205466
-0.6355528136334755
-0.6822860380080756
-0.6943340367544976
-0.6856118157875494
-0.6651319346025828
-0.6386593881141854
-0.6098166204054228
-0.5808202682595408
-0.5529714004939386
-0.5269808819644188
-0.5031845681793642
-0.4655486983103956
-0.380148689588939
-0.28638639565139923
-0.1947378901826623
-0.10946699652561309
-0.03330398763903017
0.0
0.0
0.14302979654440748
0.25006053163077774
0.34139801147058674
0.4268640133595129
0.5063240008296823
0.5777851294932103
0.6391430137022779
0.6836669292085863
0.6943657735513707
0.6848542923093651
0.6639458041255009
0.6372735593834362
0.6083732965870438
0.5794049491262366
0.5516328230464058
0.5257442342991381
0.5020602111406371
0.46021390765292153
0.3740651951503026
0.28042353241933693
0.18921168690231094
0.10456178556419465
0.029157017125450033
0.0
0.0
-0.15124156887371432
-0.2555254528965423
-0.3463019256913288
-0.43153657056897887
-0.5107148241766127
-0.5817755337845556
-0.6426142151033508
-0.6849978504565429
-0.6943899852166614
-0.6841143525473262
-0.662791170693082
-0.6359260092072985
-0.6069705785067561
-0.5780298622946844
-0.5503325432355948
-0.5245431203937011
-0.5009682576505706
-0.4550471389084328
-0.3681719064276335
-0.27464491405070396
-0.18385386156955966
-0.09980354104249804
-0.025131619657815865
0.0
0.003027585813670991
0.15909951891106136
0.2611584007789527
0.3514196333923709
0.4363648444631524
0.5151794558467595
0.5857530257500141
0.6459871902840026
0.6861796169682987
0.6942416638279468
0.683195588203989
0.6614616682762273
0.6344133611919622
0.605415513110561
0.5765163746049721
0.5489079124012294
0.5232311662117912
0.49977808334545626
0.44979804318280436
0.36219477497741687
0.26877900573166325
0.1784066909173819
0.09495601142848634
0.021019232462207826
0.0
-0.014998945309412148
-0.1667267775832456
-0.2678027606668992
-0.35761398241378445
-0.44206464512975363
-0.5202371850768113
-0.5900211245243487
-0.6493426813084175
-0.6870005906625265
-0.6935474511903917
-0.6816461264878749
-0.6594788514647891
-0.6322620651888093
-0.6032576138889147
-0.5744466894705158
-0.5469780508594289
-0.5214653024072186
-0.49818333774175305
-0.44474381700140986
-0.3564640214032693
-0.26309113051340594
-0.17304144629839918
-0.09008850735439351
-0.016786431848502786
0.0
0.027099047135800386
0.1744249569987276
0.27449910572956665
0.36384842979525667
0.4477933470340931
0.5253122843649217
0.5942948249817792
0.6526920960544311
0.6878054161856041
0.6928318973849567
0.680073201450287
0.6574723330958944
0.6300879397648377
0.6010783686295341
0.5723574353583233
0.5450304930859811
0.5196835910939315
0.4965745004439
0.4398638633648884
0.350936983916815
0.25759820111631415
0.1678499676732247
0.08536730039299757
0.012668281206013987
0.0
-0.03867449091783856
-0.18174601325172354
-0.28083850746304106
-0.3697284486763247
-0.4531752010591724
-0.5300574845518287
-0.5982651436781853
-0.6557733330476825
-0.688486354606162
-0.6920820080664511
-0.6785197040097581
-0.6555158110695665
-0.6279795296535263
-0.5989712147080084
-0.5703409202856176
-0.5431529490774216
-0.5179673147311986
-0.4950256321778066
-0.43515146862117676
-0.34559405843687263
-0.25228290941565146
-0.1628212063037187
-0.08078898192313687
-0.008669604573895859
0.0
0.049833457388251845
0.18878993171231934
0.2869292949574066
0.3753716631894295
0.4583346108214267
0.5346006114702023
0.6020597738281356
0.6587104290881378
0.689122589373544
0.6913473938336167
0.6770158575013981
0.6536268970299896
0.6259463298414073
0.5969405018633752
0.5683983035780339
0.5413446654933984
0.516314635124253
0.4935343396233707
0.43062817267570197
0.340466078568028
0.24718112961201866
0.15799394078067186
0.07639352969236288
0.004829992254966373
0.0
-0.060550098038540084
-0.1955574318045333
-0.29278296243281876
-0.3807966623536404
-0.4632959557271655
-0.5389708952867341
-0.605711827145275
-0.6615393243453042
-0.6897398713414243
-0.6906467562765911
-0.6755754488109273
-0.6518159194350468
-0.6239962083836372
-0.5949923255719121
-0.5665343854521298
-0.5396094813095527
-0.5147286660877468
-0.49210318024513494
-0.42620169706852457
-0.3354481157644352
-0.24219483655672638
-0.15328317011989034
-0.07211186829762488
-0.0010980668623045142
0.0
0.07106018567391509
0.20221334293702137
0.298550644940184
0.386148467867674
0.4681956189834966
0.5432918291534133
0.6093277842974439
0.6643459691099256
0.6903539294285437
0.689954143932332
0.674149292394765
0.6500222226213158
0.6220643990417788
0.5930622823788798
0.5646877221995813
0.5378903029076888
0.5131572904504956
0.4906851667829403
0.4213427798778069
0.32993063162145403
0.2367329826923025
0.14815032410706416
0.0674764928210006
0.0
0.0
-0.08037464315193701
-0.20836058476169508
-0.30402608704153034
-0.3913290589466637
-0.47302557193474376
-0.5476384988819358
-0.6130594224171383
-0.6673507925884743
-0.6911349077891926
-0.6894030750007399
-0.6728438201189186
-0.6483318789428612
-0.6202214117944815
-0.5912087854099299
-0.5629071700905282
-0.5362283208201349
-0.5116354644912329
-0.4893101232435281
-0.4163669192953912
-0.3242224993413045
-0.23103331941317895
-0.1427472403312305
-0.06255106105888
0.0
0.0
0.08907194310450464
0.21416226929139462
0.3092294535565935
0.39627578274230985
0.47765768134433595
0.5518270272463558
0.6166763758545069
0.670286946247061
0.6919244827751422
0.6889053595091356
0.6716155628493978
0.6467293909185367
0.6184687458317228
0.5894431959455368
0.561209365118328
0.5346425416701892
0.5101827683318816
0.48799712925348293
0.4116159415930608
0.31876255167156176
0.2255705664353062
0.13755773883982136
0.05780928698526433
0.0
0.0
-0.09746221928007301
-0.21976799423377993
-0.3142627450621535
-0.4010651635837595
-0.48214666589652305
-0.5558906721298614
-0.6201906191250341
-0.6731457748162291
-0.6927071295059782
-0.6884421231192033
-0.6704444954695741
-0.6451949157821555
-0.6167875115046644
-0.5877479869157439
-0.5595783237807426
-0.5331185653619235
-0.5087863409898911
-0.4867347714077221
-0.4070722951466862
-0.31354242740611216
-0.22034811929338083
-0.13259661033424108
-0.05327615325380801
0.0
0.0
0.105496149825927
0.22513815398664805
0.3190859390967674
0.4056555548927553
0.4864499474559072
0.5597870176382423
0.6235610495699724
0.6758885957457684
0.6934594632488368
0.6879999127720116
0.6693235390152732
0.6437253990766864
0.6151771349919463
0.5861240576734684
0.558015767392076
0.5316585197923477
0.5074484570162995
0.48507931578111807
0.4024768940858359
0.3083660803886542
0.21521128647140003
0.1277487023935724
0.0488773291545212
0.0
0.0
-0.11332155633142105
-0.23035485517676513
-0.3237630152693117
-0.41010123632782
-0.4906125964176342
-0.5635510305627863
-0.6268116426372706
-0.6785278165395257
-0.694174563888321
-0.6875608162807825
-0.6682291261833332
-0.6422949764492673
-0.6136115140094041
-0.5845462806801227
-0.5564982097734705
-0.530240879413651
-0.5061496542952004
-0.47914813060306305
-0.3956854987278324
-0.3016678138064737
-0.20895854478457604
-0.12215127797375587
-0.044094142995731014
0.0
0.0
0.12222510937526943
0.23617792940325355
0.32891864966159373
0.4149585386634862
0.49512332614986787
0.5675928450728297
0.6302629520525113
0.6802445055436386
0.6942766338792616
0.6867155937817504
0.6668667476967824
0.6406887070147651
0.611931346423837
0.5828946437246513
0.5549337045494084
0.5287940113436251
0.5048332193607863
0.47304948508559197
0.38871152119833347
0.294803829582105
0.2025667798154413
0.11644593065731385
0.0392365534403063
0.0
0.0
-0.1316164510921777
-0.24241460210691457
-0.3345059694933882
-0.42027502459875715
-0.5001122139861713
-0.5721192492939039
-0.6341919860050087
-0.6817318922999014
-0.6942746368379895
-0.6858438818098122
-0.6655243152494713
-0.6391286509275881
-0.6103107605240311
-0.5813078534126619
-0.5534343539140154
-0.5274096977731412
-0.5035751514818833
-0.4672148115316983
-0.3820526584011527
-0.28826521549864254
-0.19649371129809884
-0.11104119051649153
-0.03465196772720766
0.0
0.0
0.14059758553200702
0.248401984227478
0.33988533374262875
0.42540549794002613
0.5049379258326235
0.5765096766975892
0.6380164536953432
0.6832087014840874
0.694317402929393
0.6850473420484641
0.6642716065666004
0.6376629884983503
0.6087832680372294
0.579809425185013
0.5520168321514248
0.5260999063146818
0.5023841589565976
0.4616292628834187
0.3756823241462097
0.282017381121478
0.19069891390079075
0.10589271502544906
0.03029401899167776
0.0
0.0
-0.14916397781222887
-0.2541156920432057
-0.3450203527930492
-0.4303038430201614
-0.5095459908155668
-0.5807026965800212
-0.6416695357412056
-0.6846184995172265
-0.6943569717163546
-0.6842850086874142
-0.6630734885745166
-0.6362614919827384
-0.6073227956485431
-0.5783768243750351
-0.5506616326446383
-0.5248477310145819
-0.5012455759393403
-0.45627552616261485
-0.3695752108417326
-0.2760270039363566
-0.18514230200427811
-0.10095528942839363
-0.026114147516859573
0.0
0.00034487263532159695
0.1573642372952472
0.25963002259474544
0.34998261903360856
0.43503139715865025
0.5139846476147998
0.5847319751448317
0.6451695428459878
0.6859556956247246
0.694374032500852
0.6835303825164739
0.6619003946048944
0.6348940648280563
0.6059002214723859
0.5769827408365191
0.5493436685361482
0.5236304537885226
0.5001390370142657
0.45111720063235344
0.3636921645645703
0.27025578262700384
0.17978795582105134
0.09619638975243125
0.022084030127088858
0.0
-0.012128836226137363
-0.164896344648626
-0.26620726660983246
-0.35612604926637825
-0.4406951773633525
-0.5190217381243294
-0.5889952427461002
-0.6485359966050173
-0.6868044819211241
-0.6937162861170959
-0.6820208848932139
-0.6599578794896896
-0.6327815481424715
-0.6037785579149506
-0.5749462598177072
-0.5474438239766949
-0.5218914649558714
-0.49856818478292664
-0.44588592729277665
-0.3577598717131964
-0.2643832400270927
-0.1742672764668543
-0.09120808506293572
-0.017768039308000638
0.0
0.024442960988738383
0.17272708399986242
0.2730171075584603
0.3624650150539548
0.44651884221809246
0.5241797737390417
0.593337384737648
0.6519373396086281
0.6876173760554005
0.6929828426286184
0.68041567382189
0.6579120451556933
0.6305656787546582
0.6015579318162549
0.5728176025134006
0.545459699159962
0.520076403104062
0.4969292983416431
0.4409169039947042
0.35213030946805646
0.258786446013769
0.1689756174590567
0.08639373952367356
0.013566545869867164
0.0
-0.03624725990475239
-0.1802056970734074
-0.2795014026794318
-0.36848583284783787
-0.4520356652009792
-0.5290504814176855
-0.5974200747611392
-0.6551145644583682
-0.6883363113458822
-0.6922354622440994
-0.67884385331291
-0.6559258159557446
-0.6284221806583815
-0.5994140446032973
-0.5707649605773873
-0.5435479238549541
-0.5183284629912417
-0.4953516167592073
-0.4361278005596299
-0.34670148795824135
-0.25338616355120047
-0.16386675972366843
-0.08174274611176005
-0.009504599411072873
0.0
0.04756709544060819
0.18735464854493603
0.285685194094909
0.37421676402599535
0.4572766715609531
0.5336668998694001
0.6012775107180802
0.658102134407441
0.6889862270751322
0.6914924581711915
0.6773190855826527
0.6540095550060863
0.6263590481357785
0.5973531660697254
0.5687933291908421
0.5417125357414317
0.5166509508420084
0.4938378780248194
0.43153800116308194
0.34149775759582146
0.24820851585840986
0.15896717832751484
0.07728090560219236
0.005606429932765569
0.0
-0.05842635494779608
-0.19421289555480947
-0.29161778712633923
-0.3797152119941064
-0.4623054557676353
-0.5380968581200163
-0.6049797223910602
-0.6609702178673565
-0.6896124361203392
-0.6907826943056132
-0.6758593967954405
-0.6521741901195608
-0.6243825973090792
-0.5953786496225705
-0.5669041884564197
-0.539953857761247
-0.515043500037453
-0.49238732845849265
-0.4271422935105279
-0.3365147407557534
-0.24325104252403063
-0.15427648393355214
-0.07300981326090515
-0.0018754388773591785
0.0
0.06882451525773312
0.20078068633584503
0.29729960002288636
0.3849815696425721
0.46712228243726545
0.5423404181263923
0.6085265110796442
0.6637183121873159
0.6902131001518199
0.6901036307166125
0.674461945655876
0.6504168252324218
0.6224900236952079
0.5934878639198128
0.5650951204170701
0.5382696997403399
0.5135041468762084
0.49099822040350394
0.42240889050833336
0.3311476117048179
0.23794521740610536
0.14929725473658098
0.06852009982907789
0.0
0.0
-0.07852958624022982
-0.2071253351317205
-0.30291542669775046
-0.39027112610044734
-0.47203300875657356
-0.5467389804064533
-0.6122804324839437
-0.6667158483159477
-0.6909591135806401
-0.6895029249824467
-0.6731003860418506
-0.6486690201627568
-0.6205912242957552
-0.5915818992728072
-0.5632662924237659
-0.5365639495471783
-0.5119430527932384
-0.48958821216975923
-0.41738152283771246
-0.32538838045225443
-0.232199188598263
-0.14385408616789744
-0.06356167008222291
0.0
0.0
0.08730234331380082
0.21298041409030002
0.308168647097667
0.39526673165008513
0.47671231022397137
0.5509716906071104
0.6159372292148638
0.6696863252566382
0.6917621454406312
0.6890059062226161
0.671865343853797
0.647055667425978
0.6188257745819566
0.5898029507788847
0.5615553624446583
0.5349657420598313
0.5104788654272061
0.48826476454885887
0.41257570712728114
0.3198658259326133
0.22667521322815065
0.13860803707147334
0.05876991803327347
0.0
0.0
-0.09576976666122489
-0.21863583269310355
-0.3132453393826928
-0.40009644716895093
-0.4812381445062158
-0.5550676499460573
-0.6194782257484339
-0.67256550235802
-0.6925468977541606
-0.6885340316946625
-0.6706797325636101
-0.6455038199483615
-0.6171262573299261
-0.5880897071146831
-0.559907200952088
-0.5334259101125101
-0.5090679974307293
-0.4869894085341916
-0.4079853586959614
-0.3145914575952913
-0.22139784130113382
-0.13359407230770803
-0.05418784692077788
0.0
0.0
0.1038864488151949
0.22406154763343325
0.31811862140420233
0.40473468046445943
0.48558645556722635
0.5590049682435102
0.6228843321502735
0.675337635913688
0.6933080144386281
0.6880882402144783
0.669548127151757
0.6440199810313195
0.6155000245063144
0.586449702183442
0.5583291266537243
0.5319513344738103
0.5077167802365246
0.4857678846051914
0.4035876578055241
0.30953897761205884
0.21634313704371322
0.12879232809872865
0.049800386313127235
0.0
0.0
-0.11165604700342585
-0.22925431801284055
-0.32278202439981396
-0.409172620842796
-0.48974645334133354
-0.562771179451361
-0.6261417384031499
-0.6779879407623486
-0.6940336900957558
-0.6876589702623801
-0.6684626844818271
-0.6425976457147595
-0.6139416301909624
-0.5848783409035838
-0.556817237414535
-0.530538684180577
-0.5064223585669076
-0.4804102866002361
-0.39712925128561394
-0.3030893791306045
-0.21028295962051444
-0.12333417134904098
-0.045102061109590225
0.0
0.0
0.12031429599162602
0.2349187946071526
0.32779765419669266
0.4138977057358008
0.4941336927777822
0.5667013098596146
0.6294962988268022
0.6799725266027884
0.6943051491555787
0.6869183810291035
0.6671626575193336
0.6410263749354698
0.6122789939092466
0.583233286316471
0.5552526395327873
0.5290878291910505
0.505099832572658
0.47427397729366694
0.3901122018348914
0.2961833664169494
0.20385245750795852
0.11759463291753075
0.040215735555805515
0.0
0.0
-0.12972966208668713
-0.24116089315490963
-0.3333820117187559
-0.41920472158249455
-0.49910693710231885
-0.5712060959839542
-0.6333980865923591
-0.6814272729893123
-0.6942687541975889
-0.6860127123774588
-0.6657879748930644
-0.6394364412734074
-0.6106311908118622
-0.5816219937343472
-0.5537314175750796
-0.5276841139481973
-0.5038246331016415
-0.468372302147364
-0.3833724681376326
-0.28955983824699105
-0.19769476404661934
-0.11210864049949526
-0.03555592435475877
0.0
0.0
0.1388180868614267
0.24721369645185334
0.3388165312082666
0.42438531907206
0.5039776065870706
0.575635227293073
0.6372539167783362
0.6829130296265571
0.694306995599185
0.6852039732483011
0.6645191053367907
0.6379529939820989
0.6090857238743893
0.5801062472461797
0.5522976996794682
0.5263594727141847
0.5026202106639873
0.4627397399348568
0.3769488992016669
0.28325953355862477
0.19185089915390074
0.1069161020712877
0.031160142681923672
0.0
0.0
-0.1474636880856328
-0.25298174779991345
-0.34400134921543424
-0.4293318843189588
-0.5086317121922213
-0.5798708565284403
-0.6409449162276603
-0.6843391541607611
-0.6943495852028329
-0.6844367612960819
-0.6633117036525732
-0.6365400372995876
-0.6076130092246617
-0.5786614697686526
-0.5509308813495474
-0.5250965001085426
-0.501471770792498
-0.45733825129457856
-0.3707875692052882
-0.27721632374943045
-0.18624564943232735
-0.10193584190065309
-0.026944417677880153
0.0
0.0
0.15574514715797175
0.258504536637032
0.3489642511400708
0.43406565934783803
0.5130846024018116
0.5839223060484426
0.6444742485675365
0.6857004000310042
0.6943865887510131
0.6836988285101218
0.662152693179676
0.6351845685710295
0.6062006422072159
0.5772761351432409
0.5496204412517679
0.5238857105257388
0.5003708374659731
0.4521650515373662
0.3648863195473783
0.27142763501361333
0.18087584489729763
0.09716411087228445
0.022904495466132296
0.0
-0.009739315479773192
-0.16337097681322443
-0.26487656139246857
-0.3548840693073515
-0.43955105749104606
-0.5180051478027278
-0.5881358648209785
-0.6478586131498095
-0.6866358093300051
-0.6938518973678258
-0.6823284118275526
-0.6603526840340573
-0.6332104778172031
-0.6042091156663595
-0.5753593979018354
-0.5478291617502085
-0.5222441262696493
-0.4988867161614979
-0.44683923921729285
-0.35884073337032085
-0.2654595696250785
-0.1752868681763871
-0.09213772994761467
-0.018581477651773953
0.0
0.02212366718856426
0.1712466166403748
0.27172627802847826
0.36126105998248015
0.44541055471685925
0.5231958373463224
0.5925064780842091
0.6512833750482633
0.6874553392529981
0.6931150052071019
0.6807140099021289
0.6582946975548671
0.6309812453817253
0.6019749895096568
0.5732177365279568
0.5458328773614511
0.52041791684079
0.4972377487781835
0.441848870207653
0.353185501862225
0.2598349784759214
0.1699665075353765
0.08729479206168254
0.014352440523838758
0.0
-0.03405171520403594
-0.17881855082874473
-0.27830125354447993
-0.3673734432962633
-0.4510182976991563
-0.5281543139228777
-0.5966712255983884
-0.6545345846654578
-0.6882106808756536
-0.6923805320117133
-0.6791408223760058
-0.6562988235273763
-0.6288236797292754
-0.5998150520827354
-0.5711485713149594
-0.5439050075038065
-0.5186548192512642
-0.49564610369039214
-0.43702351774939857
-0.3477173989855576
-0.2543972204157599
-0.1648237195277703
-0.08261439521248187
-0.01026631200703175
0.0
0.04544917433102147
0.18601779584972347
0.28452925253290073
0.37314576851063347
0.45629749233671657
0.5328046760630059
0.6005573322630045
0.6575446932612734
0.6888654035052031
0.6916317744047694
0.6776043793021793
0.6543679270453737
0.6267448073734632
0.5977384603704664
0.5691619127449097
0.5420556339878019
0.5169645268101714
0.4941208337412011
0.4323945652147705
0.3424687885687779
0.24917465347119308
0.15988142134412264
0.07811346739649092
0.0063338179587367205
0.0
-0.05639918685837256
-0.19293230777427364
-0.29050983299446287
-0.3786881814225204
-0.4613660026637302
-0.537269115520929
-0.6042877794278149
-0.6604339573678801
-0.6894949314007944
-0.6909147564962491
-0.6761315714081547
-0.652516577603293
-0.6247513805768465
-0.5957471132754564
-0.5672567443383584
-0.5402820811206565
-0.5153435090070373
-0.49265805984171673
-0.42796284871755075
-0.3374449016260652
-0.24417639439864688
-0.15515199648636493
-0.07380696394320943
-0.0025717404895297946
0.0
0.06688412761663831
0.1995550959794341
0.2962393523430465
0.38399886036039954
0.46622347034826606
0.5415485931151683
0.6078647195238605
0.6632055727567787
0.6901010966971448
0.6902304358859072
0.674722804707679
0.6507448417653995
0.6228432648251179
0.5938407645927883
0.5654327651678156
0.5385840288564714
0.5137914482861037
0.49125747943946846
0.42329660445145173
0.3321542020891554
0.23894008307646636
0.15023060033042568
0.06936138021843365
0.0
0.0
-0.07700277647671797
-0.2061011797974294
-0.3019934102949906
-0.3893921101727025
-0.4712076500867328
-0.545990352910072
-0.6116314478366824
-0.6661861313976725
-0.690811753988217
-0.6895851494109311
-0.673313179296263
-0.6489489864326563
-0.6208984743791832
-0.5918919737664432
-0.5635647865279014
-0.5368429449554026
-0.5121987571589661
-0.4898194045137313
-0.41824339064604543
-0.32637897404086086
-0.2331889913728754
-0.1447927909854776
-0.0644176835456758
0.0
0.0
0.08579767895287693
0.21197746798295994
0.30726964658762035
0.3944124838066593
0.4759128047423865
0.5502491995728441
0.6153138489558005
0.6691808975207212
0.6916277632638825
0.6890939482919631
0.6720795252212385
0.6473343757384957
0.6191302750757315
0.590109521885446
0.5618500624218735
0.5352409354318138
0.5107309253578617
0.4884925599927383
0.4133949098230312
0.32080751015871106
0.2276179265096119
0.13950419905592357
0.05958939045405788
0.0
0.0
-0.09431825557349943
-0.21766530257802136
-0.3123734313759546
-0.3992664160911769
-0.4804598081377295
-0.5543626673264399
-0.6188681088007408
-0.6720686459357166
-0.6924096535558915
-0.6886126567876889
-0.6708810706521172
-0.6457682320011198
-0.6174162229968894
-0.5883822242238849
-0.5601887273735645
-0.533689006178372
-0.509309104736769
-0.48720738715943746
-0.40876908966339737
-0.31549170249686237
-0.2222983451609722
-0.1344493846671202
-0.05496924365754591
0.0
0.0
0.10250135847897751
0.2231355837199826
0.31728691004715276
0.4039430830242257
0.4848443490766439
0.5583330230319564
0.622303071302364
0.6748646014655203
0.6931783288222643
0.6881646035688529
0.6697415649352563
0.6442735369359982
0.6157778710084956
0.5867298796104716
0.5585987111039787
0.5322032303557505
0.5079475984369398
0.48597654519637823
0.4043394517465719
0.3104027776309671
0.21720736271703006
0.1296133431131783
0.0505506023296704
0.0
0.0
-0.1103282737941195
-0.22836705078458672
-0.3219852951559744
-0.4084144737472806
-0.4890358456847513
-0.5621278980988889
-0.6255854287822586
-0.6775353902653752
-0.6939099237238643
-0.6877324945180704
-0.6686482894291156
-0.6428407866415239
-0.6142079981168652
-0.5851469083654784
-0.5570756305270748
-0.5307801107002919
-0.5066435757315715
-0.4814159119600769
-0.3982810635508625
-0.30422598399353284
-0.21134460717352652
-0.12428522636253564
-0.04591549008256482
0.0
0.0
0.11880866897581743
0.23393599800009418
0.32692876088173656
0.413080049416758
0.4933752939889453
0.5660227280822439
0.6289179563812493
0.6797781419273806
0.6943432895640864
0.6870906887625216
0.6674059671738735
0.6413007685000177
0.6125598330184853
0.5835059071551482
0.5555088290790063
0.5293234921085018
0.5053134529877645
0.47524756301639925
0.3912264960970326
0.297281869287319
0.20487733774736916
0.11851148611775701
0.040998523700130185
0.0
0.0
-0.1282263533708482
-0.24016327161466525
-0.3324883636528342
-0.4183542010283353
-0.4983084809114112
-0.5704811874035134
-0.6327682384212567
-0.6811858381108459
-0.6942644539035032
-0.6861470821598656
-0.665997594889427
-0.6396810636082086
-0.6108858172926936
-0.5818715985732779
-0.5539674399686793
-0.52790213390493
-0.5040228374504234
-0.46929023642522744
-0.3844188625306262
-0.29058603674356415
-0.19864657386667967
-0.11295435341283847
-0.036271877545520595
0.0
0.0
0.13740552461393035
0.24627028818048396
0.33796789462034804
0.42357522453350455
0.5032149836641864
0.574940732362487
0.6366482325286906
0.682678028441263
0.6942985000407114
0.6853281194530523
0.6647154174265291
0.6381830749661743
0.6093257091041038
0.580341777185546
0.5525205784518583
0.5265654537107721
0.5028075348369848
0.4636224026060483
0.3779555889475995
0.28424669694280125
0.1927662744667984
0.10772915338853885
0.031848101977037566
0.0
0.0
-0.1461124627709158
-0.252080830702565
-0.34319189775835335
-0.4285599097520971
-0.5079056488410068
-0.5792103639026281
-0.6403696716141827
-0.6841176113651625
-0.6943440567614877
-0.6845576211177848
-0.6635012175341702
-0.636761559226548
-0.6078437722478972
-0.5788877837031217
-0.5511449409549729
-0.5252942699759752
-0.5016515892719322
-0.4581835748844856
-0.37175192745219543
-0.2781623483562051
-0.18712327638109702
-0.10271578047845972
-0.027604803827015995
0.0
0.0
0.15444803684773895
0.2576394500404302
0.3481868187698324
0.43332407933703754
0.5123869834420478
0.5832875330379927
0.6439212263324717
0.6854869479401134
0.6943805529135314
0.6838141812936969
0.6623340151991824
0.6353966802181542
0.6064216848999258
0.5774929624116836
0.5498255554156517
0.5240752326989012
0.5005431676371658
0.4529744313389066
0.36580956663815234
0.2723332429018599
0.18171589409709693
0.09791057190921154
0.023536450379922524
0.0
-0.007889618135806908
-0.162188208642555
-0.2638434287020912
-0.35391885227969916
-0.43866098950563587
-0.5172133445869406
-0.5874654579835286
-0.6473289458883039
-0.686501772144668
-0.6939546270668788
-0.682565030253263
-0.6606573977566389
-0.633541958074327
-0.604542084422019
-0.5756790292737316
-0.548127366484786
-0.5225170944460242
-0.4991332995456902
-0.447574899145036
-0.3596748050912519
-0.2662902841974709
-0.17607396559658178
-0.09285557831611868
-0.019209797215405944
0.0
0.020328354999958442
0.17009973210609983
0.2707257433875972
0.36032745688752404
0.444550758935718
0.5224321141663965
0.5918610909507661
0.6507749000530034
0.687328403290946
0.693216303974824
0.680944275671283
0.6585904553800404
0.6313026315670729
0.6022976301801047
0.5735273438157642
0.54612166324285
0.5206822214899066
0.49747647938928496
0.44257004667069033
0.35400194528376394
0.26064617980937244
0.1707330259416413
0.08799172836364812
0.0149602171537781
0.0
-0.032353261753393564
-0.17774557129603608
-0.2773729947554038
-0.36651312490176824
-0.4502315320026869
-0.5274613459587147
-0.5960922532324437
-0.6540862715487873
-0.688113793855794
-0.6924930116785719
-0.6793707730554552
-0.6565875660491889
-0.6291344370060974
-0.6001254069993385
-0.5714454494434195
-0.5441813483878435
-0.5189073758401725
-0.49587399450315195
-0.437716938185417
-0.34850390284696925
-0.25517998780214163
-0.1655646227033515
-0.08328926523563407
-0.010856080178282032
0.0
0.043809332352733155
0.18498279620097902
0.2836343696327215
0.3723166868900784
0.45553952434002337
0.5321372797920467
0.5999999276105392
0.6571132947792963
0.6887719843495269
0.6917397210596284
0.6778253178664503
0.6546454261726657
0.6270434979067951
0.5980367825555035
0.5694472914013143
0.5423212774674785
0.5172073108248393
0.4943399090436782
0.43305771485154765
0.3432205537885633
0.24992262774311047
0.1605892172154436
0.07875802470790325
0.00689694937240852
0.0
-0.054829515754727
-0.1919407281816941
-0.2896519269934966
-0.37789293573890104
-0.46063856911315654
-0.5366281803863773
-0.6037519950606393
-0.6600187191741123
-0.6894039365495055
-0.6910170022039563
-0.6763423071187868
-0.6527816800853129
-0.6250369222141241
-0.5960324082695472
-0.5675297227064136
-0.5405362195020699
-0.5155758015986449
-0.49286768334150255
-0.42859823163158267
-0.33816515207505465
-0.24489291434500085
-0.15582991744538066
-0.07442420071361135
-0.003110881518451125
0.0
0.06538153668943297
0.1986060399651617
0.2954183404451738
0.3832378972197013
0.46552747906508707
0.5409354530358579
0.6073522762661806
0.6628085529392984
0.690014386189975
0.6903286456642647
0.6749248176489078
0.6509988565349193
0.6231168106988602
0.5941140453407836
0.5656942311037935
0.538827439062296
0.5140139284434035
0.4914582439617185
0.42398407432738927
0.33293373337507676
0.23971053210387477
0.15095340378562133
0.07001288321307016
0.0
0.0
-0.07582032687223589
-0.20530802550416527
-0.3012793636444712
-0.3887113692939567
-0.4705684672758774
-0.5454105971055988
-0.6111288623223485
-0.6657759139662357
-0.6906976453280474
-0.6896488369093488
-0.6734779824180298
-0.6491658094785969
-0.6211364259442147
-0.5921321117865157
-0.5637959555488615
-0.5370590128693201
-0.5123967871287102
-0.48999845104536893
-0.41891088851458047
-0.32714616610467157
-0.2339555683133953
-0.14551979090822648
-0.06508063830576008
0.0
0.0
0.08463230780678946
0.21120068574130835
0.3065733733803465
0.3937508735330609
0.4752935939950184
0.5496896377808761
0.6148310494267776
0.6687894528751456
0.691523689777227
0.6891621400308809
0.6722454103376971
0.6475502360224694
0.6193661108187511
0.5903469609715128
0.5620783071259412
0.5354540721760872
0.5109261452191927
0.4886689870136808
0.4140294001092112
0.3215368640818954
0.22834807526111342
0.1401982905431708
0.06022408215039936
0.0
0.0
-0.09319400241908937
-0.2169135923291376
-0.3116981098787419
-0.3986235313361791
-0.4798569640400591
-0.5538166393641899
-0.6183955585016006
-0.6716838205301642
-0.6923033581102701
-0.6886735581110137
-0.6710370164320447
-0.645973030057093
-0.6176408127316851
-0.5886087898037617
-0.5604067800488941
-0.5338927837366318
-0.5094958511175076
-0.48737621948692544
-0.4093761319112581
-0.3161889906472785
-0.22299583255184874
-0.1351118673693073
-0.055574473395339885
0.0
0.0
0.1014285125223893
0.2224183650426643
0.31664269777199605
0.4033299426784623
0.484269543552759
0.5578125626697386
0.6218528523893113
0.6744982112646135
0.6930778825255803
0.6882237542208934
0.6698913964441983
0.6444699332543226
0.6159930815992506
0.5869468954177872
0.5588075218166537
0.5323983400360812
0.5081263820346874
0.4861381662617268
0.4049217740844522
0.31107185694673883
0.21787677079624646
0.13024928022152416
0.05113169925892548
0.0
0.0
-0.10929979813500124
-0.2276797871819263
-0.321368162040955
-0.4078272265159647
-0.4884854223667532
-0.5616296251880534
-0.6251545232161188
-0.6771848551845712
-0.6938140585138983
-0.6877894467616325
-0.6687920571031462
-0.6430291204395227
-0.6144143229558802
-0.5853549367793154
-0.5572757779496175
-0.5309671160005569
-0.5068149271396152
-0.48219486515058274
-0.3991732522141368
-0.30510639223599634
-0.21216695291729346
-0.12502190678077782
-0.04654556525419548
0.0
0.0
0.11764240706373691
0.2331747231629474
0.32625571653459173
0.4124466938769001
0.49278783984490165
0.5654971006322882
0.6284699746781662
0.6796275732890299
0.6943728344174422
0.6872241593146241
0.6675944355904878
0.641513314350398
0.6127773714672353
0.5837170796408662
0.5557072738162563
0.5295060368651906
0.50547892357952
0.4760017096820953
0.39208963642025896
0.2981327769699681
0.20567121626445925
0.11922168561014714
0.04160487500187507
0.0
0.0
-0.12706187338066577
-0.2393905040368999
-0.33179613581410794
-0.4176953807488977
-0.49768999066048425
-0.5699196682422799
-0.6322803542999665
-0.6809988221239837
-0.6942611242559197
-0.6862511673993844
-0.6661599694527941
-0.6398705511553328
-0.6110830540203211
-0.5820649453886073
-0.5541502656111058
-0.5280710146216377
-0.5041763687532652
-0.4700012830581585
-0.38522941632643676
-0.29138094615888965
-0.19938386028346675
-0.11360945515375788
-0.03682646505687309
0.0
0.0
0.13631132764911613
0.24553950765058602
0.33731052652937693
0.4229477122061295
0.502624244020083
0.5744027661351906
0.6361790608320127
0.6824959938266455
0.6942919202922408
0.6854242860823463
0.6648674848309211
0.6383613002139694
0.609511606255207
0.5805242231164008
0.5526932245103716
0.526725010412008
0.5029526396009847
0.4643061325044652
0.3787353928695008
0.2850113750999963
0.19347534377727266
0.10835896007299357
0.032381009451774315
0.0
0.0
-0.14506577130660075
-0.25138295945219385
-0.34256487833220806
-0.4279619210684317
-0.5073432242710897
-0.5786987321200494
-0.6399240750623372
-0.6839460000924087
-0.6943397749726944
-0.6846512424372796
-0.6636480197592735
-0.6369331555389222
-0.6080225268645764
-0.5790630919058698
-0.5513107566353347
-0.5254474672209014
-0.5017908809347804
-0.4588383847379047
-0.37249894461762323
-0.2788951636437032
-0.1878031088790945
-0.10331994084574
-0.028116355612565064
0.0
0.0
0.15344325931105407
0.2569693305059719
0.34758459886755116
0.4327496318356424
0.5118465895176384
0.5827958214185924
0.6434928411821182
0.6853216027968541
0.6943758778605273
0.6839035370423301
0.6624744724240301
0.6355609878635177
0.6065929107313349
0.57766092282827
0.5499844425188738
0.5242220418040479
0.5006766593362835
0.45360140073748645
0.366524740948502
0.2730347532581041
0.18236662064985942
0.09848880221290092
0.02402598078253662
0.0
-0.006456785715537872
-0.16127200046019768
-0.263043132966133
-0.35317116624747164
-0.43797151634083786
-0.5165999904114724
-0.5869461412209783
-0.6469186503421216
-0.6863979434165383
-0.6940342049862253
-0.6827483223301769
-0.6608934384396238
-0.6337987328741168
-0.6048000122212318
-0.5759266255051744
-0.548358364974776
-0.5227285439194329
-0.49932431054921683
-0.448144764492516
-0.36032090329057137
-0.26693378176767923
-0.17668367586524764
-0.09341164601292132
-0.019696513015241043
0.0
0.018937647715728922
0.16921131823994107
0.26995069703774244
0.3596042579799488
0.4438847336437483
0.5218405098882886
0.5913611536574375
0.6503810193708744
0.6872300749342275
0.6932947735193653
0.6811226471562596
0.6588195590815387
0.631551587791756
0.6025475581460747
0.573767175685431
0.5463453661658366
0.5208869604499845
0.49766140786606083
0.44312869388514164
0.3546343894387055
0.26127456322637865
0.1713267964333206
0.0885315982041557
0.015431020915072285
0.0
-0.031037581891832033
-0.17691440497400907
-0.2766539341243708
-0.36584669326691893
-0.4496220768323135
-0.5269245497338246
-0.5956437618956606
-0.6537389933194495
-0.6880387420928321
-0.6925801423805267
-0.6795489007403045
-0.6568112358574951
-0.6293751601693479
-0.6003658184669113
-0.5716754213247667
-0.5443954114172308
-0.5191030147440946
-0.4960505264579018
-0.438254085507743
-0.349113155783082
-0.25578634630365277
-0.1661385517121332
-0.0838120426607845
-0.01131293475368271
0.0
0.04253905331711749
0.1841810493222075
0.2829411621474462
0.37167445141756983
0.4549523759993504
0.5316202915024939
0.5995681426931596
0.6567791186588009
0.6886996187505513
0.6918233404041101
0.677996464659213
0.6548603867320667
0.6272748740553785
0.5982678733591631
0.569668355689249
0.5425270541939445
0.5173953798084118
0.49450961242876834
0.4335714139702842
0.343802897660089
0.2505020349899705
0.1611375008303748
0.07925732147924289
0.007333170749285828
0.0
-0.053613592407260435
-0.1911726152580826
-0.28898736245036255
-0.37727691014435377
-0.46007507324141
-0.5361316892944279
-0.6033369575207392
-0.6596970610121523
-0.6893334487971917
-0.6910962054483079
-0.6765055505667652
-0.6529870379584289
-0.625258112975601
-0.5962534079653371
-0.5677411814994885
-0.5407330841661214
-0.5157557437323473
-0.4930300651864431
-0.4290904220798557
-0.33872308396328776
-0.24544795643653022
-0.15635505935703403
-0.07490233445565404
-0.0035285194780943357
0.0
0.06421757524843455
0.19787086679949972
0.29478235492329363
0.38264842766199014
0.46498833907924014
0.5404604926081633
0.6069553192554765
0.6625010071144433
0.6899472171624456
0.6904047225648813
0.6750813042238022
0.6511956255990631
0.6233287092566555
0.5943257385177387
0.5658967720961212
0.5390159934297953
0.5141862696356565
0.49161376343542473
0.4245166135602841
0.33353758673023737
0.2403073499981012
0.151513313668832
0.07051756114714916
0.0
0.0
-0.07490435807760329
-0.20469361916410236
-0.3007262370038134
-0.3881840425387923
-0.4700733329336129
-0.5449614971076009
-0.6107395412631987
-0.6654581446098866
-0.6906092526351881
-0.6896981716095294
-0.6736056449685381
-0.6493337685582082
-0.6213207519427587
-0.5923181314897785
-0.5639750275350075
-0.5372263869839276
-0.5125501883907827
-0.49013714704104605
-0.4194279569110316
-0.3277404612861547
-0.23454938698571748
-0.14608295175455954
-0.06559418740238036
0.0
0.0
0.08372956829078465
0.21059896156191418
0.3060340144834375
0.39323836583255517
0.4748139305389605
0.5492561806120142
0.6144570551430282
0.6684862254571808
0.6914430706430994
0.689214963884237
0.6723739110780006
0.6477174493664971
0.6195487978873419
0.5905308900469887
0.5622551138928842
0.5356191757594574
0.5110773697237992
0.4888056538907595
0.4145208997706943
0.32210184862424013
0.22891367549785646
0.1407359594789438
0.06071573780089154
0.0
0.0
-0.0923231141964655
-0.21633128968628876
-0.3111749808069775
-0.39812552897493125
-0.4793899786626895
-0.5533936658773286
-0.6180295035416559
-0.6713857205293035
-0.6922210177369291
-0.6887207345494069
-0.6711578178271191
-0.6461316742340127
-0.6178147882749874
-0.5887842959085171
-0.5605756917410685
-0.5340506373929929
-0.5096405117916155
-0.4875070032706356
-0.4098463694154477
-0.316729135982133
-0.22353613221992985
-0.1356250510973655
-0.056043306842016374
0.0
0.0
0.10059744606080029
0.2218627807376103
0.31614366695301926
0.40285498133822817
0.48382427779738985
0.5574093947041588
0.6215040960692854
0.6742143917894552
0.6930000730974806
0.6882695745292082
0.6700074615187577
0.6446220691625208
0.616159791742211
0.5871150039477491
0.5589692743740127
0.5325494792629927
0.5082648744696027
0.48626336395955977
0.4053728627010632
0.31159015075484386
0.2183953192727096
0.1307419008304511
0.05158183861445208
0.0
0.0
-0.10850310244834538
-0.22714740711593268
-0.32089010767608933
-0.4073723228765177
-0.4880590439090497
-0.5612436443864238
-0.6248207276784769
-0.6769133176290106
-0.6937397977504299
-0.6878335641039871
-0.6689034249193612
-0.6431750108389801
-0.6145741498869077
-0.5855160833623895
-0.5574308196219422
-0.5311119772936514
-0.5069476623427338
-0.4827982714458029
-0.3998643749433762
-0.3057883894067961
-0.21280397269970908
-0.12559256699237029
-0.047033645048870074
0.0
0.0
0.11673897689577126
0.23258501116154937
0.3257343511793346
0.41195607296085085
0.4923327758712899
0.5650899299332366
0.6281229512840598
0.6795109371903886
0.6943957209728947
0.6873275506070348
0.6677404302874724
0.6416779603285825
0.6129458848985713
0.5838806617584391
0.5558609965429084
0.5296474428712078
0.505607103297763
0.47658589996328404
0.39275825727396363
0.29879192195945026
0.20628618432189533
0.11977183275571941
0.042074577443791325
0.0
0.0
-0.12615982349648489
-0.238791889287891
-0.33125991017133677
-0.41718503385694194
-0.4972108849231834
-0.5694846944494347
-0.6319024209720991
-0.6808539525344577
-0.6942585449920715
-0.686331795734323
-0.6662857508831335
-0.640017335319025
-0.6112358409893073
-0.5822147190852084
-0.5542918892122457
-0.5282018359600464
-0.5042952998598
-0.4705520864725982
-0.3858573017242699
-0.2919967128309513
-0.19995499001625458
-0.11411692155008821
-0.03725606935655014
0.0
0.0
0.1354637215888216
0.24497341761300198
0.33680130452620605
0.42246161760026446
0.5021666349168803
0.5739860373033925
0.6358156228276821
0.6823549829852724
0.6942868233766002
0.685498780367734
0.6649852819548662
0.6384993601850103
0.6096556091701875
0.5806655525862696
0.552826962630914
0.5268486090247341
0.5030650432003363
0.4648357753734217
0.3793394582865003
0.2856037235304053
0.1940246155046414
0.10884683199121913
0.03279381960059698
0.0
0.0
-0.14425496475978383
-0.25084236215605055
-0.34207916552349893
-0.42749869656499523
-0.5069075490676038
-0.5783024029191975
-0.6395788992334079
-0.6838130635554008
-0.6943364581410809
-0.6847237650317654
-0.6637617382812364
-0.6370660804922614
-0.6081609969091635
-0.57919889222851
-0.5514392036932586
-0.5255661395644261
-0.5018987814917725
-0.4593456250690663
-0.37307761219910224
-0.27946282991590804
-0.18832973268985048
-0.1037879461783579
-0.028512622855430464
0.0
0.0
0.15266492084691788
0.2564502307171005
0.3471180966881499
0.43230464320307604
0.5114279800669386
0.5824149231124343
0.6431609979404916
0.6851935202344029
0.6943722563907128
0.6839727553666606
0.66258327587297
0.6356882667447412
0.6067255486994133
0.5777910312831002
0.5501075224438944
0.5243357656575253
0.5007800670262313
0.4540870748166224
0.3670787418698881
0.2735781695662095
0.18287069791309424
0.098936721154254
0.024405189443744382
0.0
-0.005346859817240951
-0.16056227113458263
-0.2624231937831991
-0.35259198052093343
-0.4374374244919482
-0.5161248631957794
-0.5865438589233782
-0.6466008199803442
-0.6863175137800913
-0.6940958490378597
-0.6828903072694478
-0.6610762844331988
-0.6339976402943462
-0.604999812798031
-0.5761184228608001
-0.5485373050953966
-0.5228923406363306
-0.4994722748584193
-0.44858620363235624
-0.36082139526567775
-0.26743225919729635
-0.17715598037945962
-0.09384239697229267
-0.020073541385513635
0.0
0.017860353518472843
0.16852311942759768
0.26935031697028966
0.359044040892778
0.44336880539106344
0.5213822309537511
0.5909738834190368
0.6500759045746615
0.6871539060904472
0.6933555589824737
0.6812608204214983
0.6589970314305713
0.6317444386521657
0.602741161753751
0.5739529584769169
0.5465186548682306
0.5210455589530467
0.4978046604232492
0.44356144304229295
0.35512430448330146
0.26176133267035895
0.1717867534024709
0.08894980170015009
0.01579572322661811
0.0
-0.030018406748755055
-0.176270552256439
-0.27609692269504305
-0.3653304502392273
-0.44914996991878
-0.5265087271744769
-0.5952963436265185
-0.6534699785330271
-0.6879806041732399
-0.6926476371023994
-0.6796868851499928
-0.6569844989100542
-0.6295616333924344
-0.6005520502387339
-0.5718535662001202
-0.5445612326970314
-0.5192545640028209
-0.4961872747546149
-0.43867018004295866
-0.34958510604090115
-0.2562560544233364
-0.1665831387258841
-0.08421700573226308
-0.011666831504151473
0.0
0.041555047355732455
0.183559986008123
0.2824041775338181
0.3711769516440607
0.454497548792069
0.5312198129121122
0.5992336658424449
0.6565202532567084
0.6886435616339929
0.69188811509661
0.6781290414079896
0.6550269032737611
0.627454106730358
0.5984468849951818
0.5698396004087112
0.542686456592774
0.517541065122975
0.49464107105936544
0.43396934464694636
0.3442540031465123
0.2509508656562746
0.16156222195956632
0.07964409555507723
0.007671084249878515
0.0
-0.05267169240328973
-0.19057760606863333
-0.2884725657351499
-0.37679971352630415
-0.45963856812445314
-0.5357470886026682
-0.6030154538171286
-0.6594478924904025
-0.6892788463308985
-0.6911575592636299
-0.6766320050877634
-0.6531461158986462
-0.6254294556671929
-0.5964246026502239
-0.5679049854419045
-0.5408855829467247
-0.5158951336838128
-0.49315585227709613
-0.4294716913324224
-0.3391552790104452
-0.24587791293829203
-0.15676185405362836
-0.0752727148541091
-0.0038520375657340733
0.0
0.0633159268901208
0.19730137398445602
0.2942896965919044
0.3821918023479708
0.46457070094668435
0.5400925703779199
0.6066478214090875
0.6622627705391803
0.6898951855049685
0.6904636545967768
0.6752025246169304
0.6513480503250444
0.6234928538580478
0.5944897240233783
0.5660536679749338
0.5391620547423785
0.5143197716122248
0.4917342346754266
0.42492913850209674
0.3340053542763778
0.24076966761123814
0.15194704094685868
0.07090850367764319
6.112773273533878e-05
0.0
-0.07414346686334078
-0.20418851161419532
-0.300274582140414
-0.3877555200882374
-0.46967277021205195
-0.5445999677478655
-0.6104280429812661
-0.6652060416637582
-0.6905420038008064
-0.6897417468600082
-0.6737120822738885
-0.6494723759785752
-0.6214722327936931
-0.592470667241191
-0.5641216711562389
-0.5373633328066274
-0.5126756276773715
-0.4902505144343181
-0.41984307203968896
-0.328217007016778
-0.23502532964609008
-0.14653417999767882
-0.06600555466481296
0.0
0.0
0.0830048041778979
0.21011564708765904
0.3056006457126572
0.3928264546011767
0.4744283004239227
0.5489075712526811
0.6141561235216171
0.6682420628926475
0.6913777327975853
0.6892568474227053
0.67247662487374
0.6478513055771981
0.6196951300700569
0.5906782646908976
0.5623968093493235
0.5357515088976065
0.5111985890541725
0.48891521073262906
0.4149163094955316
0.32255631425131187
0.22936848759219441
0.14116814625428706
0.061110766838701744
0.0
0.0
-0.09162401888357274
-0.21586404742595183
-0.31075534670141963
-0.39772614961912256
-0.4790155709134257
-0.553054650142123
-0.6177362278584172
-0.6711470301369875
-0.6921554205796521
-0.6887590226534364
-0.6712551412979797
-0.6462593218910125
-0.6179546989566606
-0.5889253986741815
-0.5607114702991153
-0.5341775133953143
-0.5097567753252945
-0.4876121085451904
-0.41022444642446554
-0.31716347113181387
-0.22397063881013612
-0.13603779676930627
-0.05642042700069799
0.0
0.0
0.09992914503241779
0.2214160254317859
0.31574239370436175
0.40247306377327563
0.4834662375744382
0.5570852030500705
0.6212236535166984
0.6739861608580072
0.692937471040453
0.688306370755942
0.6701007363708674
0.6447443478048268
0.6162937913759199
0.5872501313227323
0.5590992949152341
0.5326709698702051
0.5083761999961128
0.4863640031898089
0.4057353562820721
0.31200663763281017
0.2188120030807177
0.13113774358590458
0.05194353979590584
0.0
0.0
-0.10786279692505041
-0.2267195052199013
-0.32050585356279926
-0.4070066650559867
-0.48771630395989807
-0.560933366151844
-0.6245523868655719
-0.6766950117587356
-0.693680066662357
-0.6878689892151447
-0.6689929097794599
-0.643292248571763
-0.6147025931540728
-0.585645590415568
-0.5575554222918836
-0.5312283994231982
-0.5070543396924961
-0.48328327314778385
-0.40041987908436505
-0.3063365544648168
-0.21331598175626226
-0.12605123403181773
-0.04742593280393008
0.0
0.0
0.11601286461815513
0.2321110477475014
0.3253153226214495
0.4115617567961971
0.4919670397849156
0.5647626887216659
0.6278440535499172
0.6793502741077216
0.6943761098787954
0.6873911506142739
0.6678499119775844
0.641809565702714
0.6130847953415406
0.5840179115160429
0.555991420470601
0.529768315759984
0.5057172411365577
0.4770985550433091
0.39334435802189177
0.29936852335541225
0.20682283809839053
0.12025056389062695
0.0424818645842948
0.0
0.0
-0.1253711548119966
-0.23826810889101988
-0.33079071557146855
-0.4167386756519713
-0.4967921526882791
-0.5691049302307027
-0.6315729603237874
-0.6807299644041311
-0.6942598429724757
-0.6864062054228965
-0.6663996829958987
-0.6401494874240403
-0.6113729950799827
-0.5823489424276403
-0.5544186741350933
-0.528318867355815
-0.5044016418562017
-0.47104514979425155
-0.38642027314312594
-0.2925498156856512
-0.2004690193294848
-0.11457469818620514
-0.03764471291310889
0.0
0.0
0.134704643766701
0.24446771971944814
0.3363471716955748
0.42202864425163333
0.5017595137754289
0.5736157736943244
0.6354932345169249
0.6822307165978236
0.6942835622248947
0.6855663254161755
0.6650912959021266
0.6386233167074313
0.6097847553448789
0.5807922192811001
0.5529467768638596
0.5269593093459999
0.5031656977834738
0.46530689599924896
0.3798767665143115
0.28613073289723473
0.19451345315503255
0.10928119385519036
0.03316153874614103
0.0
0.0
-0.1435319671903926
-0.250360050683569
-0.3416456523596595
-0.4270851256940787
-0.5065184499840258
-0.5779483106042527
-0.6392703599355485
-0.6836938941794042
-0.6943329653594947
-0.6847879764066624
-0.6638627491981909
-0.637184272542654
-0.6082841798806672
-0.5793197340911584
-0.5515535224288626
-0.5256717711944503
-0.5019948329025903
-0.4597972962967266
-0.3735928270322442
-0.27996817793619666
-0.18879846895259522
-0.10420443014976227
-0.0288651841670578
0.0
0.0
0.15197232549412662
0.2559883378419484
0.34670302220679117
0.4319087261865697
0.5110555497548969
0.5820760624497173
0.6428658000533751
0.6850796472597385
0.6943691357451724
0.684034447228872
0.6626801860535873
0.6358016095889346
0.6068436522577829
0.5779068760133915
0.5502171053100956
0.5244370160594733
0.5008721312519058
0.4545196630377573
0.36757220710619526
0.2740622193625031
0.1833197176355964
0.09933572731615418
0.024742999512199132
0.0
-0.00435828389402193
-0.15993017250880237
-0.2618710856772143
-0.35207618227856097
-0.4369617990997424
-0.5157017623226938
-0.5861856426862947
-0.6463178237252144
-0.6862459304063817
-0.6941507850108445
-0.6830167866060547
-0.6612391486424658
-0.634174804396318
-0.6051777690356581
-0.5762892489061779
-0.5486966785305645
-0.5230382258139022
-0.49960405845931155
-0.449075119571515
-0.36137592773124977
-0.26797825381773843
-0.17766565710393206
-0.09429903004435294
-0.020464403766986397
0.0
0.016746073837587555
0.16781740323954056
0.26873834477562025
0.35847561739021055
0.44284773166317815
0.5209219189832511
0.5905877354222955
0.6497750227531108
0.6870849714311235
0.6934250226780215
0.6814081449719477
0.6591835408727976
0.6319458743349878
0.6029427197719476
0.5741459881301955
0.546698468024524
0.5212099816470989
0.49795307971907304
0.4440129387699383
0.35563615497695
0.2622704779890169
0.1722683956938772
0.08938824609378881
0.01617860188009794
0.0
-0.028937326725761825
-0.17558382502743367
-0.2755002873453439
-0.3647755269499102
-0.44864059787759947
-0.5260580425327673
-0.5949174716834792
-0.6531738139215417
-0.687910929467214
-0.6927132052886188
-0.6798286376093382
-0.6571646948799733
-0.6297565920111453
-0.6007473120099408
-0.57204067384348
-0.5447355950702784
-0.5194140436770635
-0.4963312584665378
-0.43910630141874174
-0.3500792210079525
-0.25674734348897643
-0.16704769892811178
-0.08463972031580055
-0.012035797074557028
0.0
0.04052471278255093
0.18290892485964125
0.2818407938167105
0.3706546741001764
0.45401978389097736
0.5307988463979519
0.5988817585962377
0.6562475258147369
0.6885839909782604
0.6919555696853523
0.6782678006770524
0.655201384080651
0.6276420044009114
0.598634601146838
0.5700192013308607
0.5428536552482132
0.5176938870453566
0.4947789765676198
0.4343881168524387
0.34472884131849163
0.2514233384271714
0.16200932689269648
0.08005125796338249
0.008026809770681528
0.0
-0.05168130363703183
-0.18995225662038293
-0.28793171026053765
-0.376298506627639
-0.45918023909425754
-0.5353434080287415
-0.6026781696922985
-0.6591866966350215
-0.6892220075311707
-0.6912224901065251
-0.6767652790193205
-0.6533136158395686
-0.6256097969334385
-0.5966047486897652
-0.5680773312380301
-0.5410460199800607
-0.5160417706862575
-0.4932881735493959
-0.42987258458162
-0.3396097502281334
-0.24633007689247238
-0.15718970920501912
-0.07566232080290643
-0.004192401080077152
0.0
0.062367370859911536
0.19670222123522985
0.29377135613503014
0.38171135301635817
0.4641312519649112
0.5397054101094755
0.6063242173417599
0.6620120216098246
0.6898403375326313
0.6905255529634914
0.6753299618486714
0.6515083249320732
0.6236654671090114
0.5946621782103588
0.5662186712232371
0.5393156665039
0.5144601766436406
0.4918609363617872
0.42536291203905896
0.3344971998266031
0.24125576983929026
0.15240306993654185
0.07131953624887648
0.0004156564690262349
0.0
-0.0730995609943256
-0.2035188801919986
-0.29968956036052075
-0.3872097604713748
-0.46917075861032354
-0.5441550168607527
-0.610053383196974
-0.664912682388628
-0.6904770851683499
-0.6898130074245246
-0.6738598310386842
-0.6496584899050363
-0.6216728111137043
-0.5926711347587151
-0.5643135206843629
-0.5375419638490749
-0.5128389175330396
-0.4903978780030653
-0.4203488382041561
-0.3287950138202741
-0.2356015912663812
-0.1470798642503342
-0.06650252837966747
0.0
0.0
0.08212169537184913
0.2095257364597537
0.30507102733339136
0.39232252671801005
0.4739559952147724
0.5484800289132391
0.6137863926567422
0.6679412934865051
0.6912953274160388
0.6893054825944689
0.6725997126279747
0.6480126218954152
0.6198718890400627
0.5908565004534942
0.5625683028329225
0.5359117478349705
0.5113454184752078
0.48904794427416415
0.4154018191384469
0.32311405227348894
0.2299259718975708
0.1416971438578511
0.06159349987351151
0.0
0.0
-0.09077261769964551
-0.21529590143637903
-0.3102456720932816
-0.397241529763275
-0.4785616976161008
-0.552644163140032
-0.6173816718377029
-0.6708591126558228
-0.6920778238817146
-0.6888075640853489
-0.6713752762966297
-0.6464161417726949
-0.6181262518284153
-0.5890982360229436
-0.5608776833889026
-0.5343327661593629
-0.5098990031411789
-0.48774066140453576
-0.4106876313809479
-0.31769581277008047
-0.22450340672700558
-0.136544090850385
-0.05688322527113722
0.0
0.0
0.09910988735578177
0.22086843416047444
0.3152505790084915
0.4020049777797098
0.4830274116021789
0.5566878515771883
0.620879905966861
0.6737063853439478
0.6928605826125209
0.6883512489592334
0.670214811483453
0.6448939667076365
0.6164577841123672
0.5874155213546023
0.5592584443262713
0.532819684383805
0.508512475377029
0.4864871997009852
0.4061785940960807
0.31251583787696696
0.21932140875551281
0.13162164077130828
0.052385673259908935
0.0
0.0
-0.10707948624026695
-0.22619591169572723
-0.3200355927113774
-0.4065591081719297
-0.4872967474894102
-0.5605534942156052
-0.6242238005553926
-0.6764276265123997
-0.6936067778525822
-0.6879121797135387
-0.6691022813992261
-0.6434356034439673
-0.6148596777711536
-0.5858039909266611
-0.5577078328632734
-0.5313708090187553
-0.5071848325754232
-0.4838767923171838
-0.40109966779139944
-0.3070073427987447
-0.21394250426400552
-0.12661246123616504
-0.04790591318281448
0.0
0.0
0.11512447236541432
0.23153117916838195
0.324802678869323
0.41107935860815165
0.491519618053411
0.5643623729213003
0.627502891958904
0.6790784150156159
0.6943093723499505
0.6874470515462707
0.6679750486642808
0.6419697969048561
0.6132586852094115
0.5841923587436704
0.5561587501146142
0.5299243493370219
0.5058600203778617
0.47777441779084906
0.39411638781599706
0.3001268147052145
0.207527252324043
0.12087754802277563
0.043013786781154584
0.0
0.0
-0.12433440208882404
-0.23757914897339724
-0.33017355290579053
-0.4161517510776072
-0.49624186681442434
-0.5686062666521781
-0.631140871362715
-0.6805697403312941
-0.6942652242214759
-0.6865080705798923
-0.6665535485084654
-0.6403271562157243
-0.6115569844515593
-0.582528772804687
-0.5545884028965802
-0.5284754550133252
-0.5045438740356023
-0.471705173384666
-0.38717479220617723
-0.2932921144165879
-0.2011599069993623
-0.11519102978517701
-0.03816907469596878
0.0
0.0
0.13368818985903852
0.24379183489109302
0.3357409775085428
0.42145123513796406
0.5012170669642821
0.5731229303666041
0.6350646508071127
0.6820663478678918
0.6942805081090233
0.6856576093438591
0.665233778466332
0.6387896200192926
0.6099578743653985
0.5809619322639341
0.5531072596334177
0.5271075544061703
0.5033004708987946
0.4659345206247854
0.38059255383738333
0.2868329253407789
0.19516494081108918
0.1098602509124655
0.03365194175075374
0.0
0.0
-0.14256698687023223
-0.24971604935609965
-0.3410666377625081
-0.42653261600443343
-0.5059985074991624
-0.5774750123409764
-0.6388577997257031
-0.6835342021258948
-0.6943277618369019
-0.6848732162030889
-0.6639971709949437
-0.6373416812976026
-0.6084482969123244
-0.5794807664297293
-0.5517058825935587
-0.5258125661092433
-0.502122866461742
-0.4603994964927987
-0.3742796886321099
-0.28064181269253735
-0.1894232238114753
-0.1047594621742663
-0.02933494572368152
0.0
0.0
0.15104939015758861
0.25537285335315457
0.3461499420758243
0.43138118896838284
0.5105593240801217
0.5816245839098264
0.6424725173414065
0.6849280045282471
0.6943650808521569
0.6841167566422948
0.6628094203536641
0.635952734026014
0.6070011125588898
0.5780613181529098
0.5503631953119602
0.5245719952395352
0.5009948626003523
0.45509654238675856
0.368230287987522
0.2747077566815867
0.18391854971369406
0.09986787022495722
0.025193538165399196
0.0
-0.003039996854511201
-0.15908729084942222
-0.2611348905813602
-0.35138841936223436
-0.43632761680958315
-0.515137629263203
-0.5857080386875859
-0.6459405284981791
-0.6861505258773407
-0.6942240752426714
-0.6831854675283371
-0.6614563406752901
-0.6344110600576317
-0.6054150776144602
-0.5765170472227644
-0.5489092034591762
-0.5232327633536491
-0.49977979109559895
-0.44974577386005726
-0.3621366221521313
-0.26872624631494507
-0.17836268072594652
-0.09492219037461218
-0.020996360839701134
0.0
0.015229961670890912
0.16685821204001156
0.26790718943278613
0.3577040500011543
0.4421408460498784
0.5202978957011396
0.5900647403317422
0.649368090388339
0.6869928183883374
0.6935206326224341
0.6816093291432561
0.6594377965346372
0.632220275505726
0.6032171781365976
0.5744087696725316
0.5469432182901558
0.5214337589691349
0.4981550610096423
0.44462789897529054
0.35633343904993536
0.26296417228068625
0.17292470675378754
0.0899857791275582
0.016700492943664463
0.0
-0.027461887978624422
-0.17464597324832082
-0.2746850589749502
-0.3640169748581853
-0.447944005594367
-0.5254413791325747
-0.5943986945692634
-0.652767839216134
-0.6878145252957563
-0.6928017035536367
-0.6800213429712838
-0.6574100350910815
-0.6300222031251573
-0.6010134285903842
-0.5722957313088869
-0.5449733115606467
-0.5196314904677535
-0.49652759002287966
-0.43970065707591294
-0.35075252052189015
-0.25741671294552815
-0.1676805756000369
-0.08521551668373965
-0.012538305793101667
0.0
0.03912072283446852
0.1820216282431562
0.28107291172065485
0.36994276621467737
0.453368503423661
0.5302249444985353
0.5984019523910658
0.6558756157583091
0.6885026724233086
0.6920474261589407
0.6784568721577682
0.6554391620756853
0.6278980818058532
0.598890439437888
0.5702639842123132
0.543081537700852
0.5179021766629224
0.4949669369458201
0.4349591080943911
0.3453762954633086
0.25206757217533754
0.16261897269101194
0.08060644132465225
0.008511856718785946
0.0
-0.05033105776344615
-0.18909973481050205
-0.28719440835631266
-0.37561527819259627
-0.4585554832741812
-0.5347931690165114
-0.602218460680759
-0.6588307273392376
-0.6891446111163859
-0.6913110825012747
-0.676947028936662
-0.6535420150869641
-0.6258556943550299
-0.5968503734217657
-0.5683123167307441
-0.5412647661093425
-0.5162416998591121
-0.49346858330832205
-0.4304191411867712
-0.34022935729178255
-0.24694654601836652
-0.15777304444132095
-0.07619351559341836
-0.004656466606969542
0.0
0.06107407736368223
0.19588531065462303
0.29306462455368226
0.3810562807519536
0.46353207846850997
0.5391775265666752
0.6058829865442693
0.6616701224281509
0.6897655378530376
0.6906099308461084
0.6755036993046278
0.6517268355807391
0.6239008021812098
0.5948972977828199
0.5664436331754265
0.5395250980292238
0.5146516026545945
0.4920336796425483
0.4259542985786651
0.3351677563813286
0.24191849412363586
0.1530247920795802
0.07187991107600948
0.0008989957118260561
0.0
-0.07167635422337346
-0.20260593671333654
-0.29889196788300926
-0.38646569509772566
-0.46848633639103604
-0.5435483878721027
-0.6095425852903944
-0.6645127254396149
-0.6903885754720176
-0.6899101593374681
-0.6740612641831593
-0.6499122288078947
-0.62194627038627
-0.5929444431315604
-0.5645750797745301
-0.5377855015036445
-0.5130615397292918
-0.49059878702462
-0.42103838479764916
-0.3295830515746646
-0.23638724972325115
-0.14782383435772034
-0.0671800878663325
0.0
0.0
0.0809176960508205
0.20872147437532432
0.30434896620943575
0.3916354915905205
0.4733120737211116
0.547897135853226
0.6132823179524932
0.6675312385417906
0.6911829813931594
0.6893717920122504
0.672767527621277
0.6482325560384407
0.6201128769097575
0.5910995015504568
0.5628021116078057
0.5361302124526978
0.511545600948133
0.4892289088556801
0.41606374624834774
0.32387445326191355
0.2306860272446995
0.1424183616727274
0.062251642390137404
0.0
0.0
-0.08961184517930898
-0.21452130969811178
-0.30955079826120063
-0.39658081469968437
-0.4779429013427613
-0.5520845182615413
-0.616898281372172
-0.6704665749434817
-0.691972030601204
-0.6888737433996626
-0.6715390639555766
-0.6466299444314593
-0.6183601410002991
-0.5893338764471555
-0.5611042925530411
-0.5345444324099484
-0.5100929116368911
-0.4879159259422517
-0.4113191213626514
-0.31842158843656265
-0.22522976349275936
-0.1372343540638341
-0.05751418778725745
0.0
0.0
0.09799294033918188
0.22012186744398937
0.3145800560628719
0.40136680568022925
0.48242913156241557
0.5561461163929808
0.6204112524737925
0.6733249490683396
0.6927557555298599
0.688412434267447
0.6703703374547868
0.6450979518514557
0.6166813660467815
0.5876410083188557
0.5594754230508093
0.5330224365374356
0.5086982684546948
0.48665516150697397
0.40678288919798833
0.3132100638819248
0.2200159148348093
0.13228136945345664
0.05298846272328324
0.0
0.0
-0.10601154770866358
-0.22548206253790765
-0.31939445548215384
-0.4059489247557808
-0.48672473887448864
-0.5600355901233188
-0.6237758175082851
-0.6760630828707765
-0.6935068585154107
-0.6879710641952195
-0.669251394906565
-0.6436310485259775
-0.615073841502606
-0.5860199486968459
-0.5579156241538833
-0.5315649653235608
-0.5073627420461805
-0.48468597572532535
-0.40202646809513226
-0.3079218723153869
-0.21479668330010743
-0.12737761893222913
-0.048560301786609
0.0
0.0
0.1139132691914225
0.23074060646475908
0.324103758160946
0.410421673650962
0.4909096187820005
0.5638165962404988
0.6270377640732688
0.6787077717511494
0.694218384706559
0.6875232649250385
0.6681456556691622
0.6421882505551795
0.6134957606115925
0.5844301940317765
0.5563868815371416
0.5301370800946901
0.506054680634925
0.47869586556159766
0.395168946391944
0.3011606427619562
0.2084876261814362
0.12173235638168277
0.043738991001904357
0.0
0.0
-0.12292092947072764
-0.2366398449716965
-0.32933213477976453
-0.4153515585130041
-0.49549162617955206
-0.5679264060595116
-0.6305517762886191
-0.680351296396646
-0.6942725608268102
-0.6866469499920822
-0.6667633233982722
-0.6405693836691608
-0.6118078291641423
-0.5827739472888748
-0.5548198051893931
-0.5286889411818818
-0.5047377884444015
-0.47260502661061365
-0.3882034772757809
-0.29430413870991945
-0.2021018392384683
-0.11603131486796076
-0.038883971327388814
0.0
0.0
0.13230239193139923
0.2428703570099282
0.3349145134261351
0.42066401562458877
0.5004775138393753
0.5724510049072243
0.6344803346775003
0.6818422532574735
0.694276344235859
0.6857820626798395
0.6654280342434511
0.6390163521755462
0.6101938988217332
0.5811933130467124
0.5533260562641071
0.5273096665691305
0.5034842158803147
0.466790202225918
0.3815684333963879
0.2877902701137656
0.1960531564393007
0.11064971717984062
0.0343205401640843
0.0
0.0
-0.14125136623842804
-0.2488380403276329
-0.3402772293835736
-0.4257793434951997
-0.5052896359850477
-0.5768297339374653
-0.6382953294733203
-0.6833164835296861
-0.6943206675346704
-0.6849894291787686
-0.6641804370006279
-0.6375562869232336
-0.6086720483693107
-0.5797003123233957
-0.5519136051467832
-0.526004521002712
-0.5022974229664587
-0.4612205153099918
-0.375216131864668
-0.2815602229062966
-0.190274992871872
-0.1055161735455386
-0.029975402302694798
0.0
0.0
0.14979109219725892
0.2545337231927934
0.3453958918479532
0.4306619630599945
0.5098827872417327
0.5810090537598908
0.641936329360597
0.6847212600984698
0.6943595525518528
0.6842289744357494
0.6629856139066864
0.6361587718310283
0.6072157884607201
0.578271879198136
0.5505623693429998
0.5247560211622989
0.5011621902551782
0.4558830396414184
0.36912749258915106
0.2755878598264044
0.18473497655620885
0.10059337537186624
0.02580778690641297
0.0
-0.0012426901228669573
-0.157938135290027
-0.2601311877747279
-0.35045074730588965
-0.43546299471673405
-0.5143685098568453
-0.5850568899953258
-0.6454261372989187
-0.686020454658382
-0.694323996597551
-0.6834154412351967
-0.6617524527442135
-0.6347331628150595
-0.6057386158829909
-0.5768276195303221
-0.5491989525604031
-0.5234979890740598
-0.5000193788642088
-0.4506601206080197
-0.36317372648712637
-0.26974603328867197
-0.17931297850669953
-0.09577178551055886
-0.02172161262414532
0.0
0.013162947036246958
0.165550484095865
0.26677402112568976
0.3566521218392211
0.4411771027729548
0.5194471240466244
0.5893517070022983
0.6488132929453915
0.6868671801326311
0.6936509838976535
0.6818836166501266
0.6597844398671656
0.6325943845249172
0.6035913651319811
0.5747670368942086
0.5472769022958632
0.5217388491924726
0.4984304352812137
0.4454663143459108
0.3572840919204629
0.2639099309681316
0.17381949844233116
0.09080043489813072
0.017412021081049847
0.0
-0.025450326070645707
-0.17336733872834645
-0.273573604948563
-0.36298279130031175
-0.4469942958859364
-0.5246006416852981
-0.5936914118821834
-0.652214347412699
-0.6876830911989785
-0.6929223590123427
-0.6802840707641541
-0.6577445234079414
-0.6303843280865077
-0.6013762426870993
-0.5726434677925287
-0.5452974059616182
-0.5199279498646707
-0.4967952616431608
-0.4405109809216735
-0.3516704736782199
-0.2583293079982098
-0.16854341765848962
-0.08600053743960123
-0.013223408714939891
0.0
0.037206571735863
0.18081191887482906
0.2800260079591498
0.36897217574642455
0.45248057027021227
0.5294425065952174
0.5977478012869224
0.655368566513361
0.6883918055317703
0.6921726600824991
0.6787146456432714
0.655763340329983
0.6282472088396098
0.5992392404720753
0.5705977126852934
0.5433922247165734
0.5181861514882672
0.4952231955927702
0.43573757770848776
0.34625901194165176
0.252945898076814
0.16345014258378954
0.08136335902364006
0.009173152869701898
0.0
-0.04849017946809392
-0.18793743620487383
-0.286189196565511
-0.3746837882903183
-0.4577037129028938
-0.5340429922711606
-0.6015917093919195
-0.6583454111733162
-0.6890390915344325
-0.6914318662931886
-0.6771948204571262
-0.653853406682695
-0.6261909423532988
-0.597185249644524
-0.5686326877844331
-0.5415629969793375
-0.5165142763447099
-0.49371454770337986
-0.43116429746629403
-0.34107410802750393
-0.2477870185988137
-0.1585683434282885
-0.07691772810877212
-0.005289157417426929
0.0
0.05931084596020286
0.19477156316129662
0.2921010912786005
0.3801631779941381
0.4627151861481912
0.5384578284913659
0.6052814278102409
0.6612039889667907
0.6896635585695917
0.6907249687186583
0.6757405669137171
0.6520247454046462
0.6242216498394173
0.595217851636175
0.5667503384823381
0.5398106296919176
0.5149125862247903
0.49226919182773016
0.42676057443273036
0.3360819698824008
0.24282202937948788
0.15387242644103075
0.07264390663912157
0.0015579636366813698
0.0
-0.06973600357635962
-0.20136126130448975
-0.2978045580200303
-0.3854512622277825
-0.46755321892481194
-0.5427213309927741
-0.6088461811776875
-0.6639674380361028
-0.6902679044282527
-0.6900426128789962
-0.6743358911313931
-0.6502581676091869
-0.6223190952542265
-0.5933170622680826
-0.5649316803474029
-0.5381175322775702
-0.5133650550942782
-0.49087269940187983
-0.42197848865756427
-0.33065743486022137
-0.23745838915726242
-0.14883813734495194
-0.06810384892141844
0.0
0.0
0.0792762052223327
0.20762497140208078
0.3033645331687527
0.3906988117760677
0.4724341735365776
0.5471024397140432
0.6125950800201746
0.6669721838819015
0.6910298127302268
0.6894621959678258
0.6729963207506231
0.6485324066050835
0.6204414313956048
0.59143080080039
0.5631208783653013
0.5364280595196234
0.5118185227742434
0.4894756296765739
0.4169661946642667
0.3249111575412866
0.23172226028874243
0.1434016449751222
0.06314893102312184
0.0
0.0
-0.08802928826850767
-0.21346525824361245
-0.3086034314293468
-0.39568001874557945
-0.47709925601036923
-0.5513215178850398
-0.6162392436120269
-0.6699314026693873
-0.6918277957194724
-0.6889639699766913
-0.6717623663572349
-0.6469214355455637
-0.6186790173682705
-0.5896551404116849
-0.5614132436114737
-0.5348330108193942
-0.5103572797405256
-0.4881548755215373
-0.41218007285584884
-0.31941108575542543
-0.2262200530621724
-0.1381754349384906
-0.058374420152211184
0.0
0.0
0.09647013359699072
0.21910402433015946
0.3136658883832878
0.4004967440198958
0.48161345734982514
0.5554075334712012
0.6197723065897087
0.6728049121072485
0.6926128379286952
0.688495852190129
0.6705823761586942
0.6453760581068987
0.6169861898854224
0.5879484294089689
0.559771244302604
0.5332988617769092
0.508951572279422
0.48688415479563407
0.4076067641372486
0.3141565474887952
0.22096278028529867
0.13318082060938577
0.05381028492729638
0.0
0.0
-0.10455555743159378
-0.22450882540644146
-0.31852035126698364
-0.40511702189353604
-0.48594488220944626
-0.5593294976839982
-0.6231650529918085
-0.6755660767397448
-0.6933706319638737
-0.6880513452509731
-0.669454691079931
-0.6438975115579654
-0.6153658248906643
-0.5863143780149588
-0.5581989195775752
-0.5318296712814998
-0.5076052976352479
-0.4856671040600662
-0.40322459828636487
-0.30912183234487434
-0.21592578872883927
-0.12839584888822692
-0.049438098664959546
0.0
0.0
0.1122973436831268
0.22968286682159728
0.3231668502980316
0.40953881647646384
0.4900896917662826
0.563081903223164
0.6264104583247047
0.678206547963798
0.6940934921396253
0.6876234785403512
0.6683730555139867
0.6424802247646597
0.6138129886837607
0.5847486352953419
0.5566924444772374
0.5304220847417689
0.5063155190406065
0.4799245632751701
0.39657292135884203
0.3025403993240112
0.20977018955236537
0.12287482252739218
0.04470919014848179
0.0
0.0
-0.12104152004160756
-0.23539348529162707
-0.32821732686514504
-0.41429262899036545
-0.4944999929519047
-0.567029056909141
-0.6297756289809996
-0.6800664058540513
-0.6942867195648074
-0.6868351494037904
-0.6670451327218615
-0.6408938373168156
-0.6121433437414179
-0.5831016061604185
-0.5551288962169371
-0.5289740007046879
-0.504996651028801
-0.4738037038838058
-0.38957396109219583
-0.2956527536357504
-0.20335740723214663
-0.11715176363907104
-0.03983762448732271
0.0
0.0
0.13045582085510307
0.24164278102689662
0.3338136744057286
0.41961555068036455
0.4994926160568429
0.5715562477939208
0.6337023199856078
0.6815438902608453
0.6942708279837878
0.685947804286678
0.6656867187980009
0.6393182782038987
0.6105081956935767
0.5815014244912894
0.5536174093308587
0.5275788016790505
0.5037288926054216
0.4679288982161173
0.3828670124145671
0.28906413861134017
0.1972349980827774
0.11170012466553264
0.03521008878383361
0.0
0.0
-0.13950042763465398
-0.24766940997350245
-0.33922646431130865
-0.4247766338255299
-0.5043459896862363
-0.575970700761423
-0.6375464899298824
-0.6830265451377351
-0.6943110981199111
-0.685144003541719
-0.6644242761569414
-0.6378418529148685
-0.6089697986837969
-0.579992474269009
-0.5521900379086285
-0.5262599734567315
-0.5025297236160031
-0.46231336292188824
-0.37646261015232063
-0.28278267736314777
-0.1914087212567826
-0.10652335304018445
-0.03082782071729462
0.0
0.0
0.14811641244258678
0.25341694440889556
0.3443923616323472
0.42970479261099337
0.5089824421802
0.5801899115724584
0.6412227911025891
0.6844461706296912
0.6943522543266519
0.6843783776877399
0.6632201562826051
0.6364330283139485
0.6075015363721912
0.5785521461929914
0.5508274774241045
0.5250009651596461
0.5013849074837242
0.45692990406861844
0.37032172045479317
0.27675933164803324
0.18582169823327843
0.10155908093230168
0.02662540868735884
0.0
0.0
-0.15637174075040675
-0.2589224320698562
-0.34933980306078144
-0.43442389176865104
-0.513421598347841
-0.5842289428868329
-0.6447413940401269
-0.6858035105864322
-0.6943895035311201
-0.68364310459349
-0.6620651018179251
-0.6350821038527638
-0.6060938632767249
-0.5771713926138446
-0.5495213569951986
-0.5237941582954474
-0.5002875901675203
-0.4517740627308539
-0.3644403247065193
-0.2709901613877313
-0.18047004106487835
-0.09680351707197961
-0.022599216551919016
0.0
0.010632857491230913
0.16394234144901423
0.2653756405258122
0.355350339829562
0.4399810252048595
0.5183876461438859
0.5884597195542156
0.648114480126252
0.6867005581837099
0.6938022706200936
0.6822141071364843
0.6602054844242333
0.6330503480915114
0.6040482669546307
0.575204992180628
0.5476851067129037
0.5221122623800021
0.4987675980947075
0.4464838594518723
0.3584378132599139
0.26505827142222965
0.1749066405394985
0.09179095502365052
0.018277952085433355
0.0
-0.022990943385862328
-0.1718006511008882
-0.272209613806512
-0.36171206242036924
-0.4458259023203007
-0.5235647742756964
-0.5928182493905071
-0.6515290070633233
-0.6875166585268354
-0.6930660695510481
-0.6806027732883436
-0.6581518232772882
-0.6308259906776675
-0.6018191288372419
-0.5730681720253776
-0.545693371240833
-0.5202902370763832
-0.49712242327575223
-0.44150048471026454
-0.35279109487036375
-0.2594431039106546
-0.16959621846344197
-0.0869581167574293
-0.014058836496651461
0.0
0.03487220592549106
0.1793368866451415
0.2787496773601682
0.36778904628888404
0.4513983686963317
0.5284890729543781
0.5969509154804397
0.6547511555268873
0.6882574847333531
0.6923261949746394
0.6790297374366326
0.6561593374371404
0.6286735587734522
0.5996651255261911
0.5710051551540064
0.5437715125034129
0.5185328139953208
0.4955360140027946
0.43668853898315463
0.34733745333238397
0.2540190798482144
0.16446580286438464
0.08228837802304398
0.009981406023951353
0.0
-0.046241354077025454
-0.18651778636470326
-0.28496155493123265
-0.3735462833600782
-0.4566636533512756
-0.5331270833802922
-0.6008266044790225
-0.6577530940343853
-0.6889105324178477
-0.6915796270506283
-0.6774976475620119
-0.6542338719113475
-0.6266005150631421
-0.597594346021096
-0.569024051203641
-0.541927306178892
-0.5168472420208058
-0.4940150022262624
-0.4320742085630262
-0.34210562320224613
-0.24881331949279567
-0.15953949693568006
-0.07780209253714206
-0.006061778645507582
0.0
0.05715747042816585
0.19341132422913246
0.29092427375365837
0.3790723519101555
0.4617174141305153
0.5375787409268421
0.6045466081248568
0.6606345520875915
0.6895388893740045
0.6908653630693122
0.6760297682164147
0.6523885107117554
0.6246134398719995
0.59560929173371
0.567124872773644
0.5401593108626233
0.5152312921097819
0.49255679402810515
0.4276559049136886
0.3370969596164835
0.2438302545674701
0.15482450326982483
0.07350878636324776
0.0023112897980919617
0.0
-0.06761000733978395
-0.20001357097424738
-0.2966359710453815
-0.3843664703497574
-0.4665596933553463
-0.541844791896694
-0.6081122731304631
-0.6633973669821422
-0.6901429851277598
-0.6901829920926827
-0.6746252151642433
-0.6506221309243604
-0.6227111188088293
-0.5937087466641824
-0.5653064548073702
-0.5384664409578773
-0.5136839713889041
-0.49116049304803056
-0.4229644975516941
-0.3317776216394636
-0.23856789016022717
-0.1498814243371664
-0.0690466484858303
0.0
0.0
0.07757400144583917
0.20648434153385856
0.3023383561892852
0.3897209664841841
0.4715164302527421
0.5462704247009585
0.6118742397248956
0.666384301547025
0.6908668781862348
0.6895543828075872
0.6732335651733333
0.6488442422275335
0.620783523292145
0.5917759664400799
0.5634531120036971
0.5367385655673583
0.512103091650996
0.4897329096400645
0.4179209315354031
0.3260083540345546
0.23281866854748368
0.14444158730150786
0.06409741922780415
0.0
0.0
-0.08636065417607222
-0.21235272105378733
-0.30760600679690925
-0.3947320988001932
-0.47621193707994264
-0.5505195162895213
-0.6155470828452274
-0.6693699990867336
-0.6916780397140957
-0.6890610057460071
-0.6719993883301472
-0.6472300965238653
-0.6190163459906451
-0.5899948182503104
-0.5617398004712749
-0.5351379719348772
-0.5106366172670662
-0.48840733047100315
-0.41308839593108015
-0.3204551689016961
-0.22726520129896494
-0.13916889265241877
-0.059282779322900964
0.0
0.0
0.09486136767143316
0.2180284440030532
0.31269967037033963
0.3995769853050119
0.4807510342213147
0.554626446266804
0.6190963916328911
0.672254550010305
0.6924610034583878
0.6885832361245102
0.6708057352602134
0.6456692967176949
0.6173077266155758
0.5882727733403402
0.5600833889650815
0.5335905638940869
0.509218889993145
0.48712582646195424
0.40847583534605286
0.3151548515466498
0.2219613979715367
0.13412934780533234
0.0546768649787773
0.0
0.0
-0.10301963674104084
-0.2234820629344278
-0.31759812078372424
-0.40423928329800474
-0.4851220302785488
-0.558584450771939
-0.6225205662875997
-0.6750415998636259
-0.6932268531205711
-0.6881360286228161
-0.6696691832282203
-0.6441786603667057
-0.6156739055066017
-0.5866250420333526
-0.5584978373048853
-0.5321089753517854
-0.5078612303561655
-0.4858984681168604
-0.40405813915722766
-0.31007955384098806
-0.21688398011344173
-0.12930612992244875
-0.05026988174650596
0.0
0.0
0.11082511754329555
0.22869905923365447
0.32228342443411256
0.40869816552263266
0.48930174828326023
0.5623686074840158
0.625793593842756
0.6777047293476371
0.6939562349879821
0.6877049815891229
0.6685788370563865
0.6427498049348628
0.6141083251653386
0.5850464124395488
0.5569789418102667
0.5306897707788613
0.5065607980099558
0.4810396093244089
0.3978500582636143
0.3038006696885288
0.2109473421496098
0.12392934520276543
0.04561110860242852
0.0
0.0
-0.11937207573600236
-0.23430376048154494
-0.32725390029424895
-0.41338601565113425
-0.4936590858213365
-0.5662766521982715
-0.6291343707924243
-0.6798508797634996
-0.6943290167993649
-0.687026210778204
-0.6673149204019759
-0.6411980902184412
-0.61245474287527
-0.5834038923308466
-0.5554129628734538
-0.5292353069877357
-0.5052335161856663
-0.47488324401184534
-0.39080952359511634
-0.29687080622830647
-0.20449382478322614
-0.1181683974681661
-0.04070560284117099
0.0
0.0
0.12878889942174276
0.24053658617509743
0.33282277044381786
0.41867246903157707
0.4986072659676146
0.5707524504202915
0.6330039292488108
0.6812761832299702
0.6942660624038218
0.6860967998454549
0.6659191537179625
0.6395895244875406
0.610790534638839
0.5817781950892736
0.553879119135185
0.5278205496948961
0.5039486683547851
0.46894673845124873
0.3840272938582746
0.2902020256836386
0.19829039977879534
0.11263788174413916
0.03600396307994018
0.0
0.0
-0.13793411787948576
-0.24662331937099655
-0.33828546114871316
-0.42387836810191415
-0.5035003627934822
-0.5752006172932784
-0.6368748836561358
-0.6827659671389842
-0.6943016786283711
-0.6852816625166959
-0.6646419555067651
-0.6380969765113436
-0.6092359044468667
-0.5802536397714793
-0.5524371752374699
-0.526488373806143
-0.5027374364878526
-0.4632921009705132
-0.3775788751151671
-0.28387729018595986
-0.19242373167242582
-0.10742490141086643
-0.03159066083586268
0.0
0.0
0.14661810676638903
0.2524179638629544
0.34349480325589393
0.4288487908467731
0.508177349340617
0.5794575270194672
0.6405849339085257
0.6842005146878407
0.6943461252362795
0.6845123937864865
0.6634302991515839
0.636678663121
0.6077574180526429
0.5788030944291429
0.5510648374040421
0.5252202622388108
0.5015842991534597
0.4578672441422822
0.37139105247021464
0.27780833413148065
0.186794857504324
0.10242391789659326
0.02735767933507624
0.0
0.0
-0.15493343277181162
-0.2579631767110332
-0.3484777439440462
-0.4336015879975113
-0.512648041228613
-0.5835250729886702
-0.6441281740283346
-0.6855668241807424
-0.6943828113713703
-0.6837710146055184
-0.6622661620044255
-0.6353173051731984
-0.6063389677630386
-0.5774118227576157
-0.5497487989701237
-0.5240043109888365
-0.5004786794055743
-0.4526715499633921
-0.365464074530984
-0.27199435168748476
-0.18140153592833783
-0.09763123580730443
-0.023299964134131657
0.0
0.008581802264987837
0.16263081780543204
0.2642300419529051
0.35428005041345856
0.43899406570155736
0.5175096486129049
0.5877163336646233
0.647527154729354
0.686551930550933
0.6939161839272286
0.6824764840514236
0.6605433693377593
0.6334179132532348
0.6044174826010679
0.5755594185092237
0.5480157738898597
0.5224149457461837
0.4990410244251065
0.4472996040370132
0.3593626828078821
0.2659794182474387
0.17577942188698428
0.09258694868962943
0.01897467065830291
0.0
-0.0210001890093095
-0.1705289141874999
-0.27110015898053474
-0.36067682560220904
-0.44487250776186693
-0.5227179110929245
-0.592102604656122
-0.650965179081407
-0.6873759045376491
-0.6931783962771548
-0.6808581065452008
-0.6584797781291445
-0.6311823638006574
-0.6021768929773262
-0.573411483916135
-0.5460135950439774
-0.5205833145540943
-0.4973871426603613
-0.4423001708979264
-0.3536964190937092
-0.26034261531349306
-0.1704461825354762
-0.08773092371632636
-0.014732777501752364
0.0
0.032988850935638636
0.17814709778945712
0.27772036433164177
0.3668350700398786
0.45052595249291894
0.5277206657824324
0.5963089140222676
0.6542540374986667
0.6881500504616884
0.6924509198790612
0.6792847217039668
0.6564795138436759
0.629018146529269
0.6000092670990733
0.5713343527822786
0.5440779371025599
0.5188128650292283
0.4957887140304889
0.4374574487457526
0.3482095800487491
0.2548870632708911
0.16528736447202264
0.08303671772214284
0.010635379204383566
0.0
-0.044422988953236486
-0.18537011052264546
-0.2839692498718608
-0.3726269431595328
-0.4558231686750907
-0.5323870306458671
-0.6002085177348051
-0.6572747312618553
-0.6888069433031221
-0.6916993255542886
-0.6777426388986535
-0.6545415812987534
-0.6269317228583317
-0.5979251453538365
-0.5693404978894475
-0.542221869193628
-0.5171164569496747
-0.49425792736935314
-0.4328095529532776
-0.34293923043154995
-0.24964272303452745
-0.1603243479612807
-0.07851682041198073
-0.006686216045068721
0.0
0.05541691378218508
0.19231179434830678
0.2899729701755593
0.37819053033517375
0.4609107872283969
0.5368680292937114
0.6039524947310394
0.6601741083837661
0.6894379883387219
0.6909787400632973
0.6762634461610819
0.6526824741526487
0.624930067602544
0.5959256459595743
0.5674275694924714
0.5404411165373378
0.5154888737059468
0.4927892386142941
0.42836046031123376
0.33789562185117483
0.24462478014748196
0.15557622766737617
0.074193220020389
0.00290912561445833
0.0
-0.06594383254794864
-0.19896119333303408
-0.2957255774477745
-0.38352266291589493
-0.46578793114661965
-0.5411649007399453
-0.6075440414518981
-0.6629571246499097
-0.6900468347436157
-0.6902918938226124
-0.6748492208549817
-0.6509037997520728
-0.6230144450385522
-0.5940117788975446
-0.5655963859715676
-0.5387363507013435
-0.5139306724736086
-0.4913831143630708
-0.42372681098871773
-0.332642019036285
-0.23942221651227769
-0.15068291801314576
-0.06976907933521018
0.0
0.0
0.07626282045135357
0.20560483786472725
0.30154657251435557
0.38896611454734237
0.47080766075919295
0.5456275519472349
0.6113169386729336
0.6659294245442124
0.6907403467812261
0.6896250039049764
0.6734163101653009
0.6490846704542776
0.6210473802569909
0.5920422478908104
0.5637094480122865
0.5369781564347044
0.5123226808121824
0.4899314486673097
0.41866109895035153
0.3268590692033646
0.23366870160807085
0.14524773463243273
0.06483254887357102
0.0
0.0
-0.08506841048216596
-0.21149137150352154
-0.30683393121955366
-0.3939984598800018
-0.4755253136797986
-0.549899035760293
-0.6150117215967674
-0.6689359384177076
-0.6915626359175281
-0.6891366214582754
-0.6721833331651854
-0.6474694572536396
-0.6192778568784748
-0.5902581070325638
-0.5619928938891622
-0.5353743126074781
-0.5108530904677223
-0.4886029648781488
-0.4137919624940727
-0.3212639267986748
-0.22807484054335905
-0.1399385491033335
-0.05998656917909009
0.0
0.0
0.09361471811699698
0.21719489578036033
0.31195082728450785
0.39886411032817365
0.48008255909759096
0.5540209728030969
0.6185723952800104
0.6718278290795345
0.6923431357609034
0.6886507677370243
0.6709786587209658
0.6458963909501598
0.6175567672248022
0.5885240049009353
0.5603251808280236
0.533816526520781
0.509425967273798
0.4873130394032112
0.40914896578940596
0.3159280528874151
0.22273482023549568
0.1348639544397634
0.05534798555706767
0.0
0.0
-0.1018299908045518
-0.22268676118498745
-0.31688377360056286
-0.40355939082927517
-0.48448464612115183
-0.5580073282986401
-0.6220213324020741
-0.6746353210631597
-0.6931154713308764
-0.6882016189771054
-0.6698353267928134
-0.6443964382140268
-0.615912545920217
-0.5868656841947029
-0.5587293810880285
-0.5323253264806415
-0.5080594779934201
-0.4860776847491635
-0.4047038585608599
-0.3108214753977421
-0.2176262662200414
-0.13001130108852005
-0.050914242312142435
0.0
0.0
0.10968467230721102
0.22793697363414003
0.3215991043956682
0.4080469850316667
0.4886914007077804
0.5618160879038414
0.6253157758540557
0.6773160317348383
0.6938499330018257
0.6877681342003351
0.6687382566410504
0.6429586425297432
0.6143371124741375
0.5852770887894339
0.5572008791692178
0.5308971352397917
0.5067508043481089
0.48190336677481793
0.3988393790765562
0.30477692754675656
0.211859216267325
0.12474622764708343
0.046309779733821485
0.0
0.0
-0.11807884339009314
-0.23345960598906368
-0.32650758191205204
-0.41268370698287715
-0.4930076758165559
-0.5656937999348828
-0.6286376175359507
-0.6796839187954636
-0.6943617781957461
-0.6871742122158258
-0.6675239072956771
-0.6414337758443613
-0.6126959646407669
-0.5836380550731951
-0.5556330122026102
-0.5294377253122104
-0.5054170014882293
-0.47571949433284005
-0.39176663366958103
-0.29781435189616695
-0.2053741325390493
-0.11895591609327505
-0.041377967360795395
0.0
0.0
0.12749764290890608
0.2396796876744159
0.33205518001932394
0.4179419232385787
0.4979214409213686
0.5701297988877395
0.6324629293778735
0.6810688068928081
0.6942623702674369
0.6862122168134761
0.6660992059456546
0.639799641478499
0.6110092444599308
0.58199259150413
0.5540818489404327
0.5280078163951083
0.504118914555781
0.469735196505283
0.3849260923877532
0.2910834766319391
0.1991079543289226
0.11336430419692169
0.0366189283492596
0.0
0.0
-0.1367207960164835
-0.2458129789886271
-0.33755652559897453
-0.4231825387062147
-0.5028453095139367
-0.574604082858029
-0.636354633392386
-0.6825641144803924
-0.6942943825512915
-0.6853882987825081
-0.6648105784468182
-0.6382946050903778
-0.6094420401663605
-0.5804559485369697
-0.5526286172211613
-0.5266653013979598
-0.5028983387642303
-0.4640502683582657
-0.37844357607892976
-0.28472521864575734
-0.1932099971639564
-0.10812327497438483
-0.03218158579775325
0.0
0.0
0.14545746226865056
0.2516441155514124
0.34279952039083417
0.4281856992952734
0.5075536937600464
0.5788901940249048
0.6400908253839653
0.6840102201461871
0.6943413772944207
0.6846162076377604
0.6635930836990598
0.636868941081032
0.607955633639313
0.5789974883914052
0.5512487053952605
0.5253901380286475
0.5017387554639899
0.45859334299010324
0.37221939721799924
0.2786209308452454
0.18754870320374323
0.103093853057309
0.027924923638783086
0.0
0.0
-0.1538192653301931
-0.2572201014162247
-0.3478099605006435
-0.43296460053111124
-0.5120488147452941
-0.5829798288425646
-0.6436531506901005
-0.6853834779535196
-0.6943776273493395
-0.6838700984962599
-0.6624219107768877
-0.6354995009556271
-0.6065288349125708
-0.5775980689871562
-0.5499249840765953
-0.5241671031682265
-0.5006267043158947
-0.45336677738845643
-0.3662571097177558
-0.27277223532766515
-0.18212310694232164
-0.09827241792017782
-0.023842789605803563
0.0
0.006992977665373323
0.16161486222378477
0.26334261818380633
0.3534509639569189
0.4382295297363741
0.5168295186966992
0.5871404789959833
0.6470721903952189
0.6864367980136185
0.6940044254808494
0.6826797311011961
0.6608051077231608
0.6337026430742
0.604703490948041
0.5758339704925811
0.5482719211389091
0.5226494156811045
0.4992528307580195
0.44793151051447094
0.36007912159285116
0.2666929732728357
0.17645551119335653
0.09320355536726194
0.019514375110975077
0.0
-0.01945807568050678
-0.16954377886970537
-0.270240733480322
-0.3598748921662608
-0.44413397242288627
-0.5220618989701086
-0.5915482392859324
-0.6505284166861096
-0.6872668711932579
-0.6932654087878535
-0.6810558973014822
-0.6587338243085782
-0.6314584238435562
-0.6024540305546583
-0.5736774262369432
-0.5462616524626213
-0.5208103434066788
-0.49759220426599005
-0.44291963793393885
-0.35439771732978526
-0.2610394107195617
-0.17110459671298006
-0.0883295690882013
-0.015254837582572747
0.0
0.031529933235515395
0.17722544253490077
0.2769230196957083
0.36609608411015826
0.44985014604574286
0.5271254286477249
0.595811595513641
0.6538689511509874
0.6880668278276698
0.692547536486205
0.6794822421193782
0.6567275345453912
0.6292850771815796
0.600275852121366
0.5715893616623564
0.5443153051367009
0.5190298031065522
0.49598446498839915
0.4380530752055258
0.34888516224813576
0.255559435918872
0.16592377703370936
0.08361640983580398
