0.0
-0.05399999999999994
0.0
-0.1221452799999998
-0.04241046357333303
-0.128833791285475
0.0
-0.15342653889240665
0.0
-0.1417706849379105
0.0
-0.10765611726660579
0.0
0.0020879590412962723
0.044279230215985454
0.1923314472006754
0.20895032234982916
0.2939454185766216
0.3179953871486828
0.33285094000906357
0.34854665046248773
0.36636579089236204
0.38574677752286224
0.40575030004317414
0.42539025689399357
0.44372593723571235
0.4599020744812601
0.4731751158663965
0.4829332106513363
0.48871110441409693
0.4901999401965661
0.48725185543097077
0.4798793760183545
0.4761163272005397
0.48569198915684125
0.53045382239052
0.5478287032436595
0.5484682756568301
0.5393071395180971
0.5248132647269714
0.4339615075094854
0.30213257375588154
0.16847539237870615
0.044115904819048896
0.0
0.0
-0.1816397304751988
-0.31728789384873046
-0.43487447625705256
-0.5458501439738227
-0.6495946514957349
-0.7432572297332856
-0.823888546223104
-0.8734416624068914
-0.8789805046621958
-0.85857868700704
-0.823898001517462
-0.7823581664601367
-0.7385849543510262
-0.6953751070936619
-0.6543378850593649
-0.6163203976288025
-0.5816885146705252
-0.5505114517302822
-0.5226822250326882
-0.4710100862224036
-0.38909349385911796
-0.30192610610396164
-0.21681167107540752
-0.13721357610838117
-0.06558706974550325
-0.00391998269590603
0.0
0.15410767569664197
0.27235494775142427
0.3708709127659363
0.46191424705800266
0.5457376601363185
0.620339854449687
0.6835594814651562
0.7145468066653544
0.7160227408312151
0.7002010494419459
0.6749526035610897
0.6452762000813964
0.6142800625791159
0.5838357022744086
0.5550125392260847
0.5283659436655507
0.4964655189362409
0.41197648951521737
0.31751356244265927
0.22425461151649706
0.13665953863017938
0.05756541940589405
0.0
0.0
-0.0891662283059868
-0.21028999575277502
-0.3034737423782158
-0.38923934782504216
-0.4696593996012858
-0.5431447719581607
-0.6075903775741086
-0.6610813679911963
-0.6861761950433245
-0.6854213897199188
-0.6696026041163334
-0.6456613888815427
-0.6179981665921457
-0.5893415896672063
-0.5613275742505743
-0.5348840794125701
-0.5104860243722392
-0.4883234898554705
-0.4086868766151341
-0.3140632135031014
-0.21962316405301438
-0.13070240946772552
-0.05035942872682697
0.0
0.0
0.11441623530110401
0.23102386757277374
0.3244626546984281
0.4109556192660472
0.4916676162628827
0.5648271914590188
0.6283151915962966
0.6802534405134375
0.6964562540674213
0.6900698970094046
0.6707639488817881
0.6447366800229705
0.6158946566617742
0.5866394096679333
0.558391063944365
0.5319360113135083
0.5076569907610449
0.48416227837631914
0.40182650189709923
0.30825607962268853
0.21566812120094433
0.1287346274508391
0.05033027503989311
0.0
0.0
-0.11928492825539302
-0.23413903470511674
-0.3270527078198272
-0.41316796530823563
-0.4934389527965698
-0.5660675482532015
-0.6289481243853796
-0.6798872507815761
-0.6944938445636075
-0.6872590246309332
-0.6675775047393316
-0.6414668569204248
-0.6127156526989118
-0.5836490815850613
-0.5556385099069433
-0.5294397596242263
-0.5054169263818191
-0.47273929200902026
-0.3883800783902703
-0.2946364528710519
-0.20259990206277717
-0.11667970791317346
-0.0396587428437855
0.0
0.0
0.13196314668667877
0.24204364556116345
0.3338056500350373
0.4193475441561563
0.4990048034042503
0.5708714391303136
0.6328444083872631
0.6807864408291049
0.6936043662997653
0.6853629151458409
0.6651744232923932
0.6388702353228376
0.6101167928415094
0.5811597992711761
0.5533194302571979
0.5273190257287276
0.5035025110530085
0.4655064934467991
0.3801148977235713
0.2864363402022316
0.1948831169511665
0.10970337154595447
0.03362200870460694
0.0
0.0
-0.1445382237380344
-0.2508005583447742
-0.34190396130345563
-0.4272372002899737
-0.5065783746035945
-0.5779195698141798
-0.6391564612686197
-0.6835352730324623
-0.6941549941198281
-0.6846062981524036
-0.6636866576529252
-0.637018956874705
-0.6081322107935704
-0.5791820434216621
-0.5514300451571434
-0.5255618629106265
-0.5018975383278071
-0.45861768425365335
-0.3722725911644832
-0.2787331870725684
-0.18772091298940546
-0.10331945971940296
-0.02819473538591269
0.0
0.0
0.15473388722047385
0.2576558273614066
0.3480949288790058
0.4331611960943973
0.5121660183709325
0.5830176110307362
0.6436117367142127
0.685253800659323
0.6942019371751362
0.683675032914232
0.6622238527548566
0.6353081458242409
0.606349558754927
0.5774334960662375
0.5497760196238833
0.5240336098775962
0.5005079418976537
0.4524321641176551
0.36520260616295364
0.2717673817485263
0.18122465126050852
0.09751004030782494
0.02323651155012163
0.0
-0.010799277457671647
-0.16388328546623937
-0.26521754250719864
-0.35512478333698705
-0.4397012116316986
-0.5180641032263015
-0.5881032969351441
-0.6477366709109047
-0.6864465156422009
-0.6936313469645441
-0.6820990176529718
-0.6601279125818201
-0.6329979962834432
-0.6040128773237643
-0.5751810184188312
-0.5476688226991467
-0.5221011639636876
-0.49876000159972866
-0.44628446207836237
-0.35821592605466934
-0.2648540606420445
-0.17473250279806773
-0.0916525690442495
-0.018178596599471783
0.0
0.024265144684978507
0.17249569853815228
0.2727398906291979
0.36215145428337603
0.44617946284657917
0.5238256968580156
0.5929799377961272
0.6515876832420606
0.6874181692346308
0.6928799978336142
0.6803734924945196
0.6579070910300555
0.6305826766908594
0.6015870245112923
0.5728525172592767
0.5454965242877037
0.5201127726893631
0.496963850121186
0.440819649307237
0.3520221800284602
0.25869485197066433
0.16890780151965878
0.0863520562478238
0.013551641288918226
0.0
-0.03705608480750877
-0.1806501869081342
-0.2798433089416049
-0.36877177573872766
-0.4522687293721411
-0.5292262069265375
-0.5975340886727437
-0.6551642366909359
-0.6882855893829258
-0.6921282742080431
-0.6787082624463684
-0.6557794230465054
-0.6282757254536677
-0.5992738017734274
-0.5706343294685008
-0.543428479585101
-0.5182206481242312
-0.49525519356444936
-0.43570160193976354
-0.3462222457529529
-0.2529227557685609
-0.1634435846830397
-0.08137352866031317
-0.009199204272482026
0.0
0.04899370156274302
0.18821401976476296
0.28640177806019984
0.37486139886588987
0.4578482887307141
0.5341517767251648
0.6016620026752886
0.6583756002313326
0.6890070598127804
0.6913648643230007
0.6771102546125213
0.6537621916781337
0.6260997360795177
0.5970979399371998
0.568551378886099
0.5414886617331159
0.5164471853484941
0.4936545498983392
0.43088568825972395
0.3407607466563891
0.24748454080009513
0.15829280047724517
0.07667807160249758
0.0050917754510567265
0.0
-0.060253085639279835
-0.19533646144870911
-0.2925702731614007
-0.38058380954575655
-0.463086773521724
-0.5387715025431785
-0.6055283792631759
-0.661377400289504
-0.6896724676810199
-0.6906374284166084
-0.6756004352070835
-0.651859879270552
-0.624049373088074
-0.5950485975590823
-0.566590071154297
-0.5396624486979857
-0.5147777860390526
-0.49214795750856927
-0.4262464441961074
-0.33550048616333883
-0.24225489759094865
-0.1533492479110265
-0.07218182619473407
-0.001169632357909886
0.0
0.07116204346597521
0.20224997349651794
0.2985646656605212
0.3861487194948376
0.4681841890423305
0.5432696766242017
0.6092958890639341
0.6643055397413942
0.6903206892198522
0.6899265204418914
0.6741261276700415
0.6500026501773595
0.6220477595807324
0.5930480657301911
0.5646755270503201
0.5378798086404617
0.5131482372537781
0.490677341441127
0.42123139069857174
0.3298065082115804
0.23661779406865144
0.1480508787194892
0.06739600982813684
0.0
0.0
-0.08069614688599291
-0.20855588445668802
-0.30418970177062554
-0.39147657884859965
-0.4731565492491154
-0.5477496807808266
-0.6131475983179712
-0.667413451375982
-0.6911380559276923
-0.689371334599643
-0.6727930590678107
-0.6482721756369941
-0.6201590335528855
-0.5911475064775096
-0.5628491477224496
-0.5361746759066701
-0.5115866648609037
-0.48926623537611075
-0.4161448562390835
-0.323969844678436
-0.23078692632096098
-0.14252030810638727
-0.062351147604454565
0.0
0.0
0.08954787866660566
0.21446711479729313
0.3094952611697383
0.39652320693627374
0.47788467128022893
0.552027526659069
0.6168443846818722
0.6704174941041566
0.6919507063442608
0.6888695388217931
0.6715450366656088
0.6466416058419979
0.6183746270584173
0.589349394027647
0.5611197504591642
0.5345591959289125
0.5101066397236121
0.48792846360484243
0.41132441358387745
0.3184292761892765
0.2252414961217752
0.13725001226926375
0.05753319988100532
0.0
0.0
-0.09803614003244582
-0.2201426506530611
-0.3145938519718822
-0.4013765473012453
-0.4824352373764565
-0.5561485773635092
-0.6204100679728323
-0.6733202150419735
-0.692748603124274
-0.6884041746977018
-0.6703617837094817
-0.6450895912674233
-0.6166734749871844
-0.5876337281467384
-0.5594688102576572
-0.5330164956394403
-0.5086929734217857
-0.48665046958067903
-0.40673794418852927
-0.31315945738279194
-0.21996801915628944
-0.132238935076111
-0.05295288917950425
0.0
0.0
0.10612807336215038
0.22555430598288076
0.3194559477793237
0.40600509273284446
0.4867752920684567
0.560079234732033
0.6238112742156334
0.6760893251253234
0.6935100340228921
0.6879606332340955
0.6692334628221168
0.6436095008877778
0.6150511017469119
0.5859974829741114
0.5578942770039003
0.5315451822317973
0.5073447164429992
0.4845714441722806
0.4018961109365079
0.3077956264124058
0.2146814994949494
0.12727734878492802
0.04847769400810795
0.0
0.0
-0.11411242791467208
-0.23086620532600732
-0.3242121030050821
-0.4105217361918976
-0.49100072809212536
-0.5638963804547235
-0.6271038703476925
-0.6787582739475803
-0.6942274600143034
-0.6875077597166593
-0.6681164569949244
-0.642152300706981
-0.6134574019379909
-0.5843920652408798
-0.5563505138261561
-0.5301032925433747
-0.5060238414990464
-0.47852460025128996
-0.3949739184167186
-0.3009708605323811
-0.20831337027666003
-0.12157944210538213
-0.04361164166219983
0.0
0.0
0.12320293845110844
0.23682272731572088
0.3294932034585707
0.41550279902723114
0.49563168419909664
0.5680515534759659
0.630658298467711
0.680387896168002
0.6942667643218039
0.6866166413792272
0.6667199928819154
0.6405202971298569
0.6117574754664474
0.5827250019951146
0.5547737707360647
0.5286465707960407
0.5046993656771024
0.4724115840551348
0.3879827848333054
0.29408818862981567
0.20190217684129352
0.11585461773448624
0.03873517934370867
0.0
0.0
-0.13261401051703503
-0.24307421499127813
-0.33509530716864877
-0.42083478719418427
-0.5006366541838195
-0.5725942818883034
-0.634603515863399
-0.6818873813566522
-0.6942739638668283
-0.6857520389277864
-0.6653831477691338
-0.6389647010276643
-0.6101405008867992
-0.5811411733000303
-0.5532768759285562
-0.5272643128906636
-0.5034430320598658
-0.46658780569870856
-0.38133788139078884
-0.28756487312582923
-0.19584492664470515
-0.11046559273374493
-0.03416564531541569
0.0
0.0
0.141571359750086
0.24904916561320684
0.34046557182010206
0.4259580264992413
0.5054568548613478
0.5769810059515327
0.6384261696194514
0.6833655913401949
0.6943199483945942
0.6849596417828607
0.6641349446722062
0.6375035639202365
0.6086173521671562
0.5796467974775585
0.5518630635131244
0.5259578721680016
0.5022550378766151
0.4610137638087035
0.37498049964922403
0.2813296593862645
0.1900617702092785
0.10532740148050268
0.029816345391135146
0.0
0.0
-0.15011420148707513
-0.2547475366909411
-0.34558701718878204
-0.4308435538218416
-0.5100529651050703
-0.5811632422070598
-0.6420699493569096
-0.6847717478560396
-0.6943593369376737
-0.6841991572520073
-0.6629397816061592
-0.6361055422137877
-0.6071605099408545
-0.5782177626693183
-0.5505112403888505
-0.5247088184537996
-0.5011192944563677
-0.4556763016649362
-0.3688917916994092
-0.27535702913603666
-0.18452127957307016
-0.10040394035556953
-0.02564790654558942
0.0
0.0017236210876355185
0.15824426830240543
0.2603977052219018
0.3506991060875056
0.4356914341501156
0.514571128072488
0.5852277826368312
0.6455603865281799
0.6860532334148685
0.6942961180376602
0.6833533282877639
0.6616729970668797
0.6346469690923632
0.605652164740638
0.5767447066369634
0.5491216436212402
0.5234272513588849
0.499955496886357
0.4504123437964215
0.36289276082578065
0.2694700588476802
0.1790561584906799
0.09554255502972987
0.02152633795211746
0.0
-0.013730720493194376
-0.16590869745667183
-0.26708377821614826
-0.35693920591926986
-0.4414396922956676
-0.5196784881741845
-0.589545121544569
-0.6489632074223429
-0.6869002130475989
-0.6936143485760508
-0.6818078581854218
-0.6596890658480498
-0.6324916243135078
-0.6034886758199589
-0.5746687703980747
-0.5471854114280432
-0.5216552189019483
-0.49835496379355904
-0.445234511288371
-0.3570213154348908
-0.2636487071241969
-0.17357258055674785
-0.09057587126788903
-0.017216141273443925
0.0
0.026012214690866647
0.17372384767594423
0.27388308317959753
0.3632704506418721
0.4472581798112654
0.5248339572831766
0.593887371568412
0.6523673226359226
0.6877188161993262
0.6928880856158492
0.6802103806354891
0.6576509580198446
0.6302831476701283
0.6012749321253017
0.5725464038097767
0.5452069633776263
0.5198452330611384
0.496720585945701
0.44028348008527607
0.35141278406356036
0.2580732510518485
0.1683014695177008
0.08578056882296246
0.013031606329701198
0.0
-0.03774808514988523
-0.18115371273832184
-0.28032152361932916
-0.36924594691791335
-0.45273083949484727
-0.5296628466517516
-0.5979317985921999
-0.6555109329095148
-0.6884225247933485
-0.6921368667289912
-0.6786415361056363
-0.6556715574810899
-0.6281484368451616
-0.599140601088386
-0.5705033593599911
-0.5433044001912488
-0.5181058869618768
-0.4951507707255502
-0.4355166119180148
-0.3460084802304252
-0.2526967033943434
-0.1632144312256335
-0.08114881496018016
-0.008985829483617078
0.0
0.049015598079414274
0.18826888033048553
0.2864756545364494
0.374949098400685
0.457946188847544
0.5342564138452067
0.6017698688017932
0.6584831918574094
0.6890687685334463
0.6913971445214916
0.6771239712655931
0.6537644819768164
0.6260952556678265
0.5970896965948825
0.5685412897082349
0.5414779250588814
0.51643652863448
0.4936443945675585
0.4309511016303276
0.34083243415245335
0.2475466322136622
0.15834095033317952
0.07671073719204795
0.00510840683167095
0.0
-0.05981730960171944
-0.19509126217952183
-0.2923775365538866
-0.38041931767445436
-0.46294937801891184
-0.5386640614911041
-0.6054537022596189
-0.6613373564736169
-0.6896925366592832
-0.6906917469902496
-0.67567243795195
-0.6519391374542999
-0.6241294867656221
-0.5951257926614343
-0.5666622681510342
-0.5397286463958496
-0.5148376557112656
-0.49220157717445456
-0.4265284550495952
-0.33581878699730616
-0.24256197078938901
-0.15362851615512224
-0.07242412644092372
-0.0013684645602874551
0.0
0.07029602007210262
0.20172031466293297
0.2981181319428675
0.3857437114296111
0.4678221526336223
0.5429596215052115
0.6090467450337671
0.6641243833299271
0.6903024833336612
0.690004254446939
0.6742565739206906
0.6501583146727454
0.6222115098459082
0.5932095514069433
0.5648288001518915
0.5380217459457939
0.5132774984624122
0.4907936846643878
0.42170676278984254
0.3303469169674365
0.23714886280129843
0.1485450957719444
0.06783702943559039
0.0
0.0
-0.07975144104525245
-0.2079422989066054
-0.3036493515116362
-0.3909697609608966
-0.47268807232705823
-0.5473322267891781
-0.6127937434184881
-0.6671337334314096
-0.6910739813646244
-0.6894359296193979
-0.6729300410697581
-0.6484455870711253
-0.6203463208875557
-0.5913349064118154
-0.5630286176844123
-0.5363418573797406
-0.5117395367802767
-0.48940422798089805
-0.41670460996785985
-0.3246106728324789
-0.2314219524945672
-0.1431167275846053
-0.06288897876573861
0.0
0.0
0.0884885684839607
0.21377165523728156
0.3088782448459505
0.39594128788713273
0.4773439179440861
0.551542760877551
0.6164303072191534
0.6700865174811543
0.6918695423874393
0.6889377284575122
0.6716975393749143
0.646836840604014
0.6185864873227037
0.5895619242139831
0.5613236039253603
0.5347492844426558
0.5102805790618699
0.48808555041285107
0.4119300028094003
0.3191236903719994
0.22593245690619876
0.13790216250171794
0.05812465871059441
0.0
0.0
-0.09691283192735156
-0.21939986537844525
-0.3139315606348799
-0.40074957399191147
-0.4818504612319622
-0.5556221155622453
-0.6199579171734045
-0.6729559532414542
-0.692654305720934
-0.6884715598581903
-0.6705207163870652
-0.6452952065674133
-0.6168975800191937
-0.587859069367548
-0.5596852588539715
-0.5332185158029399
-0.5088779478535455
-0.4868175970626812
-0.40736709984189323
-0.31388122403007956
-0.2206873655979934
-0.13291921954961225
-0.05357128508691679
0.0
0.0
0.10497937052282474
0.22479207679998575
0.31877472646261923
0.40535909894486594
0.4861717990439607
0.5595349357725142
0.62334273874487
0.6757106486128103
0.6934102291358653
0.6880279477181991
0.6693955029343055
0.6438199470553146
0.6152808380142906
0.5862286825790561
0.5581164666815062
0.531752630018926
0.507534703860505
0.485467871635769
0.4029220204866808
0.30880558485658005
0.21562209871542165
0.12811703172215272
0.049192695206717776
0.0
0.0
-0.11274311044751653
-0.2299767923561292
-0.3234284744085917
-0.409786217412322
-0.49032022423806826
-0.5632892424162067
-0.6265883230508452
-0.6783496130211248
-0.6941304377630881
-0.6875968740678364
-0.6683104729095817
-0.642399301122352
-0.6137248066173896
-0.5846599767441495
-0.5566072904237603
-0.5303426105545727
-0.506242752793972
-0.47958594527413567
-0.3961856779845009
-0.30215929418827714
-0.20941533746289706
-0.12255810825314789
-0.044439561386359905
0.0
0.0
0.12155571391150397
0.2357325768966577
0.32851939419654974
0.4145786244504308
0.4947669298727859
0.5672696806987476
0.6299827139192379
0.6801402599349207
0.6942796157175227
0.6867810692239481
0.6669659257848121
0.640803335849538
0.6120501076644242
0.583010751143969
0.5550433082205473
0.5288951404025256
0.5049250844062932
0.47347405785451796
0.3891969308076732
0.2952815105226018
0.20301152862049526
0.1168428467844057
0.03957441649151043
0.0
0.0
-0.1309641597178345
-0.241980483472972
-0.3341163801997976
-0.41990377130521767
-0.4997632932335999
-0.5718020859984477
-0.6339160151675184
-0.6816258124131102
-0.6942722993415765
-0.6859022296025602
-0.6656156137452655
-0.639235297231474
-0.6104218197055435
-0.5814167511896303
-0.5535373431255796
-0.5275048421761491
-0.503661655022166
-0.4676164415741159
-0.382510736923697
-0.28871468216561635
-0.19691082383005754
-0.11141203837359374
-0.03496615694358404
0.0
0.0
0.13998107698015788
0.24799026666598165
0.33951499462088636
0.4250519932104749
0.5046051520030314
0.5762066484230626
0.6377521967504465
0.6831062389191567
0.6943138000184662
0.685101626899675
0.6643573817172482
0.6377634942441083
0.6088880882053793
0.5799122926486654
0.5521141702238681
0.5261898621315682
0.5024659654213847
0.4620131939168176
0.37612025196816884
0.28244693626933265
0.191097369459782
0.10624677738086388
0.03059376744163042
0.0
0.0
-0.14857627366032475
-0.2537235764765447
-0.34466787912649244
-0.429967567056885
-0.5092296019672192
-0.5804147648004633
-0.6414186395626902
-0.684521640772132
-0.6943542034721684
-0.6843373074075104
-0.6631557149896964
-0.6363576878447993
-0.6074230453108014
-0.5784751641376857
-0.5507546611960448
-0.5249336886004285
-0.5013237365576371
-0.4566423256470445
-0.36999365667957845
-0.276437516843575
-0.18552316320290718
-0.10129378865004354
-0.026400795267645064
0.0
0.0
0.1568130116977907
0.25921672490944814
0.34960427305240493
0.43467616230410977
0.5136589112353253
0.5844448739187995
0.6449295122787991
0.6858761109286694
0.6943915438072372
0.6836038507392119
0.6620034070226121
0.6350099358591531
0.6060186581030358
0.5770976224810671
0.5494515724519786
0.5237296788103731
0.5002289599610996
0.45149863758995196
0.36412615000362836
0.27068199002753796
0.18018418018368298
0.09654950497876222
0.022384171435019418
0.0
-0.011262323899576043
-0.1643448337356859
-0.2657272041089622
-0.3556787865003157
-0.4402838944557289
-0.5186570724775016
-0.5886878320918645
-0.648294697237988
-0.6867461514028621
-0.693767298175293
-0.6821335765015802
-0.6601017837800646
-0.63293754072275
-0.6039349543731076
-0.5750962192249971
-0.5475836258782341
-0.5220193699929198
-0.4986836847695316
-0.44623350195485323
-0.3581539647265832
-0.2647755662084149
-0.17463877989141785
-0.09154666185346853
-0.01806412783036071
0.0
0.023601960342925027
0.1721909787446449
0.27255013106726267
0.36202979908095356
0.4461185185841075
0.5238246926395695
0.5930378929763606
0.6517020539457883
0.6875598559468729
0.6930315917951063
0.6805244042805503
0.658051165522746
0.6307166110258844
0.6017093224626129
0.5729628015165908
0.5455950870860727
0.5202002848096444
0.4970411747949987
0.4412550342888533
0.35251322097937415
0.2591670151447502
0.16933533845467325
0.0867209197810701
0.013851985583096568
0.0
-0.03545029458134255
-0.17970208541401897
-0.2790656174532841
-0.36808186117003305
-0.45166614836226926
-0.5287249269596095
-0.5971479694374306
-0.6549037379631645
-0.6882904575940024
-0.6922879090010677
-0.6789514698387483
-0.6560610599881672
-0.6285677887425993
-0.5995594926821701
-0.5709041094284402
-0.5436774569393151
-0.518446853722922
-0.49545844901903713
-0.4364525197194908
-0.34706975141326846
-0.2537526502757974
-0.1642136232178932
-0.08205867463526834
-0.009780669227102884
0.0
0.04679952429337361
0.18687007811195386
0.2852661526821101
0.3738284829410731
0.4569216467104015
0.5333542475094807
0.601016329378295
0.6578999288176086
0.688942327560565
0.691542882450534
0.6774224435217198
0.654139416263699
0.6264988465844302
0.597492803104135
0.5689269141125327
0.5418368866059691
0.5167646033802812
0.4939404335655875
0.43184848219235994
0.341849733486894
0.24855872054034112
0.15929857453227597
0.07758269599206123
0.005870098609900246
0.0
-0.05769177594805447
-0.19374884998164457
-0.2912162972533885
-0.3793430457939559
-0.4619650248663618
-0.5377969079299141
-0.6047289823619312
-0.6607758931691766
-0.6895698614923557
-0.6908305582360851
-0.6759580346496834
-0.6522982713968383
-0.6245162434109117
-0.595512179348265
-0.5670319529501533
-0.5400728040744496
-0.5151522214905288
-0.4924854398112564
-0.42743962261663576
-0.336851788757923
-0.24358635383547822
-0.15459374180679603
-0.07329868187867505
-0.0021277690913196617
0.0
0.06812149304623744
0.2003366311106433
0.29691544418435983
0.384625502416834
0.4667966085924166
0.5420535041996234
0.6082867078775362
0.6635325112678011
0.6901725002493116
0.6901495604705431
0.6745564490596659
0.6505356635025011
0.6226180030943435
0.5936157212839541
0.565217451265238
0.5383835836536576
0.5136082387326053
0.49109215244611965
0.42273047879667575
0.3315122646903347
0.23830562508252728
0.14963537832871304
0.0688248737924807
0.0
0.0
-0.07797651798280941
-0.20675433770422058
-0.30258142304023966
-0.3899526954974444
-0.47173401233541135
-0.5464677771615122
-0.6120453226462376
-0.6665239415206021
-0.6909057207951268
-0.6895327024708571
-0.6731774644640605
-0.6487704336509579
-0.6207025224869985
-0.5916942214078009
-0.5633744201308166
-0.5366650142594763
-0.5120356806222093
-0.48967196073816444
-0.4176937076886953
-0.3257471932392004
-0.23255771735899616
-0.14419410880007633
-0.06387174262754973
0.0
0.0
0.08675736272869877
0.21261714810806823
0.30784302724378776
0.39495731935751877
0.4764227241426156
0.55070999794622
0.6157114335222459
0.669503251287221
0.6917134672292515
0.6890377920709494
0.6719429186501404
0.6471566147099821
0.6189360643146369
0.5899139908063309
0.5616621029364101
0.5350654173617561
0.51057016184539
0.48834727238509545
0.4128724055528766
0.32020688553025994
0.22701664751540424
0.13893261348973224
0.05906672092554688
0.0
0.0
-0.09524408298650042
-0.21828433893106297
-0.31292956108602965
-0.3997958338833697
-0.4809562521843106
-0.5548123229741274
-0.619257255235097
-0.6723855505268427
-0.6924971878479198
-0.6885625040285842
-0.6707526485062061
-0.6455995798782057
-0.6172312723913167
-0.5881956465302773
-0.5600091601088053
-0.5335211945406898
-0.5091553183485076
-0.48706835306940355
-0.40826918677829643
-0.31491748161899985
-0.22172396032193392
-0.1339038265171924
-0.05447083377314402
0.0
0.0
0.1033848550234949
0.2237262183418002
0.3178174232395531
0.404448008171206
0.4853177051538486
0.5587616254255234
0.6226738293214328
0.6751663259180174
0.6932610467574084
0.6881158923992967
0.6696181775117894
0.6441118031103155
0.6156006435271479
0.5865511655400865
0.5584267539992656
0.5320425561554575
0.5078003688853739
0.48584344911386923
0.40385990440098773
0.3098517852146183
0.2166560996410671
0.12908964374726586
0.050072064389271184
0.0
0.0
-0.11117523324924175
-0.228933018713474
-0.3224935098821553
-0.4088980771088081
-0.48948912416287677
-0.5625382301935042
-0.6259402832139681
-0.677824058837558
-0.6939888694116291
-0.6876855936919904
-0.6685298953408633
-0.6426856919692615
-0.6140380876762241
-0.5849755950282381
-0.5569108072672762
-0.5306261101048038
-0.506502466264115
-0.48077443585741647
-0.39754633687602936
-0.30350095868853155
-0.21066739701798887
-0.12367856256705138
-0.04539661688151447
0.0
0.0
0.1197690986708474
0.23456291619226488
0.32748302021711356
0.4136016245325176
0.493859068760526
0.5664555878590216
0.6292868740069744
0.6799021366990494
0.6943189589453952
0.6869807742222577
0.6672507613104623
0.6411257346207274
0.6123806876901046
0.5833320042745096
0.5553454076440898
0.5291731644857768
0.5051771861299288
0.47462651439579057
0.3905156899396797
0.2965811368962706
0.20422356958794013
0.11792662865726078
0.04049918647696116
0.0
0.0
-0.12918531680252593
-0.2407996549942713
-0.3330584215183184
-0.4188967473203118
-0.49881781490222205
-0.5709436049858764
-0.633170016638632
-0.6813398478633214
-0.6942671957897049
-0.6860613666250188
-0.6658638774168414
-0.6395250182828137
-0.6107233904351417
-0.5817123751135351
-0.5538168808275393
-0.5277630585825428
-0.5038964025586097
-0.4687046805108117
-0.38375136121528575
-0.28993141880049283
-0.19803940922162316
-0.11241486891609945
-0.03581516781320766
0.0
0.0
0.13830660998425087
0.24687209532177684
0.3385092456224728
0.42409198889585004
0.5037014652213005
0.575383754309835
0.6370346012784434
0.6828279361623346
0.6943039184582676
0.6852489249315395
0.6645901879148514
0.6380363041460718
0.6091726203815389
0.5801915305934393
0.5523784021852025
0.5264340567015569
0.5026880391865081
0.4630593419271481
0.37731341003684166
0.28361697431902066
0.1921823464884329
0.10721049925634311
0.031409245650087333
0.0
0.0
-0.14697442735816058
-0.2526555370639242
-0.3437082566538655
-0.42905236141740466
-0.5083688129614413
-0.579631699463873
-0.6407366262623699
-0.6842589354796843
-0.6943475828154627
-0.6844805226594309
-0.6633803238948393
-0.6366202473301379
-0.6076965653969332
-0.578743415024339
-0.551008389499039
-0.525168109973638
-0.501536880705262
-0.4576443299409045
-0.37113674852074835
-0.2775588648805027
-0.18656342497729378
-0.10221824613070443
-0.02718353393437145
0.0
0.0
0.15527548515865508
0.2581913027798331
0.348682755194855
0.4337971447882143
0.5128320052867334
0.5836924643178009
0.6442740073772938
0.6856231119073023
0.6943844028447823
0.6837405955642266
0.6622183467016418
0.6352613705732889
0.6062806780365372
0.5773546446655152
0.5496947096711098
0.5239543333550764
0.500433235363363
0.4524581131781934
0.3652206104893251
0.2717555392215802
0.18118001160647063
0.09743439111322841
0.023133315213724526
0.0
-0.009069576092082032
-0.16294271912865962
-0.2645024836163311
-0.3545345823395853
-0.4392287804287721
-0.5177184504289059
-0.5878931226693273
-0.6476668300445624
-0.6865872765343468
-0.6938890934855821
-0.6824140865963854
-0.6604630148783154
-0.6333305003601543
-0.604329677199515
-0.5754751302465224
-0.5479371359354565
-0.5223429627912144
-0.4989759992625519
-0.44710560684787926
-0.35914273394776086
-0.2657603547158412
-0.1755718604498987
-0.09239764860409451
-0.018808979791979846
0.0
0.02147362258254784
0.1708313537664979
0.27136400524661786
0.3609230216198221
0.44509924036217463
0.5229193088064059
0.5922727964991876
0.6510992664457719
0.6874093780846879
0.6931516831502016
0.6807973841607196
0.6584017851600048
0.6310976125100938
0.6020918108821152
0.5733298388004053
0.5459374406492028
0.5205136159945345
0.49732418811377477
0.442109992564379
0.3534811183241484
0.26012869693011165
0.17024404731383241
0.08754713770981491
0.014572503424025676
0.0
-0.033436743379589406
-0.1784300489169238
-0.2779651516921813
-0.3670619410852086
-0.45073342723011006
-0.5279034054784282
-0.5964615923826619
-0.6543722602229404
-0.6881756000625862
-0.6924212582596021
-0.6792240822942498
-0.6564033706859295
-0.628936197957404
-0.5999274246377625
-0.5712560642345474
-0.5440050643517291
-0.5187462643411561
-0.49572861785642547
-0.4372745894812798
-0.34800217411231826
-0.25468064267962087
-0.16509198374705067
-0.08285875036198728
-0.010479853741374487
0.0
0.04485542587086855
0.1856430465700298
0.28420523620622784
0.37284557725629913
0.4560230496384704
0.532563027252091
0.6003555088361416
0.657388493720964
0.6888315784746333
0.6916708592891918
0.6776843759552218
0.6544684029807605
0.626852956236496
0.597846475871755
0.5692652417015513
0.5421518173002197
0.5170524332450325
0.49420015580501514
0.4326346760365688
0.34274098500584305
0.24944547731610978
0.16013769756130725
0.07834684644523994
0.00653771463078226
0.0
-0.05583084665766708
-0.19257328055540748
-0.29019920573754454
-0.3784002419369148
-0.4611026163039473
-0.5370370481464013
-0.6040937846122372
-0.6602836094233646
-0.6894619842490315
-0.6909517771525956
-0.676207873716433
-0.6526125648311463
-0.6248547683426765
-0.5958504117441226
-0.5673555832561512
-0.5403740985335802
-0.5154276165848326
-0.49273395948581117
-0.4281929054895911
-0.3377056868814715
-0.24443582894319976
-0.1553974552870564
-0.07403045048222345
-0.0027669504632174408
0.0
0.06634007625941771
0.19921146600436596
0.29594208398128785
0.3837233341654562
0.46597146885816193
0.5413265900067522
0.607679176261743
0.6630618214924395
0.6900697008773214
0.6902659952006601
0.674795948623595
0.6508368142813157
0.622942309082755
0.5939397128592648
0.5655274355827512
0.5386721617350698
0.5138720029073276
0.4913301713612136
0.4235455203324519
0.33243645113785975
0.23921904367463265
0.15049230965464774
0.06959727341641478
0.0
0.0
-0.07657464084392585
-0.205813998290753
-0.301734871682373
-0.38914563073993425
-0.4709762177885157
-0.5457804376481203
-0.6114494740162727
-0.666037601765033
-0.690770438024922
-0.6896082090449672
-0.6733728504014217
-0.6490274926697971
-0.6209846307339503
-0.5919789217854339
-0.563648487096655
-0.536921177788951
-0.5122704589009233
-0.48988423282387566
-0.41848507496635967
-0.32665675514581294
-0.23346654976796727
-0.14505601954151692
-0.0646577229569848
0.0
0.0
0.08537572729727488
0.21169621459882706
0.3070175434941472
0.394172931284412
0.4756886040194238
0.5500465962364888
0.6151390393071463
0.6690391651833174
0.6915900808370827
0.6891186387964994
0.6721395880561482
0.6474125333333873
0.6192156652864038
0.5901954926280789
0.5619327041101525
0.5353181069069836
0.5108016095789683
0.48855643979737134
0.41362464278329286
0.32107159085729525
0.2278822950037276
0.13975551213088738
0.05981919636780014
0.0
0.0
-0.09391119191189731
-0.2173931272739859
-0.31212891450094693
-0.3990336437354928
-0.4802415334882906
-0.5541649643612468
-0.6186970102392411
-0.6719293103413454
-0.6923711666387059
-0.6886347076064464
-0.6709375346737317
-0.6458423842016138
-0.617497541266628
-0.5884642578985536
-0.5602676787412598
-0.5337627888871065
-0.5093767208864312
-0.4872685170828822
-0.40898888428079433
-0.3157441728709869
-0.22255088768032716
-0.13468925288120526
-0.05518838202895095
0.0
0.0
0.10211290821240646
0.22287589704586025
0.31705365713107125
0.40372108046059874
0.4846362265753126
0.5581445775311082
0.6221400584447542
0.6747319408547887
0.6931419597546735
0.6881860205093403
0.6697958151150005
0.6443446470531328
0.6158557932974016
0.5868084555233655
0.5586743161609982
0.532273874617173
0.5080123314385798
0.486035064080902
0.4045502958435502
0.3106450342228759
0.21744973834951625
0.12984359976292126
0.050761002749933615
0.0
0.0
-0.10995588898599587
-0.22811821015300487
-0.3217618469817408
-0.4082018464867897
-0.48883655142226157
-0.5619474861675638
-0.6254294088477175
-0.6774084704338403
-0.6938752133658119
-0.6877531154678087
-0.6687003440354151
-0.6429089775067195
-0.6142827030803412
-0.5852222301505751
-0.5571480988065004
-0.5308478205524835
-0.5067056177085649
-0.4816979510100979
-0.3986041022738292
-0.3045447573303293
-0.21164235756633554
-0.12455195953266096
-0.04614362421909135
0.0
0.0
0.11838639536989715
0.23366035984865619
0.326685068730866
0.41285072756574215
0.49316259185770306
0.5658324118143894
0.628755753651624
0.6797236248664877
0.6943539869949981
0.6871390150329281
0.6674742067656743
0.641377725915596
0.6126385981267516
0.5835823673113251
0.5555806808431661
0.5293895868964529
0.5053733656573236
0.47552062021346786
0.391539017107452
0.2975899611738232
0.20516478083540013
0.11876863117552128
0.04121806798879983
0.0
0.0
-0.1278047250074579
-0.2398834722723206
-0.3322377256833119
-0.41811565907797055
-0.49808454142937336
-0.5702778756920266
-0.6325915880700975
-0.6811181244058333
-0.6942632483179206
-0.6861847687543484
-0.6660563865557033
-0.6397496721919846
-0.6109572316567149
-0.5819416045000976
-0.5540336364486289
-0.527963281284763
-0.5040784272009154
-0.46954768817270914
-0.38471234326984716
-0.29087385305512437
-0.19891352636981063
-0.11319154895407879
-0.036472679463457044
0.0
0.0
0.13700934397302328
0.24600569130030298
0.337729878498254
0.42334801841575387
0.5030010919902331
0.5747459485876346
0.6364783574874235
0.6826121183722562
0.694296117678449
0.685362938918985
0.6647704771295814
0.6382476057537075
0.6093930176913723
0.5804078361748034
0.5525830891590021
0.5266232250976568
0.5028600735483311
0.4638699636441675
0.37823793592274213
0.28452356726781775
0.19302301025734503
0.10795719021848466
0.03204105409221346
0.0
0.0
-0.145733482680976
-0.25182814944825777
-0.34296487012805493
-0.42834339340689015
-0.5077020093470181
-0.5790251151715516
-0.6402083325434081
-0.6840554753277271
-0.6943425064331198
-0.6845915189908559
-0.6635543708476307
-0.6368236898424883
-0.6079084947022055
-0.578951258299653
-0.5512049785531105
-0.5253497387628635
-0.5017020232048105
-0.45842066470274656
-0.37202240316849267
-0.2784276819381378
-0.18736942625735037
-0.10293453142167537
-0.027790023583488255
0.0
0.0
0.15408423273325386
0.25739681698303957
0.3479687704226869
0.43311608666158835
0.5121913206908395
0.5831094968975006
0.6437661190781573
0.6854270807116011
0.6943788601951707
0.6838465347119146
0.6623848711486514
0.6354561717920298
0.6064836813713029
0.5775537765604228
0.5498830843509575
0.5241283885016554
0.5005915015495924
0.45320144083402175
0.36606851286356046
0.2725872417613175
0.18195150544780048
0.09811993423296521
0.023713696750994703
0.0
-0.007370826374988704
-0.16185647322693836
-0.2635536622007541
-0.3536481343981733
-0.4384113490054943
-0.5169912648144234
-0.5872774267390026
-0.6471803884216766
-0.6864641784307931
-0.69398344018307
-0.6826313955985888
-0.6607428620157119
-0.6336349296239748
-0.6046354734432441
-0.5757686775001188
-0.5482110050959954
-0.5225936548612249
-0.4992024597167067
-0.447781232725818
-0.35990874062644784
-0.2665232781120736
-0.17629472599889945
-0.09305691612358165
-0.019386024485523998
0.0
0.019824815680115015
0.16977806030622142
0.27044511904754587
0.36006560517176345
0.4443096083146283
0.5222179094791225
0.5916800765196515
0.6506322859915543
0.6872928011218487
0.6932447157767416
0.6810088593953916
0.6586734079344797
0.631392772209436
0.6023881226650746
0.5736141807641244
0.5462026603147001
0.5207563521988092
0.4975434372319797
0.44277231844935894
0.3542309370353255
0.2608737012724042
0.1709480149554178
0.08818720133903049
0.01513068307955781
0.0
-0.03187688794242324
-0.17744462736528388
-0.27711264140934955
-0.366271827160299
-0.45001086397221424
-0.5272669858619747
-0.595929866062565
-0.6539605310397691
-0.6880866195434658
-0.692524559462437
-0.6794352685047187
-0.6566685511292099
-0.6292215966670665
-0.6002124538033798
-0.5715287163420427
-0.5442588551006946
-0.5189782116514511
-0.49593791217996414
-0.4379114254031582
-0.34872449765129976
-0.25539953460634124
-0.16577242762319672
-0.08347854948395789
-0.011021495459859226
0.0
0.04334939701851287
0.18469250429753178
0.2833833770490019
0.3720841499597133
0.4553269330417145
0.5319500916418313
0.5998435894076974
0.6569922982087583
0.6887457826286678
0.6917699974710718
0.6778872857136033
0.6547232578567947
0.6271272732531952
0.59812045458589
0.5695273330885192
0.5423957839222778
0.5172754057618424
0.49440135427030946
0.4332437120760428
0.3434314055106456
0.2501324161891005
0.16078773659575984
0.07893880721352609
0.007054893901798934
0.0
-0.054389261220174345
-0.1916626142703786
-0.2894113052842713
-0.3776698887329941
-0.4604345417671749
-0.5364484137457548
-0.603601720653781
-0.6599022550355114
-0.6893784147489852
-0.6910456796590306
-0.6764014133677118
-0.652856034883226
-0.6251170096932686
-0.596112426568754
-0.5676062864904373
-0.5406074991277751
-0.5156409540118618
-0.4929264776263291
-0.42877644111867413
-0.338367164844685
-0.2450938807937187
-0.15602005780897968
-0.07459732062954608
-0.003262097469437758
0.0
0.06496009622633603
0.19833985269407653
0.2951880664654889
0.3830244654726762
0.46533227035987645
0.5407634820958432
0.607208548354667
0.6626971985156292
0.6899900660145626
0.6903561911506517
0.6749814774077
0.6510701015457542
0.6231935337097592
0.5941906939885883
0.5657675659812447
0.5388957097430895
0.5140763287509684
0.4915145535581951
0.42417689306900663
0.33315237312380713
0.2399266244934352
0.15115613273494696
0.07019561409606648
0.0
0.0
-0.07548867816171531
-0.20508556479179413
-0.30107909073296685
-0.3885204378564793
-0.4703891918819806
-0.5452479895621556
-0.6109878991930888
-0.6656608578658016
-0.6906656406102207
-0.6896666997335921
-0.6735242057396742
-0.6492266231356668
-0.6212031656411381
-0.5921994647303114
-0.5638607929032287
-0.5371196147256746
-0.512452329775021
-0.4900486692934383
-0.41909810566392725
-0.327361345083935
-0.2341705747610111
-0.14572369694668796
-0.06526658120743749
0.0
0.0
0.0843054490786096
0.21098281691360016
0.306378085415126
0.3935653076944582
0.47511992021138455
0.5495326941037509
0.6146956357288432
0.6686796620366705
0.6914944996650286
0.6891812661876152
0.6722919371461342
0.6476107796676742
0.6194322571010995
0.5904135569525729
0.5621423243025235
0.5355138519313205
0.5109808997174682
0.4887184705699665
0.4142073594775477
0.3217414304329269
0.22855286453926404
0.14039296661667677
0.06040209799845887
0.0
0.0
-0.09287867622476204
-0.21670275554020685
-0.31150869831575906
-0.3984432175078731
-0.4796878806627069
-0.5536634915587835
-0.6182630194287582
-0.6715758861977186
-0.692273544781793
-0.6886906394842027
-0.6710807555057506
-0.6460304710274226
-0.6177038047949089
-0.5886723360438716
-0.5604679386220606
-0.5339499384798483
-0.5095482290216562
-0.4874235729264813
-0.4095463927996395
-0.3163845633605393
-0.2231914611452186
-0.13529767797924314
-0.05574422591073763
0.0
0.0
0.101127604762698
0.22221720227612243
0.3164620115660722
0.4031579714108091
0.4841083242914942
0.5576665859338215
0.6217265767087459
0.6743954475429742
0.6930497097357622
0.6882403445742912
0.6699334206181558
0.6445250177480646
0.616053443048014
0.5870077631864692
0.558866088251371
0.5324530636572151
0.5081765265781869
0.48618349712336517
0.4050851016535676
0.3112595177846561
0.2180645238430326
0.13042764545533186
0.05129468312510739
0.0
0.0
-0.10901133514804973
-0.2274870260729756
-0.3211950708690519
-0.4076625176254111
-0.48833104170975256
-0.5614898714817536
-0.6250336644497243
-0.6770865384298547
-0.6937871706042015
-0.6878054205149073
-0.6688323805207903
-0.6430819435953388
-0.6144721921708074
-0.58541328380626
-0.5573319145456305
-0.5310195665434759
-0.5068629871376961
-0.4824133430274655
-0.39942348995237165
-0.3053533258445915
-0.2123976013721029
-0.1252285281443042
-0.0467222863758846
0.0
0.0
0.11731529827074802
0.23296120363719805
0.3260669435689033
0.41226905268071523
0.4926230729016803
0.5653496746101309
0.6283443264458344
0.6795853423620238
0.6943811210496321
0.687261594638411
0.6676472965096857
0.6415729284180969
0.6128383858401035
0.5837763085120442
0.5557629328559437
0.5295572363375941
0.5055253341538072
0.47621322993507514
0.39233172680874934
0.2983714363921158
0.20589388035745163
0.11942087972064827
0.04177494215732053
0.0
0.0
-0.12673526435311605
-0.23917376105571825
-0.33160198232122906
-0.4175105972850811
-0.4975165188140343
-0.569762175436137
-0.6321435143769087
-0.6809463685772119
-0.6942601903708947
-0.6862803608425806
-0.6662055116687616
-0.6399236979200509
-0.611138374246215
-0.5821191745861897
-0.5542015438690575
-0.5281183816585058
-0.5042194306434473
-0.47020071478654735
-0.3854567574554825
-0.2916038994095015
-0.1995906516481628
-0.11379319566421262
-0.036982013707760525
0.0
0.0
0.13600443132797368
0.24533454102974256
0.33712615035893484
0.42277170987051216
0.5024585555512233
0.5742518793595773
0.636047469292317
0.6824449374332218
0.6942900748303593
0.6854512585441924
0.6649101361351855
0.638411288173224
0.609563746001381
0.5805753948769659
0.5527416476388901
0.5267697622859279
0.5029933380489316
0.46449790254431444
0.37895410939695745
0.2852258492084285
0.19367422092114484
0.10853560592756807
0.03253047737315716
0.0
0.0
-0.14477219914150058
-0.251187223096452
-0.3423890142355949
-0.42779419940787905
-0.5071854775024056
-0.5785552315254062
-0.6397990957860102
-0.6838978671966417
-0.6943385740333937
-0.6846775010006321
-0.6636891943068057
-0.6369812842405207
-0.6080726633008813
-0.5791122617046277
-0.5513572640063514
-0.5254904354196205
-0.5018299489470658
-0.45902204339582103
-0.37270846524298695
-0.27910070097836404
-0.18799378579567988
-0.10348939352134681
-0.02825983377377532
0.0
0.0
0.15316144300243204
0.256781377843919
0.34741569044502
0.4325885129142493
0.5116950218184949
0.5826579079534835
0.6433726892922645
0.6852752274002601
0.6943745666195851
0.6839285992145685
0.6625138673502173
0.635607072267827
0.6066409355229504
0.5777080317482967
0.5500290065893049
0.5242632182819765
0.5007141005971325
0.453777250811026
0.3667253304115846
0.2732315103053694
0.18254913404231662
0.0986509821235931
0.024163282470703026
0.0
-0.0060549101384718695
-0.16101502575338406
-0.2628186689570663
-0.3529614580151904
-0.43777813544007305
-0.5164279590855101
-0.5868004851634361
-0.6468035721551334
-0.6863688219169667
-0.6940565247094201
-0.6827997314192776
-0.6609596422639453
-0.6338707521273029
-0.6048723548634055
-0.5759960703871174
-0.5484231545831147
-0.5227878504913643
-0.49937788461415067
-0.4483045982339617
-0.3605021185425173
-0.2671142676045977
-0.176854685163691
-0.09356760983954174
-0.019833025276197333
0.0
0.018547587237102064
0.1689621391774145
0.26973331488060115
0.3594014178034013
0.44369792931332364
0.521674578890966
0.5912209330798608
0.6502705451626581
0.6872024961579343
0.6933167823697703
0.6811726761363723
0.6588838172475828
0.6316214141206328
0.6026176570253471
0.5738344428486187
0.5464081095412016
0.5209443848825787
0.4977132759269529
0.44328538120768146
0.3548117750565426
0.2614508099032615
0.17149333500373581
0.08868301891747721
0.015563070227652437
0.0
-0.03066856482566757
-0.1766812824901099
-0.27645225463398004
-0.36565977496459795
-0.44945113908001716
-0.526773991096338
-0.5955179706896169
-0.653641589994887
-0.6880176918497305
-0.692604580480704
-0.6795988613406825
-0.6568739699457075
-0.6294426773200251
-0.6004332481943057
-0.5717399229952617
-0.5444554510312222
-0.519157886826891
-0.4961000394936143
-0.43840474262067486
-0.3492840368143691
-0.25595641551447723
-0.1662995252176001
-0.08395866935743697
-0.011441071650926421
0.0
0.04218277010574065
0.1839561782942914
0.28274673385116145
0.37149431956479223
0.45478769478359077
0.5314752885209344
0.599447037241379
0.6566853901648734
0.6886793219126313
0.6918467936517163
0.6780444672848687
0.6549206780824752
0.627339769590092
0.5983326888613628
0.5697303589910335
0.5425847696964771
0.5174481287080731
0.4945572102126341
0.43371549441791074
0.3439662313365874
0.2506645450127018
0.16129128141076154
0.07939736240909684
0.007455520523456535
0.0
-0.053272554678464645
-0.190957177757575
-0.28880096782056186
-0.3771041295411849
-0.45991702598260376
-0.535992435290966
-0.6032205493113545
-0.6596068435088188
-0.6893136786506638
-0.6911184200844064
-0.6765513364914439
-0.6530446359828522
-0.6253201517505663
-0.5963153931508872
-0.5678004906875701
-0.5407883000463232
-0.5158062132431919
-0.493075609451787
-0.42922846985499624
-0.33887957065683894
-0.2456036326104572
-0.1565023492379413
-0.07503643965721078
-0.0036456570440437375
0.0
0.06389111160369221
0.1976646681208906
0.2946039760320152
0.3824830953981169
0.46483712306949343
0.5403272774459984
0.6068439822062172
0.662414747787339
0.6899283778395696
0.690426060335584
0.6751251950056048
0.6512508146659912
0.6233881417885746
0.594385113445184
0.5659535800523161
0.539068878468649
0.5142346072624585
0.4916573829681783
0.42466597821537083
0.33370695330934175
0.24047474329685142
0.15167035514370536
0.07065911136704527
0.0
0.0
-0.07464745050195942
-0.2045212927222487
-0.300571098067835
-0.38803613986030755
-0.4699344594653106
-0.544835535183733
-0.6106303459173518
-0.665369017823808
-0.690584460576245
-0.6897120088257485
-0.6736414512935599
-0.6493808771062366
-0.6213724510243069
-0.5923703056154229
-0.5640252529903766
-0.5372733314630935
-0.5125932138154016
-0.490176047986359
-0.41957298236285506
-0.32790714702405477
-0.2347159390740532
-0.14624090504802295
-0.06573822577380183
0.0
0.0
0.0834763712143021
0.21043019216571898
0.30588273707350855
0.3930946195479622
0.4746793962878881
0.54913460613132
0.6143521585947894
0.6684011773405338
0.6914204588833784
0.6892297797253756
0.672409952495486
0.647764348753423
0.6196000372879122
0.5905824778011031
0.5623047040079594
0.5356654834084239
0.5111197846195358
0.48884398571639154
0.41465875379752887
0.3222603134215985
0.22907231298291336
0.14088676289488067
0.060853635578905496
0.0
0.0
-0.09207885065386989
-0.2161679675713645
-0.311028255478802
-0.39798585109460644
-0.47925900031253643
-0.5532750318212156
-0.6179268337857425
-0.671302110531706
-0.6921979232102887
-0.6887339664242754
-0.6711916997604745
-0.646176170172368
-0.6178635842988925
-0.5888335212186969
-0.5606230674745316
-0.5340949116090257
-0.5096810856882519
-0.48754368502782114
-0.40997825991036346
-0.316880633969648
-0.22368767349425456
-0.13576898699202083
-0.05617480353198674
0.0
0.0
0.10036435157980367
0.22170695248414796
0.3160037006144615
0.4027217659190255
0.48369939128720474
0.557296315628058
0.6214062781724866
0.6741347871413579
0.6929782493937506
0.6882824260416813
0.6700400150262945
0.6446647396855201
0.6162065499932589
0.587162154413266
0.5590146421395841
0.532591870240465
0.5083037183211195
0.486298478951854
0.4054993823861574
0.3117355199062075
0.2185407598525163
0.13088006925680923
0.05170809205424794
0.0
0.0
-0.10827964815639762
-0.22699808710243685
-0.3207560247365334
-0.40724473316774823
-0.48793945483891615
-0.5611353859030969
-0.6247271059271051
-0.6768371577687189
-0.6937189693631491
-0.687845937974802
-0.6689346609570824
-0.6432159296445653
-0.6146189775598871
-0.5855612811665467
-0.5574743051430632
-0.5311526074592448
-0.506984891426967
-0.4829675126363373
-0.4000582185184717
-0.3059796734786345
-0.2129826416781666
-0.1257526236811289
-0.0471705398843507
0.0
0.0
0.11648558610677762
0.2324196108964236
0.32558812053152875
0.41181846540090217
0.49220514119250036
0.564975728184916
0.6280256194318278
0.6794782235240809
0.6944021401102628
0.6873565494185552
0.6677813783460729
0.6417241396303106
0.6129931489294123
0.5839265426724327
0.5559041121309996
0.5296871039105466
0.5056430546762855
0.47674975151656684
0.3929457896054037
0.2989767965351494
0.2064586683132762
0.11992613601483194
0.04220631786666121
0.0
0.0
-0.12590681984434599
-0.23862399201261714
-0.3311095115643881
-0.4170418936273701
-0.4970765070984027
-0.5693626945910178
-0.6317964196146667
-0.6808133200418833
-0.6942578215695908
-0.6863544100748028
-0.6663210295986549
-0.6400585048043753
-0.6112786941195294
-0.5822567270638127
-0.5543316112818848
-0.5282385282505452
-0.504328657221553
-0.4707065737996667
-0.38603340872410563
-0.2921694208149058
-0.200115178394743
-0.11425925386881933
-0.03737656319919788
0.0
0.0
0.13522598814120226
0.2448146427497771
0.3366584798012786
0.42232527956314597
0.502038286389363
0.5738691547248779
0.635713687065542
0.6823154327802512
0.6942853938123508
0.6855196742524365
0.6650183212613427
0.6385380827407265
0.6096959985810824
0.5807051921590574
0.5528644730098082
0.5268832755115616
0.503096569750759
0.4649843276681251
0.3795088843452761
0.2857698632516359
0.1941786732297558
0.1089836685224349
0.03290960308126968
0.0
0.0
-0.14402755270505965
-0.2506907374036688
-0.34194293457141484
-0.4273687730505246
-0.5067853524800229
-0.5781912419545282
-0.6394820855794023
-0.6837757780017237
-0.6943355278482859
-0.684744105903818
-0.6637936336363525
-0.6371033627970016
-0.6081998344808154
-0.5792369810063144
-0.5514752300542697
-0.5255994243492934
-0.5019290450453507
-0.45948789398193085
-0.373239914765892
-0.2796220468757086
-0.1884774382101746
-0.10391921060232842
-0.028623766442366735
0.0
0.0
0.15244661532123918
0.25630463550690785
0.3469872538630894
0.4321798344189479
0.5113105700192604
0.5823080901486507
0.6430679237617914
0.6851575961057488
0.6943712406541078
0.6839921694691076
0.6626137926663855
0.63572396545983
0.6067627505115822
0.5778275236266447
0.5501420434511043
0.5243676625080083
0.5008090704368985
0.4542232949060144
0.3672341260220927
0.2737305849847931
0.18301207966025196
0.09906235182068535
0.024511548502103755
0.0
-0.0050355518607583805
-0.16036320884911917
-0.26224931550855546
-0.3524295326266878
-0.4372876243635787
-0.5159916012520707
-0.5864310282558715
-0.6465116760829204
-0.6862949551698301
-0.6941131387360058
-0.6829301306859161
-0.6611275684087314
-0.634053429120083
-0.6050558521330555
-0.576172217481621
-0.5485874935659674
-0.522938281740411
-0.49951377534669517
-0.4487305557859699
-0.3609851036354208
-0.2675939561566833
-0.1773075465111217
-0.0939788690298388
-0.020191101072242618
0.0
0.017524998197192276
0.168310199275748
0.2691653593867807
0.35887201695074994
0.4432108992988742
0.5212425143130346
0.5908564256265671
0.6499840837876987
0.6871323115995103
0.6933758980133626
0.6813047808304822
0.6590529110802462
0.6318048949400178
0.602801711330017
0.5740109790850292
0.5465727230129951
0.5210950119517059
0.49784930818197376
0.4436969916935269
0.355277912143548
0.26191407908263464
0.17193120275785934
0.08908125115501103
0.015910469166975277
0.0
-0.029695363871250102
-0.17606566583349517
-0.27591912790329454
-0.36516524896301794
-0.44899848682628574
-0.5263748664344041
-0.595184004549158
-0.6533823922801109
-0.6879604596456591
-0.6926677380422579
-0.6797296318027353
-0.6570386468019374
-0.629620129297922
-0.6006105895588657
-0.5719096331967451
-0.5446134636648723
-0.5193023262085574
-0.4962303893491711
-0.4388009407242957
-0.34973330163808886
-0.25640344332578835
-0.16672254762427485
-0.08434389505563002
-0.011777624651945817
0.0
0.041246037533344326
0.18336478943688447
0.2822353071616954
0.37102042976894417
0.4543543911996235
0.53109369913185
0.5991282680206022
0.6564386016864054
0.6886257701320487
0.6919083769786704
0.6781706619593407
0.6550792214777871
0.6275104401201741
0.598503159695534
0.5698934397805347
0.5427365765862058
0.5175868745463728
0.49468240857446516
0.43409475966806016
0.34439619992078935
0.2510923515847934
0.16169611026187536
0.07976602242407124
0.007777608112319631
0.0
-0.0523750167631602
-0.19039025498906675
-0.2883105122965967
-0.3766495274211423
-0.45950121850882114
-0.535626103075151
-0.6029143533085072
-0.6593695820965041
-0.6892617711996861
-0.6911769740647578
-0.67667190164453
-0.653196271547617
-0.6254834626516548
-0.5964785545166089
-0.5679566031730335
-0.5409336351863361
-0.5159390534474877
-0.4931954847649075
-0.42959178120095776
-0.33929141583656275
-0.24601335466189123
-0.15689001010169756
-0.07538940979204357
-0.003953978941061212
0.0
0.06303182396591489
0.19712192393416253
0.29413445236487284
0.38204790833105784
0.46443908826956004
0.5399766199022021
0.6065509077085037
0.6621876785498956
0.6898787672402126
0.6904822022997753
0.6752407010764362
0.6513960611160782
0.6235445594382765
0.5945413812557405
0.5661030929302279
0.5392080672497721
0.514361828049729
0.49177218636011527
0.4250590764814206
0.3341526892413902
0.2409152832266938
0.15208364891857767
0.07103163352746507
0.0001673321761442026
0.0
-0.07383075928787691
-0.2039879214697092
-0.30009933797210214
-0.3875920375645719
-0.46952239295277076
-0.5444666835211123
-0.6103158149014457
-0.6651181675409612
-0.6905225586400431
-0.689763093873265
-0.673756341110874
-0.6495281269435738
-0.6215323164536112
-0.5925307176254524
-0.5641791399577883
-0.5374168419616735
-0.5127245413415777
-0.4902946573488679
-0.41999457112544164
-0.32839014512000464
-0.23519794497402552
-0.14669763610491854
-0.06615441989673938
0.0
0.0
0.08274027186949792
0.20993894069766686
0.3054419993356283
0.3926755034784514
0.4742868215630427
0.5487795007959375
0.6140453701786649
0.668151966650728
0.6913530472203818
0.6892714149249901
0.6725134946276817
0.647899626736606
0.6197480771474557
0.5907316542291006
0.5624481793310062
0.5357995076723961
0.5112425710964125
0.48895497043592423
0.415061742071586
0.3227233824638145
0.22953547966696175
0.1413266051139665
0.061255367208619016
0.0
0.0
-0.09136898565136953
-0.21569386200150276
-0.31060267613706516
-0.39758098411970016
-0.47887961543315666
-0.5529316908543322
-0.6176300224632687
-0.6710607860303975
-0.692132177099973
-0.6887735632616729
-0.6712911274142743
-0.6463062967763845
-0.6180060870213978
-0.5889771714782391
-0.560761258817963
-0.534224018781462
-0.5097993791321364
-0.4876506160672924
-0.41036319194239523
-0.3173229323499451
-0.22413022775662889
-0.1361894555975787
-0.05655905682781441
0.0
0.0
0.09968373915669426
0.2212519963604485
0.31559507234117223
0.40233285027812127
0.4833347888309692
0.5569661778602568
0.621120685204793
0.6739023551535416
0.6929144394290003
0.6883198138968976
0.6701349071932152
0.6447891656380209
0.6163429148358985
0.5872996733344606
0.559146967568684
0.5327155167852065
0.5084170208114869
0.4864009062748778
0.40586812652011933
0.31215916666741594
0.21896459365270954
0.13128269318748814
0.05207597923314514
0.0
0.0
-0.10762815904267423
-0.226562664656027
-0.320364988598709
-0.40687260097600497
-0.4875906272965151
-0.5608195768422628
-0.6244539599760973
-0.676614917424205
-0.6936581132253771
-0.6878819267423121
-0.6690256716285302
-0.6433351899859309
-0.6147496472672531
-0.5856930387028093
-0.5576010763165209
-0.5312710576934236
-0.5070934283559487
-0.48346105965540076
-0.4006235073148686
-0.3065374866617715
-0.2135036542816982
-0.12621934758293907
-0.04756970916108051
0.0
0.0
0.11574674997818818
0.23193735024297196
0.32516176206796016
0.4114172561912269
0.4918330162499688
0.5646427755963563
0.6277418598517482
0.6792688397195338
0.6943561189030781
0.6874078955397367
0.6678873962191831
0.6418575623772947
0.6131368834188674
0.5840701665479408
0.5560415434559408
0.5298150550494259
0.5057600101379124
0.4773010072753358
0.39357561674479463
0.2995956667781938
0.20703384282505322
0.12043837471453422
0.042641199951067965
0.0
0.0
-0.12506059929940475
-0.23806173345165133
-0.3306058467388944
-0.416562864530332
-0.4966273165566768
-0.5689555573704254
-0.6314435296484994
-0.6806819698672568
-0.6942614549073416
-0.6864367187613711
-0.6664457728516392
-0.6402027074653525
-0.6114281084279061
-0.58240280996378
-0.5544695157689424
-0.5283657726196823
-0.5044442469887415
-0.4712428574584475
-0.3866462865821186
-0.2927721685687154
-0.20067597221644584
-0.11475931807361067
-0.03780178357695935
0.0
0.0
0.13440016869512622
0.24426526087638673
0.3361655884303248
0.42185568345015784
0.5015970258043054
0.573468144266092
0.635364853823416
0.6821814805410709
0.6942826473744289
0.685593669183801
0.6651339760352989
0.6386731322590675
0.6098366125173615
0.5808430561874645
0.5529948488934728
0.5270037156143268
0.503206068579761
0.46549489867248434
0.3800911780027588
0.2863410720888574
0.19470860391191655
0.10945464828961902
0.033308437181546566
0.0
0.0
-0.14324291084695076
-0.2501671424294133
-0.3414722106441159
-0.4269196234271544
-0.5063627031048097
-0.5778065358319031
-0.6391467790261067
-0.68364605900606
-0.6943314066634275
-0.6848135096776906
-0.6639030147584387
-0.6372314237625688
-0.6083333405404445
-0.5793679707423317
-0.5515991613618942
-0.5257139457989447
-0.5020331848894272
-0.4599776831748407
-0.37379857392592686
-0.2801699627770423
-0.1889856119979869
-0.10437068797376226
-0.029005899532602214
0.0
0.0
0.15169586357148868
0.2558039717023675
0.3465373490656094
0.4317507043320092
0.5109069071592743
0.5819408236955791
0.6427479936477941
0.6850342232312389
0.694367921116771
0.684059102714273
0.6627188977180717
0.6358468783643192
0.6068908189181834
0.5779531385944643
0.5502608660387152
0.5244774485818392
0.5009088949808651
0.4546924651480814
0.3677693328401178
0.27425558771799285
0.18349909560606592
0.09949512878857947
0.024877956726736497
0.0
-0.003963395807114745
-0.15967769037402263
-0.26165056111441465
-0.3518701653989401
-0.43677183210176324
-0.5155327783169249
-0.5860425781458963
-0.6462048063124566
-0.6862173523267362
-0.6941727388331347
-0.6830673143626577
-0.661304207725759
-0.6342455739201779
-0.6052488539571242
-0.5763574850631968
-0.5487603395997802
-0.523096498826221
-0.49965669853121025
-0.4492760116238621
-0.36160379097767736
-0.26820231224913443
-0.17787444799418173
-0.09448569545426337
-0.020623749572887484
0.0
0.016291927953576008
0.1675300810052006
0.2684893752163672
0.3582444971857349
0.44263598664932263
0.5207349950792556
0.5904310741455474
0.649653127643642
0.6870573673224084
0.6934536622890519
0.6814684089585723
0.6592597022313398
0.6320280702074321
0.6030249327766195
0.5742247033852225
0.5467717820762105
0.5212770133298292
0.4980135824798698
0.4441971478622794
0.35584502388435446
0.2624782715904881
0.1724649912842724
0.08956723494028304
0.016334932449596884
0.0
-0.028495364416576824
-0.17530289493882661
-0.27525608865272594
-0.3645483054303845
-0.44843193619330357
-0.5258733232546118
-0.5947620738861862
-0.6530522056754419
-0.6878820519483665
-0.6927397146219574
-0.6798863617994644
-0.6572381856476847
-0.6298361548540774
-0.6008270262635035
-0.5721170753793655
-0.544806802180176
-0.5194791790721618
-0.4963900688700026
-0.43928433849363
-0.35028090542794393
-0.25694785067457526
-0.16723727483283368
-0.08481219802311707
-0.012186321733111988
0.0
0.040104152701200574
0.18264313838608343
0.28161077752832697
0.37044142468293534
0.45382469519629526
0.5306269361717872
0.5987380343929717
0.65613612151031
0.6885596323009534
0.6919830849578484
0.6783244363512736
0.6552726096140463
0.627718711455973
0.5987112365762033
0.5700925251524998
0.5429219166078836
0.5177562794425581
0.4948352794151255
0.4345591552017468
0.34492278385218705
0.2516163163027656
0.16219194407374088
0.08021756111953969
0.008172103819425514
0.0
-0.05127684239768196
-0.18969688681363694
-0.28771085415737047
-0.3760938480354506
-0.4589930957611638
-0.5351785859343522
-0.6025404655302753
-0.6590800673274565
-0.6891988237166838
-0.6912490276360806
-0.6768197215458691
-0.6533820320032284
-0.6256834546115217
-0.5966783246846735
-0.5681477202875148
-0.5411115445873068
-0.5161016587426602
-0.4933422146363665
-0.4300363036243659
-0.3397953512699709
-0.24651473797647105
-0.1573644451529288
-0.07582143826996236
-0.004331410220426546
0.0
0.06197996949800921
0.19645751864266123
0.29355965726086763
0.3815151285026538
0.4639517717238072
0.5395472845146257
0.6061920482615323
0.6619096069537549
0.689817931560724
0.6905508280512698
0.6753820042715609
0.6515737790019577
0.6237359608737592
0.5947326074229442
0.5662860577576226
0.5393784009554162
0.5145175176088299
0.49191268098311347
0.4255400597255831
0.3346980626031423
0.24145428648773024
0.1525893045427156
0.07148739448974725
0.0005604389808590571
0.0
-0.07267324458359425
-0.20324541129417747
-0.2994506444354569
-0.3869868783955458
-0.4689657424244067
-0.5439733033540681
-0.6099003755422981
-0.664792876739561
-0.6904505724108043
-0.6898421089266161
-0.6739201696043147
-0.6497344964703066
-0.6217547248439793
-0.5927530032875278
-0.5643918697582923
-0.5376149146675315
-0.5129056032020459
-0.4904580595695818
-0.42055538937772424
-0.32903106766278645
-0.23583693239897696
-0.14730271778950085
-0.0667054888589934
0.0
0.0
0.08176104175528337
0.20928482267820064
0.30485473655050804
0.39211672784494644
0.47376311087387835
0.5483054254176278
0.6136353989128657
0.6678184630195612
0.6912616745735906
0.6893253453393372
0.6726499809987214
0.6480785023678565
0.6199440760797361
0.5909292905480716
0.5626383394008618
0.5359771881164547
0.5114053824067255
0.4891021515562234
0.4156000969961825
0.32334182762329666
0.23015364371178576
0.14191318203056763
0.06179064407009974
0.0
0.0
-0.09042491251397161
-0.21506387529908083
-0.31003752516477445
-0.3970436149696024
-0.47837633944355096
-0.5524765235526213
-0.6172368739822872
-0.6707415294121104
-0.6920461338894048
-0.6888273878581967
-0.6714243382940216
-0.6464801855813317
-0.618196312478984
-0.5891688212547762
-0.5609455633396351
-0.5343961700147016
-0.5099570877256466
-0.4877931612592108
-0.4108767919076597
-0.31791321623066426
-0.2247209842537622
-0.13675085668485387
-0.05707222779745211
0.0
0.0
0.09877530994031891
0.2206448028164985
0.3150497262994375
0.4018138156489271
0.48284819899276055
0.5565255767735463
0.6207395225179345
0.6735921274952226
0.692829182041262
0.6883695767957217
0.6702613987223754
0.6449550697153865
0.6165247572674485
0.5874830651544415
0.5593234395138561
0.5328804180538297
0.5085681290175441
0.48653751204893814
0.40635960849548214
0.3127237907512159
0.21952944552501105
0.13181926009800804
0.05256623665076493
0.0
0.0
-0.10675958913819611
-0.22598208077742582
-0.31984354238676693
-0.40637632994941836
-0.4871254043897298
-0.5603983579288524
-0.6240896088633562
-0.6763184287907307
-0.6935768473786306
-0.6879298183458092
-0.669146947807887
-0.6434941483072706
-0.6149238297378005
-0.5858686802910837
-0.5577700759884482
-0.5314289678335353
-0.5072381247101686
-0.4841191802633508
-0.4013772874507604
-0.3072812867884728
-0.21419837048683785
-0.12684166144044126
-0.048101932908469994
0.0
0.0
0.114761660860901
0.23129436599104916
0.32459331971374383
0.4108823514718284
0.49133689499078637
0.5641988875020563
0.6273635645928584
0.6789673901741142
0.6942821173323781
0.6874698809866228
0.668026153371939
0.6420352339010944
0.6133297002836745
0.5842636014389977
0.5562270860523093
0.5299880720615847
0.5059183301497072
0.4780504341184269
0.39443167790830197
0.30043649413863144
0.20781492881926528
0.12113360275696479
0.04323101906724769
0.0
0.0
-0.12391100150816883
-0.23729778387679754
-0.3299215091671485
-0.41591205630591427
-0.4960171349615613
-0.5684026168849211
-0.6309644100763484
-0.6805043062453512
-0.6942674218749137
-0.686549671402582
-0.6666163858135634
-0.6403997145681979
-0.6116321240726613
-0.5826022139295011
-0.5546577186115701
-0.5285394040184714
-0.5046019603913137
-0.4719747211449077
-0.38748293107650666
-0.2935952626119957
-0.201442059374916
-0.11544273412483834
-0.03838321938117692
0.0
0.0
0.13327307913123096
0.24351580954404956
0.33549341319926484
0.42121542639657134
0.5009955365161488
0.5729216575396556
0.6348896210361806
0.6819992211425786
0.6942792608359649
0.6856948888879013
0.6652919670776818
0.6388575368118657
0.6100285746326563
0.5810312415356713
0.5531727993681768
0.5271680963693177
0.5033555110395598
0.46619083693550584
0.38088487500911405
0.2871196944847859
0.19543100257126483
0.11009673266084448
0.03385221797316092
0.0
0.0
-0.14217289749609413
-0.24945304494574638
-0.34083017335440036
-0.4263069759646352
-0.505786167615925
-0.5772817215426738
-0.6386893138078217
-0.6834689853124425
-0.6943256367644768
-0.6849080273771805
-0.6640520676602397
-0.6374059656320428
-0.6085153208472752
-0.5795465306034873
-0.5517681051286997
-0.5258700654992658
-0.5021751542277079
-0.46064542969269057
-0.37456019679572
-0.28091691913096883
-0.18967836813485206
-0.10498613231267781
-0.02952679216199708
0.0
0.0
0.15067247158115527
0.2551214949663041
0.34592406907323736
0.431165747464009
0.510356669931367
0.5814402040926605
0.6423119041823622
0.6848660749864262
0.6943634248699121
0.6841503710740849
0.6628621984914943
0.6360144519009575
0.6070654179443099
0.5781243909480038
0.5504228571683796
0.5246271195352281
0.5010449849906313
0.45533213477818024
0.36849904236198416
0.27497138837687474
0.18416310740427627
0.1000851926523863
0.02537753414118385
0.0
-0.0025016201614999622
-0.15874306548213796
-0.26083423505702097
-0.3511075431089294
-0.4360686224070936
-0.514907242343021
-0.5855129894656442
-0.645786444485753
-0.6861115635168898
-0.6942540063210199
-0.6832543553156016
-0.661545039968305
-0.6345075447668361
-0.6055119923257933
-0.5766100780276571
-0.5489959967483655
-0.523312210753329
-0.4998515587400857
-0.4500196631020919
-0.3624472829827797
-0.26903171979302476
-0.1786473389690669
-0.09517668350682867
-0.021213607373325838
0.0
0.014610794956710527
0.16646648689174787
0.2675677529887674
0.3573889487470744
0.44185216025729385
0.5200430501470661
0.5898511537918633
0.6492019028326109
0.686955183905902
0.693559678872719
0.681691490968104
0.6595416322838364
0.6323323385014471
0.6033292644898034
0.5745160873154386
0.5470431721201507
0.521525147635643
0.49823754837090295
0.4448790432494747
0.35661820365890606
0.2632474708549193
0.17319273834891324
0.09022980629998345
0.01691362860873824
0.0
-0.02685933192698392
-0.1742629629294284
-0.27435212696472316
-0.36370718893569803
-0.44765952350617155
-0.525189539288776
-0.5941868306133844
-0.6526020427599725
-0.6877751546902131
-0.6928378454573578
-0.6801000421258564
-0.6575102298495564
-0.6301306763399495
-0.6011221082331679
-0.5723998945075255
-0.5450703928594294
-0.5197202938016056
-0.49660777008296797
-0.43994338663602006
-0.3510274900504319
-0.25769007747361455
-0.1679390367996994
-0.08545066679531842
-0.012743525880991466
0.0
0.038547345836402624
0.18165926420269526
0.2807593155074443
0.3696520293708392
0.45310252627777203
0.5299905680710402
0.5982060038075666
0.6557237310015877
0.6884694626492728
0.692084939525152
0.6785340872675923
0.655536268492427
0.62800266153872
0.5989949215187699
0.570363951362318
0.5431746028661579
0.5179872402887777
0.49504369829126654
0.4351922958352865
0.3456407099731477
0.25233067150384875
0.16286794660866713
0.0808331732677809
0.008709945575052822
0.0
-0.049779629367034284
-0.18875157249153096
-0.28689330082125414
-0.37533625378105095
-0.4583003385581311
-0.5345684563015216
-0.6020307196122557
-0.6586853526472753
-0.6891130031094832
-0.6913472628467413
-0.6770212539851723
-0.6536352913066487
-0.6259561166733072
-0.5969506843760413
-0.5684082827143937
-0.5413541000815106
-0.5163233491537625
-0.49354226104806376
-0.43064235003948614
-0.34048239930153545
-0.24719830652227046
-0.15801127335963577
-0.07641045081776783
-0.004845986837565611
0.0
0.060545907811258404
0.19555169164471722
0.2927760016663848
0.38078875506988286
0.46328738134574415
0.5389619436264174
0.6057027918139111
0.6615304938455546
0.6897349903296732
0.6906443900223325
0.6755746521352259
0.6518160733847194
0.6239969109300089
0.5949933185234442
0.5665355056343435
0.5396106280000433
0.5147297793336102
0.4921042264608458
0.4261958155775864
0.33544160570974274
0.24218914482254084
0.15327869786893
0.07210876316758796
0.0010963871564464156
0.0
-0.07109512924589342
-0.20223309872264134
-0.29856623821445993
-0.386161825421956
-0.4682068244486319
-0.5433006459926636
-0.6093339799718931
-0.6643493865816029
-0.690352428899849
-0.6899498353139779
-0.6741435276864328
-0.6500158535173254
-0.6220579487191608
-0.5930560598383484
-0.5646818981788512
-0.5378849601140737
-0.51315245665271
-0.49068083648075794
-0.4213199894888679
-0.3299048791793371
-0.23670810564399403
-0.14812766512759656
-0.06745679712981846
0.0
0.0
0.08042599344475274
0.20839302089867495
0.3040540828733838
0.3913549125596636
0.4730491019145615
0.5476590875157715
0.613076458329981
0.6673637757522147
0.6911371002773926
0.689398872188261
0.6728360617708423
0.6483223751848473
0.6202112942107394
0.5911987410355355
0.5628975970303669
0.5362194314580527
0.5116273536882777
0.4893028131800293
0.4163340713883046
0.32418499425735653
0.23099642708331372
0.14271290060885772
0.06252042193588721
0.0
0.0
-0.08913779601388763
-0.21420497332674304
-0.30926701797315986
-0.3963109845486524
-0.4776901904525543
-0.5518559642744918
-0.6167008690086447
-0.6703062660356887
-0.6919288255670957
-0.6889007704425747
-0.671605953377638
-0.646717259534269
-0.6184556592562793
-0.5894301098989988
-0.5611968377186564
-0.5346308750226737
-0.5101721021405857
-0.487987502419448
-0.41157701625036924
-0.3187179887587197
-0.22552640113068653
-0.13751625141626403
-0.057771867262726026
0.0
0.0
0.09753678911940192
0.21981697624206964
0.3143062204601179
0.40110618187508773
0.48218479931938846
0.5559248765656645
0.6202198585586467
0.6731691738884956
0.6927129450823533
0.6884374218027189
0.6704338528771633
0.6451812575685464
0.6167726749187229
0.5877330951880272
0.5595640352306116
0.5331052387123082
0.5087741446938939
0.48672375561353376
0.40702967793885575
0.3134935796031348
0.22029954493588633
0.13255079677508735
0.053234636574775146
0.0
0.0
-0.10557541111793772
-0.22519053289573185
-0.31913262074441723
-0.40569973127978803
-0.486491135647528
-0.559824082701825
-0.6235928652192841
-0.6759142064922922
-0.6934660523474783
-0.6879951120934146
-0.6693122915357222
-0.6437108665578392
-0.6151613040642877
-0.5861081439279773
-0.558000484267445
-0.5316442570302832
-0.5074353986904886
-0.4850164390267742
-0.402404965089848
-0.3082953580298757
-0.21514552241551532
-0.127690102524733
-0.04882754826777118
0.0
0.0
0.11341862459592522
0.2304177436093836
0.32381832516464654
0.4101530809684135
0.49066050050908017
0.5635937059019465
0.626847809984818
0.6785564043409886
0.6941812261628673
0.6875543897905619
0.668215330051405
0.6422774650815442
0.6135925800956662
0.5845273238464983
0.5564800483795337
0.5302239574426328
0.5061341781512638
0.4790721766294849
0.39559880194567415
0.3015828489383608
0.2088798343166331
0.12208145250692262
0.044035157950710335
0.0
0.0
-0.12234367983463279
-0.23625624157802455
-0.3289885071064488
-0.4150247669920301
-0.4951852345820646
-0.5676487570448173
-0.630311195103817
-0.6802620858380768
-0.6942755570311268
-0.6867036671078731
-0.6668489935960904
-0.6406683072051094
-0.6119102719120252
-0.5828740743659508
-0.5549143078260963
-0.5287761270329077
-0.5048169813629482
-0.47297251865861434
-0.3886235831020154
-0.29471744042341996
-0.2024865159809035
-0.11637447981650206
-0.0391759287484596
0.0
0.0
0.13173644439255766
0.24249403364521488
0.33457699285112885
0.42034252218226464
0.5001754869258294
0.5721765965303347
0.6342417051710885
0.6817507350132157
0.6942746437471208
0.6858328883145108
0.665507366573781
0.6391089475700468
0.6102902891088773
0.5812878068989089
0.5534154108606005
0.5273922073775095
0.5035592556952773
0.46713965497551
0.38196697392210843
0.28818124119785216
0.19641589579597069
0.11097212817650018
0.034593589804981104
0.0
0.0
-0.1407140784825674
-0.24847946925545136
-0.33995484202803816
-0.42547171370720943
-0.5050001391682566
-0.5765662079810108
-0.6380656216287222
-0.6832275691928795
-0.6943177702847846
-0.6850368895236397
-0.6642552812061225
-0.6376439299505645
-0.6087634264727613
-0.5797899729122197
-0.5519984371886086
-0.5260829136726392
-0.5023687102892803
-0.461555812087152
-0.3755985669456855
-0.2819352934629464
-0.1906228477746526
-0.10582520773417695
-0.030236959068943386
0.0
0.0
0.14927721451020656
0.2541910299042902
0.3450879444465936
0.43036823760074483
0.5096064956187011
0.5807576767254109
0.641717354961774
0.684636827513554
0.6943572948432152
0.6842748031837602
0.6630575697854647
0.6362429158366804
0.6073034601882252
0.5783578704548298
0.5506437102444541
0.5248311757111648
0.5012305253800474
0.4562042381197118
0.36949390296255497
0.2759472861170643
0.185068398011783
0.10088966521623727
0.026058640624895144
0.0
-0.000508686051256535
-0.15746883038805407
-0.25972128448232734
-0.35006781038417556
-0.4351098907499034
-0.5140544083371209
-0.5847909666651967
-0.6452160645116701
-0.6859673347303064
-0.6943648035894969
-0.6835093604501122
-0.6618733822775068
-0.6348647067141983
-0.605870746032087
-0.576954454496365
-0.5493172835143251
-0.5236063048975358
-0.5001172243763694
-0.45103353168140603
-0.36359727066640746
-0.2701625052117509
-0.17970107166188215
-0.09611875260194368
-0.022017798997540486
0.0
0.01231879665768651
0.1650164196433916
0.266311245275255
0.35622252374096297
0.4407835185968124
0.5190996764755279
0.5890605105371699
0.6485867186078711
0.68681587058729
0.693704218198213
0.681995633226535
0.6599260059187428
0.6327471673184591
0.6037441797703059
0.5749133500386515
0.5474131758737161
0.5218634453241152
0.4985428956826528
0.4458087157206458
0.35767233009114874
0.2642961703980092
0.17418492340350794
0.09113313306368748
0.01770260283913866
0.0
-0.024628822092078034
-0.17284515577134824
-0.2731196970170938
-0.3625604399404092
-0.4466064428942556
-0.5242572919951245
-0.5934025639282107
-0.6519883062867342
-0.6876294146837321
-0.6929716336277395
-0.6803913664562563
-0.6578811254593099
-0.6305322166974959
-0.6015244127348367
-0.5727854802772908
-0.5454297632302528
-0.5200490212436252
-0.49690457635037333
-0.4408419099676952
-0.35204535757668354
-0.2587020036948353
-0.16889579467511692
-0.08632113292892757
-0.013503198650206605
0.0
0.03642484946480237
0.18031788433626988
0.2795984617813053
0.3685757952382896
0.45211794627372126
0.5291229659198804
0.5974806517985041
0.6551614921149035
0.6883465284800778
0.6922238045021897
0.678819918040343
0.6558957318435699
0.628389789212662
0.5993816877098049
0.5707340044231847
0.5435191065284093
0.5183021242793151
0.49532784934325996
0.43605549776982844
0.34661950549446285
0.2533045985571126
0.16378958496986504
0.08167247747468089
0.009443220331625132
0.0
-0.047738381157689774
-0.18746276379980348
-0.2857786770174066
-0.37430337610529796
-0.4573558574647569
-0.5337366267655844
-0.6013357497441885
-0.6581472123708895
-0.6889959982763785
-0.6914811933187252
-0.6772960163085234
-0.6539805762387353
-0.626327854651793
-0.5973220101132088
-0.5687635244711787
-0.5416847918121295
-0.5166255941552605
-0.4938149973730246
-0.4314686126583123
-0.34141909670895626
-0.24813026011973133
-0.1588931364557133
-0.0772134900539212
-0.005547542712919143
0.0
0.05859075794931501
0.1943167185983435
0.2917075928653413
0.3797984427772377
0.4623815745956253
0.5381639102033486
0.60503575657766
0.6610136242101646
0.689621911137937
0.6907719491618708
0.6758373015369417
0.6521464091250735
0.624352681167206
0.5953487629766774
0.566875594199737
0.5399272382814817
0.5150191695918774
0.49236537290789506
0.42707569559379527
0.33643924677568415
0.24317594216680732
0.15420543253488755
0.07294512563001472
0.0018189397424287906
0.0
-0.06898217521665989
-0.20088025133347576
-0.297385722375206
-0.3850613861249057
-0.4671952778381991
-0.5424047176539243
-0.6085802434850272
-0.6637599334872212
-0.6902221779927393
-0.6900933158562716
-0.6744407455587069
-0.6503901726944243
-0.6224613241067212
-0.5934591933696157
-0.5650676901020425
-0.5382441640827593
-0.5134808072199669
-0.4909771590373776
-0.42233672836317426
-0.33106578745882587
-0.23786435056659194
-0.14922139346070307
-0.06845172676269434
0.0
0.0
0.07865377249544642
0.20720862431131631
0.3029904018531846
0.39034259931895543
0.4721001143575624
0.5467998426203204
0.6123331887440232
0.666758903400104
0.6909710818268819
0.6894962278701733
0.6730830741036614
0.6486462478089289
0.6205662346796241
0.5915566809991128
0.5632420165937322
0.5365412598729906
0.5119222575268298
0.48956941050219394
0.4173113913163383
0.32530777592446314
0.2321186524136779
0.14377771207688028
0.0634920285137283
0.0
0.0
-0.08742483430808962
-0.21306205332325204
-0.30824182034886227
-0.39533625893651547
-0.47677737903594114
-0.551030488476471
-0.6159879579815206
-0.6697274517076867
-0.6917730745288623
-0.6889987337431974
-0.6718479060846594
-0.6470329787391278
-0.6188009874098012
-0.5897779956773229
-0.5615313740233232
-0.5349433416857255
-0.5104583482219776
-0.488246222515011
-0.41250899788764045
-0.3197891439650744
-0.22659845035694612
-0.13853506798289378
-0.058703196670755436
0.0
0.0
0.09588800357723165
0.21871488426199087
0.3133163545657782
0.40016404917841436
0.48130153410632703
0.5551250632851911
0.6195279109615266
0.672605961492298
0.6925580694819352
0.688527622916654
0.6706633302114192
0.6454822811825416
0.6171026378858886
0.5880658803175121
0.5598842696706996
0.533404480213678
0.5090483586816604
0.4869716537365447
0.40792150251213644
0.3145181089039864
0.22132447342718115
0.1335243885269637
0.054124187419219705
0.0
0.0
-0.10399932790131008
-0.22413700586055088
-0.31818639645920915
-0.40479918503217927
-0.4856469258079029
-0.559059719923594
-0.6229316930376669
-0.6753761767208427
-0.6933185778235301
-0.6880820140803622
-0.6695323615869233
-0.6439993171030463
-0.6154773815947321
-0.586426869643168
-0.5583071575586794
-0.5319308069788344
-0.5076979704757747
-0.48575088055102145
-0.40352637949795933
-0.3094685702619406
-0.21627269633181434
-0.1287254108640003
-0.049739241143391344
0.0
0.0
0.11176429127134749
0.22932664811988812
0.32284697220727326
0.40923442237480157
0.4898043786115414
0.5628236155865672
0.6261870840614958
0.6780248275988621
0.6940437762196614
0.6876529744288361
0.6684475526073637
0.642577824019043
0.6139199153653179
0.5848564469892887
0.5567961730528115
0.5305190030236555
0.5064043249309524
0.48032829206460087
0.3970353376795422
0.30299670663816547
0.21019640007299786
0.123256630194191
0.045035742385553273
0.0
0.0
-0.12043707205678131
-0.23499893442169079
-0.32786850472263096
-0.4139643774166222
-0.4941955317705051
-0.5667566398146555
-0.6295434545798102
-0.6799883746368126
-0.6943020372989314
-0.6869043293688543
-0.6671428165512848
-0.641003999559636
-0.6122560931219687
-0.583211055789167
-0.5552317489398063
-0.5290686124516814
-0.5050824132780113
-0.47419457930638126
-0.3900213290677507
-0.2960937821941742
-0.20376887812024175
-0.1175198640488117
-0.04015190055810572
0.0
0.0
0.12985226857168491
0.2412422549750176
0.33345489270183615
0.419274084479697
0.4991720532093169
0.5712652133244062
0.6334494507825411
0.6814469607663184
0.6942691029374813
0.6860017522401078
0.6657708780039305
0.639416489988502
0.6106104238146489
0.5816016364196938
0.5537121680937996
0.5276663327528087
0.5038084680495502
0.46829743138920327
0.3832871197558893
0.2894761375755571
0.19761713131569122
0.11203966193373285
0.03549752993618385
0.0
0.0
-0.1389333066716249
-0.2472906468558717
-0.33888575052996095
-0.42445139406741905
-0.5040398090141865
-0.5756918723658926
-0.637303317566708
-0.6829321958359482
-0.6943076870561841
-0.6851938459477379
-0.6645030919799686
-0.6379342264049792
-0.609066148582573
-0.5800870354614314
-0.5522795198856636
-0.5263426712742936
-0.5026049310442169
-0.4626677387278221
-0.3768667808707677
-0.28317900835059323
-0.19177623021838133
-0.10684978028086552
-0.031104025244685765
0.0
0.0
0.14757391496074435
0.25305523958234544
0.344067379148824
0.4293948567089629
0.5086909390878082
0.5799247342702577
0.6409918397073315
0.6843572251039526
0.6943500352378106
0.6844269015191704
0.6632962436293333
0.6365219663601501
0.6075941845369142
0.5786430080785694
0.550913419348877
0.5250803669718512
0.5014571020595359
0.45726929082493717
0.37070889811711377
0.2771391485211603
0.18617405423758282
0.10187221621998445
0.026890545123064796
0.0
0.0
-0.1558509664106566
-0.25857511038796926
-0.3490276736494353
-0.43412615675287536
-0.5131415132467266
-0.5839740897405242
-0.6445193628892028
-0.6857178125554914
-0.6943870804915696
-0.6836894175319324
-0.6621379005488084
-0.6351672642072482
-0.6061826093109345
-0.5772584461875541
-0.5496037078861643
-0.5238702491816764
-0.5003567786665037
-0.4520990197266252
-0.36481099813199036
-0.27135375281491314
-0.18080731135006933
-0.09710321269769795
-0.02285293919728175
0.0
0.009890223209409493
0.16346747250093932
0.26496084876840265
0.3549628155750044
0.4396236725630029
0.5180697458240384
0.5881905586416917
0.6479018246984701
0.6866467439262905
0.6938435156811493
0.6823091070502578
0.6603278238423395
0.6331834339649753
0.6041819504274224
0.5753333208232547
0.5478048327792953
0.5222218562297064
0.49886659872561234
0.4467792195525929
0.35877268469734225
0.2653917949562575
0.175222652178685
0.09207916382037094
0.0185302159274639
0.0
-0.022270142520101427
-0.1713401879324745
-0.2718079088007758
-0.3613372298431772
-0.44548070271683854
-0.5232581469387092
-0.5925591328729357
-0.6513248594803241
-0.6874656951359877
-0.6931067401664263
-0.6806952228837683
-0.6582705672809884
-0.6309550242049763
-0.6019486660158395
-0.5731924764167078
-0.5458093160303688
-0.5203963528807843
-0.49721827134518026
-0.4417900304805642
-0.3531188894528269
-0.2597687938208186
-0.16990396856155682
-0.0872379302524196
-0.014302853176429459
0.0
0.0341902915953933
0.1789060947479631
0.2783769896267988
0.3674436360630918
0.451082489262403
0.5282108525118018
0.5967184632909287
0.6545711618954639
0.6882185855519958
0.6923713546505252
0.6791220606723107
0.6562752650670148
0.6287983251239961
0.599789730325316
0.5711243491356732
0.5438824609577999
0.5186342132610557
0.49562751017368545
0.43696694140134407
0.34765322795069603
0.2543333542866741
0.16476326915950126
0.08255933255131902
0.010218192866727982
0.0
-0.04558297090484176
-0.18610224250498106
-0.2846022668296206
-0.37321341395426255
-0.45635933549952334
-0.5328591293475717
-0.6006028111895974
-0.6575798911959388
-0.6888730254672688
-0.6916229667951221
-0.6775863526139965
-0.6543452855540219
-0.6267204368740252
-0.597714119938282
-0.5691386283971079
-0.5420339598587858
-0.5169447178117641
-0.4941029591630015
-0.43234045782475305
-0.34240745090676733
-0.24911362515028912
-0.1598236712746883
-0.07806087708955432
-0.006287871342621168
0.0
0.05652725970257
0.1930132127826514
0.29057983123315656
0.3787530670331618
0.46142535530759027
0.5373214105520903
0.6043314949690503
0.6604678372832686
0.6895023557083286
0.6909064139583416
0.6761143769807934
0.6524949473013912
0.6247280826170944
0.5957238354498025
0.5672344714582456
0.5402613454382913
0.5153245557706041
0.4926409562251291
0.4279110062743146
0.33738613463872946
0.24411793181361968
0.15509668331033583
0.073756602160018
0.002527750747414584
0.0
-0.06700672836711932
-0.19963253213887253
-0.29630634097480046
-0.38406094941386426
-0.4662802581396477
-0.541598620822389
-0.6079065310769437
-0.663237966574018
-0.6901081715504601
-0.6902224226038828
-0.6747063218546493
-0.6507241159512985
-0.622820945423153
-0.5938184668299947
-0.5654114314135106
-0.5385641683233074
-0.5137732954968343
-0.4912410984916424
-0.423240511610566
-0.3320905976705655
-0.238877219725443
-0.15017162455131317
-0.06930822208707232
0.0
0.0
0.07709925658283481
0.2061658959106566
0.30205167171637576
0.38944765404229864
0.4712598030765197
0.5460376570367718
0.6116724553696486
0.6662196023016027
0.6908210644238284
0.6895799528877915
0.6732997324275335
0.6489312950951681
0.6208790591023394
0.5918723800941611
0.5635459246693675
0.5368253152487282
0.5121825992297959
0.4898047955076014
0.41818892709015176
0.32631637608334085
0.2331264436224515
0.14473347248422985
0.0643635907360961
0.0
0.0
-0.08589276602182266
-0.21204084856941088
-0.30732645811848686
-0.39446646704522786
-0.4759633284336989
-0.5502948562730411
-0.615353242327699
-0.6692128368995848
-0.691636254972082
-0.6890883842476117
-0.6720659900166228
-0.6473167628783494
-0.6191110323467881
-0.5900901483362266
-0.5618314390783798
-0.535223544804453
-0.5107149966368231
-0.48847816465042265
-0.41334313926015254
-0.32074799930314946
-0.22755835081361464
-0.13944756542747883
-0.05953760350068872
0.0
0.0
0.09440998798060227
0.21772663766324252
0.3124285335786409
0.3993188716390664
0.4805089965984727
0.554407219922175
0.6189066660512983
0.6721000453533107
0.6924183266013201
0.6886076875818345
0.6708683463909635
0.6457515216894802
0.6173978978050629
0.5883637378168804
0.5601709355702618
0.533672379140572
0.509293867342302
0.48719361144550744
0.4087195585402154
0.31543480783500805
0.22224143425049261
0.1343953299447001
0.05491986045257363
0.0
0.0
-0.1025888965918954
-0.22319410465737888
-0.3173394740697911
-0.40399311174863767
-0.48489124989373045
-0.5583754895906332
-0.6223398065575705
-0.6748944967754379
-0.6931865246436403
-0.6881597772005418
-0.6697293395332158
-0.6442575121154136
-0.6157603110531594
-0.5867121723612014
-0.5585816733443534
-0.5321873105224885
-0.5079330107188931
-0.48596335784292066
-0.4042919375199968
-0.3103481845253015
-0.21715274279186375
-0.1295614542369607
-0.05050318810903953
0.0
0.0
0.11041219170039113
0.22842312766886902
0.32203564977580335
0.4084623898408135
0.48908075714831084
0.5621685543765573
0.6256205882573088
0.6775639919546246
0.6939177457770604
0.687727847522875
0.6686365587814547
0.6428254196484565
0.6141911631564515
0.5851299344037787
0.5570592996109899
0.5307648521085989
0.5066295944105691
0.48135235364740686
0.39820826584575986
0.3041541475112652
0.21127750827838726
0.12422511729352555
0.04586407942182026
0.0
0.0
-0.11890382961632057
-0.2339981138846542
-0.3269836776327016
-0.4131317277733447
-0.4934232270384774
-0.5660656164075702
-0.628954509234276
-0.679790427497773
-0.6943408788570835
-0.687079798286352
-0.6673905891728271
-0.641283425912488
-0.6125420830628504
-0.5834886766279805
-0.5554926370672226
-0.5293085974488718
-0.5052999514872698
-0.4751860287118468
-0.3911560684985856
-0.29721243980955414
-0.20481256154549
-0.11845353767638228
-0.040949048714081435
0.0
0.0
0.12832136870032065
0.24022632530111435
0.332544845723708
0.4184079572182877
0.49835894638474876
0.5705270043394282
0.6328080471313278
0.6812010976001551
0.6942647255763438
0.686138589356514
0.6659843459915887
0.6396656024374979
0.6108697238312423
0.5818558225083893
0.5539525223754852
0.5278883541431818
0.5040103101187409
0.4692322188024791
0.38435272565336887
0.29052117636645003
0.19858641522175535
0.11290090060215054
0.03622662616287971
0.0
0.0
-0.13749480528722632
-0.24632991599234932
-0.3380215323630292
-0.42362642620181606
-0.5032631848746788
-0.5749846275405897
-0.6366865144369195
-0.6826928814908934
-0.6942990369068025
-0.6853202727616698
-0.6647030095297478
-0.6381685327290361
-0.6093105408809816
-0.5803268905641292
-0.5525064914483513
-0.5265524347296072
-0.5027956950573976
-0.4635666138517503
-0.37789196106004613
-0.28418430323920113
-0.19270841815325315
-0.1076777644885959
-0.03180461954274444
0.0
0.0
0.14619786729115863
0.25213777332314313
0.3432430592404623
0.4286087024767555
0.5079515397198294
0.5792521103562422
0.6404060299396765
0.6841316139361637
0.694344406128836
0.6845499821078596
0.6634892392430072
0.6367475578688985
0.6078291868106794
0.5788734794754237
0.5511314112673497
0.5252817698864275
0.5016402238048147
0.4581301458312733
0.3716909747657989
0.27810255446960486
0.1870678056135392
0.10266648416122143
0.027563063885627084
0.0
0.0
-0.15453002144138495
-0.25769412828788907
-0.34823595676083
-0.43337095124428465
-0.5124310767546633
-0.5833276541284778
-0.6439561803138331
-0.6855004392347371
-0.6943809343705297
-0.6838068903300234
-0.6623225546229533
-0.6353832735727784
-0.6064077137670377
-0.577479257719758
-0.5498125910587705
-0.5240632538435794
-0.5005322754125818
-0.45292327390542964
-0.36575121214407547
-0.2722760033158489
-0.18166279820533054
-0.09786339133396763
-0.023496507254614857
0.0
0.008006529804491486
0.1622629664596314
0.2639087286655376
0.35397985956423983
0.4387172469224827
0.5172633910899236
0.587507831522727
0.6473624238635305
0.6865102440249058
0.693948133920753
0.6825500745726424
0.6606381380649131
0.633521006586963
0.6045210388561296
0.575658826710128
0.5481085182105644
0.5224998412698351
0.49911771404226946
0.4475284010950262
0.3596220868369512
0.2662377781414503
0.17602421640922808
0.09281020608423804
0.01917008373820156
0.0
-0.020441829496724295
-0.17017222206533184
-0.2707889831451149
-0.36038646616230346
-0.44460510313978213
-0.5224803860016719
-0.5919018832356452
-0.6508070386687672
-0.6873364263722685
-0.6932099012658965
-0.6809297214830969
-0.6585717617066632
-0.6312823180310749
-0.6022772373552056
-0.573507774780009
-0.5461034102454806
-0.5206655158535087
-0.4974613901855141
-0.44252446395462364
-0.3539503411200344
-0.26059490698106225
-0.17068457734885606
-0.08794767778479105
-0.014921802009110377
0.0
0.03246061441713621
0.177813390162985
0.27743166637801736
0.36656750227049395
0.4502812603867038
0.5275051457488523
0.5961288478008754
0.6541146076517306
0.6881199176896681
0.6924859022637311
0.679356238758398
0.6565693157509251
0.6291147952425216
0.6001057906685997
0.5714266849289025
0.5441638819532861
0.5188914127188526
0.49585959040993904
0.4376731097439106
0.3484541909606164
0.25513051208687015
0.1655177930670615
0.08324660930403113
0.010818803210206049
0.0
-0.04391298055401344
-0.18504821460020082
-0.2836909317783236
-0.37236908998276785
-0.45558743260741535
-0.5321794633619115
-0.6000351590257103
-0.6571405618213099
-0.6887778890073135
-0.691732898152961
-0.6778113531728261
-0.6546278865023868
-0.6270246188094151
-0.5980179267408512
-0.5694292536985335
-0.5423044871506826
-0.5171919653683086
-0.49432606212502095
-0.43301579965845266
-0.34317303753845996
-0.24987535110653997
-0.16054448010652866
-0.0787172846723806
-0.0068613559631955645
0.0
0.054928728819778505
0.19200340222859394
0.28970615202713335
0.37794320024486755
0.4606845474649277
0.5366686914940993
0.6037858599791582
0.6600449648176674
0.6894096879853501
0.6910105396279018
0.6763289872963616
0.6527649239434306
0.6250188741903993
0.5960143758358386
0.5675124687611126
0.5405201563623319
0.5155611192499844
0.4928544338217075
0.4285580714323165
0.3381196277137515
0.24484762577628072
0.15578706857705665
0.07438518746930543
0.003076804417714296
0.0
-0.06547650993614146
-0.19866602630114497
-0.29547023358114427
-0.38328599489293874
-0.46557147010491146
-0.5409742073548882
-0.6073846659089015
-0.6628336470906684
-0.690019866835513
-0.6903224381815203
-0.6749120491518437
-0.6509828011947005
-0.6230995208700885
-0.5940967722700579
-0.5656777048041176
-0.5388120539990328
-0.5139998662915711
-0.4914455543753066
-0.4239406218734911
-0.33288446205674593
-0.23966183484293355
-0.15090771802804334
-0.0699717040976621
0.0
0.0
0.07589506520147438
0.2053581578922683
0.30132449592504823
0.3887543964368624
0.47060886768386856
0.5454472413484897
0.611160628912133
0.6658018423061167
0.690704857715525
0.6896448114520904
0.6734675658122888
0.649152104883987
0.6211213858934753
0.5921169335382281
0.563781344198466
0.5370453560049104
0.5123842703769979
0.489987134167545
0.41886869839984686
0.3270976746825521
0.23390711577203938
0.1454738398874516
0.06503873534799368
0.0
0.0
-0.08470596669708114
-0.21124978333191619
-0.3066173822853644
-0.39379269151883783
-0.47533273205974547
-0.5497250056507669
-0.6148615654318005
-0.6688141946687689
-0.6915302678827379
-0.6891578298766989
-0.6722349253397665
-0.6475365922757012
-0.619351204495857
-0.5903319533072715
-0.5620638806053607
-0.5354406005749495
-0.5109138060793247
-0.48865783570116206
-0.413989296270472
-0.32149076425570894
-0.22830192519749273
-0.14015441952978305
-0.060183965583948076
0.0
0.0
0.0932650624094016
0.21696110522343626
0.31174079451457415
0.39866416576190233
0.4798950676397353
0.5538511518204237
0.6184254266993914
0.6717081439535386
0.6923100766601957
0.6886697087567151
0.671027159660796
0.6459600855099186
0.6176266172240497
0.5885944694102094
0.5603929977254245
0.533879903691892
0.5094840475521216
0.48736554820427186
0.4093377629542852
0.3161449175716064
0.22295174688341635
0.13506999422187638
0.055536219002344886
0.0
0.0
-0.10149632326323499
-0.22246369785900005
-0.3166834161152463
-0.4033686970762495
-0.48430587494382105
-0.5578454590980672
-0.6218813091077341
-0.674521369471108
-0.6930842313738649
-0.6882200155197901
-0.6698819261321659
-0.6444575197481542
-0.6159794789106369
-0.5869331786280062
-0.5587943236414883
-0.5323860078539917
-0.5081150817656567
-0.48612795077473425
-0.4048849675775697
-0.3110295668425147
-0.21783445991242134
-0.13020908491812289
-0.05109497020694104
0.0
0.0
0.10936480439839963
0.2277232266524008
0.321407168814082
0.40786434430915436
0.48852021265206336
0.5616611192327505
0.6251817592121318
0.677207011250003
0.693820117809532
0.6877858470137569
0.6687829700631038
0.6430172165345633
0.6144012819017544
0.5853417880483857
0.5572631273479539
0.530955296065389
0.5068040966309145
0.4821456303054465
0.3991168601598788
0.3050507447803168
0.21211497538482016
0.12497534384744186
0.04650574045747072
0.0
0.0
-0.11771612231151424
-0.23322284062438003
-0.32629825726176026
-0.41248672601619235
-0.49282497072084885
-0.5655303236637417
-0.628498289999375
-0.6796370901937834
-0.6943709669923831
-0.687215723117757
-0.6675825231752844
-0.641499880086735
-0.6127636216393214
-0.5837037321827542
-0.5556947308336546
-0.5294944988635446
-0.5054684647748224
-0.47595404276441355
-0.39203508040278157
-0.298078994134213
-0.20562103803881027
-0.11917679643701552
-0.04156654970218841
0.0
0.0
0.12713547600476066
0.23943934791692112
0.3318398890644076
0.417737022426419
0.4977290832206987
0.5699551598631429
0.6323111917126982
0.6810106427362086
0.694261334710527
0.6862445885425464
0.6661497063359638
0.6398585743236518
0.6110705873906523
0.5820527246264462
0.5541387098547549
0.5280603402742842
0.5041666645875865
0.46995634033661193
0.3851781841120809
0.29133070277014406
0.19933725903905924
0.11356804850969707
0.03679141155885508
0.0
0.0
-0.13638048793789082
-0.2455856976818781
-0.3373520764219558
-0.4229873750222001
-0.5026615825658485
-0.5744367690613651
-0.6362087155011464
-0.6825074995849563
-0.6942923361742764
-0.685418207732337
-0.6648578731923313
-0.6383500352314285
-0.6094998563590537
-0.5805126913596005
