0.0
-0.14999999999999997
0.0
-0.3606197333333333
-0.15281206897777777
-0.391686979462637
-0.116676008008049
-0.4037742307002101
-0.053162984278756875
-0.3788795740635643
-0.04419127385422916
-0.2764278225696814
0.0
-0.11073054043015013
0.0
0.034734056259574375
0.09398902057590533
0.1592078237768009
0.19475718665618727
0.227384584109631
0.261614758543118
0.29730227765882755
0.3333303550405007
0.3684169030155857
0.4013147030421062
0.43088207931530503
0.45612266772443094
0.4762141599038521
0.4905296372305466
0.49865189246473857
0.5003806497713555
0.4957326773711235
0.5002435440381308
0.5182432786097146
0.5205100770455051
0.5134921240447319
0.5013513088663717
0.48673675029057756
0.4679524572048164
0.3638502837543588
0.24559123675787237
0.13082426846793133
0.025760834952021583
0.0
-0.053645443059420816
-0.24789627308220066
-0.38173855852307326
-0.501176604992344
-0.6126182790768118
-0.7144723249082339
-0.803829059393803
-0.8685735264663903
-0.8831918247742153
-0.8679127264622853
-0.8358254567190607
-0.7952912717023376
-0.7515535467266049
-0.7078110973471085
-0.6659322334226726
-0.6269285349314347
-0.5912680908554773
-0.5590816196386177
-0.5302972380100572
-0.5047278103172156
-0.43302115527174045
-0.34384673262974946
-0.2533807385631289
-0.1671079298800544
-0.08809099304984924
-0.018639783382578393
0.0
0.0048158517865402595
0.17573209646063806
0.28540996165601024
0.38101084459041024
0.4699483997002635
0.5515328465577682
0.6236420849658284
0.6841699991072143
0.7084643424428354
0.7062910936732771
0.6887534963951286
0.6629913904051644
0.6335253545164049
0.6031534410980027
0.5735483635081411
0.5456542680193145
0.5199495341516825
0.49662012278251366
0.4162459645043397
0.3214269380644179
0.22678360214102528
0.13754099784630552
0.05674261164018837
0.0
0.0
-0.06146076296245723
-0.1966836776355443
-0.2942394136520625
-0.3825622350977502
-0.4653146397476454
-0.5411746258798419
-0.6080271974504995
-0.6638909628147865
-0.6911473811502452
-0.6914428411957426
-0.6759804953046281
-0.6519753175045531
-0.6240053467891149
-0.5949133224282969
-0.5664072784446385
-0.5394597048778773
-0.5145720411734327
-0.49194923847997063
-0.43305870837583227
-0.3418997292245413
-0.24664770421123933
-0.15541745764153425
-0.0719299543228238
0.0
0.0
0.04278005431909271
0.18718773617450613
0.2874329490948804
0.3772680448548826
0.4614273862690515
0.5387712271366147
0.6071792644276564
0.6646252037670433
0.6940769386992286
0.695529469181791
0.6805684896318511
0.6566603553503938
0.6285471631017393
0.5991777132028508
0.5703277053652451
0.5430119853591662
0.5177577601669584
0.49478496155425217
0.44068571927585715
0.351974208462259
0.25832667065234843
0.1681485926984533
0.0852114426451707
0.012065388221063456
0.0
-0.02258260818595617
-0.173517841792211
-0.27496502326483985
-0.3651909231705972
-0.4498605094977548
-0.528007590169495
-0.597519317730977
-0.6563352472055071
-0.6904520266914649
-0.6947836061057617
-0.6815358146231987
-0.6585869096401253
-0.6309517076520318
-0.6017588101644985
-0.5729017821314271
-0.5454721350558392
-0.5200464100679801
-0.4968758065121699
-0.4435172522214262
-0.3549165713418193
-0.26119207943934286
-0.1708450471727062
-0.08767212002415378
-0.014235365905272648
0.0
0.019625454772419004
0.17063160555173612
0.27181234037482355
0.36178845314613733
0.44630283727117737
0.5244065624392877
0.5939883978136072
0.6529834105516563
0.6886784144555164
0.6940073510519352
0.6813751363793612
0.658792583858392
0.6313625562748546
0.6022719510983416
0.5734527677617288
0.5460217132686466
0.5205717176785575
0.497364526966327
0.4448199851567932
0.3564754504214357
0.2628467387419482
0.17251794005440146
0.08930424624766266
0.01577419017959672
0.0
-0.020472093216611253
-0.1710164097373933
-0.27205190899341647
-0.36194663800278726
-0.4463923213848033
-0.5244309220262311
-0.5939508170541558
-0.652888388596413
-0.6886024410029324
-0.6939457434588814
-0.68132454703891
-0.6587505876559865
-0.6313273703030371
-0.6022422435693184
-0.5734275271645358
-0.5460001582917892
-0.5205532347829888
-0.49734862676977526
-0.44390062222319465
-0.3554744285710835
-0.26195535114481094
-0.17179151066623183
-0.08876496712100151
-0.015432359455317873
0.0
0.02407816970886939
0.17304565936309685
0.27364557511226456
0.3633041722947592
0.44752255073288094
0.5253097160325256
0.5945546302159916
0.6532016385483138
0.6884072780313409
0.6934619942934249
0.6806929035006292
0.6580595239282763
0.6306310905704158
0.6015726256250875
0.5728020500703453
0.5454271464767079
0.5200353111950172
0.49688497277952254
0.4418964903647807
0.35320928841406396
0.25974973027591597
0.16976096882071762
0.08697603058789977
0.013933862838836228
0.0
-0.030507559260230133
-0.17693886901078998
-0.27690618558006325
-0.36624857427477187
-0.45014424528992714
-0.527545292193518
-0.5963409674118075
-0.6544890973634638
-0.6885365085555388
-0.6929093056600077
-0.6797655554608573
-0.65695294164489
-0.6294670496661833
-0.600424694631528
-0.5717125056536775
-0.5444181870493892
-0.5191164623370442
-0.4960579527119875
-0.43909881188245253
-0.3500488317316015
-0.2566374043537976
-0.1668522559299077
-0.08436541188534838
-0.011693597210928344
0.0
0.03822228233642225
0.1817006360013621
0.2809542198417979
0.3699487817975197
0.4534810020121453
0.5304354956168952
0.5987017941550089
0.656253833664729
0.6888206835721591
0.6923167080856861
0.6786862068565966
0.6556353826462602
0.6280665916478501
0.5990355764611368
0.5703892789964211
0.5431898987065132
0.5179960249390624
0.49504830559480445
0.43578173610973236
0.3462959979118584
0.2529294410021917
0.16337314204702832
0.08122837614737335
0.008986083617436982
0.0
-0.04670883821453947
-0.18698583879053254
-0.28547785900709605
-0.37410606673779057
-0.45725052107636854
-0.5337220517339295
-0.6014104887754838
-0.658307484912455
-0.6891957122179446
-0.6916954199097183
-0.6775095779522327
-0.6541846375897659
-0.6265176612142552
-0.5974953934658154
-0.5689199189795184
-0.5418245920030615
-0.5167497384566802
-0.49392470181144166
-0.4321883154986475
-0.34222559298484845
-0.2488960898488249
-0.15957570093088835
-0.07779061845072156
-0.006004402145191504
0.0
0.05571975929060258
0.19262532535268945
0.29032300560644136
0.37857242915429423
0.4613130426275093
0.5372775443668296
0.6043560300834021
0.6605589153902826
0.6896381268567523
0.6910624929406158
0.6762756563681259
0.6526523824714184
0.6248765555302941
0.5958607395607182
0.5673587781465619
0.5403729914797746
0.5154240444299005
0.4927291001237649
0.42844764673869656
0.3379878384564462
0.24469099239238698
0.15560950269879376
0.0741925262871529
0.0028754987653023256
0.0
-0.06492706353686639
-0.19840383126422445
-0.29529810997983963
-0.3831663499963851
-0.4654988087477278
-0.5409484801546238
-0.6074057069908869
-0.6629000538571362
-0.6901150157191017
-0.6904303127758079
-0.6750227529118232
-0.6510904338270184
-0.6232007676382062
-0.5941899698313764
-0.5657622251993825
-0.538887900725791
-0.514067411468913
-0.49150536952022267
-0.4244054524011126
-0.33340707153712246
-0.24015784691963277
-0.15134911095115292
-0.07034400364258642
0.0
0.0
0.07466172538143062
0.2046065260924627
0.30069318173983817
0.38818397879443545
0.4701012936777084
0.5450151954322561
0.6108166325539877
0.6655557322197583
0.6906898336152367
0.6897653825959461
0.67366218020992
0.6493816569941908
0.6213615474044528
0.5923530440481225
0.5640050148753057
0.5372522185370343
0.5125724908179037
0.4901564368883675
0.4197145410345528
0.32806052467729074
0.23484708663616877
0.14634067388979738
0.0658035431215151
0.0
0.0
-0.0829065919043099
-0.2100961079561997
-0.3056107092015822
-0.3928551057700738
-0.4744720892725533
-0.5489642952920295
-0.6142235655107432
-0.668317791062292
-0.6914294988293761
-0.6892924108819666
-0.6725012086563821
-0.6478684283206352
-0.6197071649962118
-0.5906868148415769
-0.5624029595846962
-0.5357559951723975
-0.5112019121615926
-0.488917712764388
-0.41508969914911703
-0.32274892821115575
-0.22954455817781524
-0.14131683398900932
-0.061227262651912584
0.0
0.0
0.09110406973934249
0.21555067539538514
0.31049443376630737
0.39749210038629074
0.4788088944780414
0.5528804163282476
0.6175994375168219
0.671051552064817
0.6921537092841543
0.68881214417079
0.6713380186599649
0.6463560405654846
0.6180553742941807
0.5890240892218541
0.5608047909328163
0.5342637163188847
0.5098351435147429
0.48768255754049505
0.4105924062587103
0.31758187004542116
0.22437791950160374
0.1364120416073559
0.05674917734463207
0.0
0.0
-0.09912551783240925
-0.2209019933907687
-0.31529461334951003
-0.40205653997531604
-0.4830843630390692
-0.5567481425794257
-0.6209414788874167
-0.6737672070913853
-0.6928938126812553
-0.6883669476713391
-0.6702196020715709
-0.6448921825529194
-0.6164522364317689
-0.5874080124759283
-0.5592501104867444
-0.5328112243442932
-0.5085043025984118
-0.4864795433879515
-0.40623066260833773
-0.3125726776179701
-0.21937045285641749
-0.13165946911536278
-0.052411092399208783
0.0
0.0
0.1068818269050795
0.22607984045087745
0.31994099082354965
0.4064757730976667
0.48722460194543804
0.5604942235104732
0.6241790628125224
0.6763986486532505
0.6936102732456112
0.6879344903490704
0.6691346282159302
0.6434724312596299
0.6148975511700732
0.5858408590145154
0.5577425408110503
0.5314027745722887
0.507213832707101
0.48410199947019333
0.401355269394809
0.3072527399210647
0.21416389648475662
0.12680245848343857
0.04805940423432559
0.0
0.0
-0.11470835808260851
-0.2312721423143046
-0.3245813745752318
-0.410876517629791
-0.4913363427929921
-0.564203352074754
-0.6273727736841371
-0.6789809551729858
-0.6942949694014495
-0.6874817683497438
-0.6680369701526253
-0.6420449639456627
-0.6133383805257816
-0.5842712982394711
-0.5562338801260482
-0.5299940490624313
-0.5059235749612819
-0.47814743409743116
-0.3945407556519514
-0.30053857100429193
-0.20790393132800794
-0.12120658645492839
-0.04328615050009928
0.0
0.0
0.12370708935887234
0.23717518929464
0.32981955574063815
0.41582062568881106
0.49593638176230853
0.5683344955682013
0.6309108548503601
0.6804927173477068
0.694280835772655
0.6865771146065248
0.6666508512222931
0.6404368104204172
0.6116691733475174
0.5826376552341164
0.5546907086992345
0.5285695550183629
0.5046291669212837
0.47214418362962784
0.387675381104484
0.29378125846902
0.20161137040117263
0.11558972048574916
0.03850387822705478
0.0
0.0
-0.13297293275881403
-0.24332579141850827
-0.3353288219233971
-0.42106275199856624
-0.5008557905170965
-0.5727984313991077
-0.63478649838848
-0.6819657036832851
-0.6942878228849645
-0.6857276600556534
-0.6653374781342946
-0.6389085461584911
-0.6100806185818597
-0.5810816691509476
-0.5532201314661879
-0.5272116011823974
-0.5033949245128815
-0.46640467219153253
-0.3811279619856818
-0.2873559483548637
-0.19564765136640588
-0.11028656839449341
-0.03401002014570445
0.0
0.0
0.14181899267882866
0.2492237964364113
0.34062827913662175
0.42611728750004485
0.5056103211645128
0.5771243507316012
0.6385550489864426
0.6834214052930292
0.6943307107502399
0.6849436348119073
0.6641039873786131
0.6374651964827485
0.6085762942162996
0.579605920072798
0.5518240356498869
0.5259215896258451
0.5022219066571019
0.4608864408306854
0.37483456070418064
0.28118448355062386
0.18992477408909852
0.10520316994228007
0.029708448428062015
0.0
0.0
-0.15028527826404636
-0.2548680257458242
-0.3456991811918443
-0.4309532663598075
-0.510158612527216
-0.5812618439861139
-0.6421585145600224
-0.6848098816857766
-0.6943663918019573
-0.6841877609929232
-0.662918096131416
-0.636078773084022
-0.6071319141060922
-0.5781893201277881
-0.5504841009190061
-0.5246835979285333
-0.5010962706704796
-0.45558779145441974
-0.3687902926047105
-0.2752560092681169
-0.18442589983649443
-0.10031739578755433
-0.02557268785112045
0.0
0.0018931470546226237
0.15835791294646975
0.2605003083638182
0.3507973694350683
0.4357842425099898
0.5146559545609817
0.5853020927270169
0.6456219872345301
0.6860733127513778
0.6942910921758249
0.6833338554268665
0.6616459180005954
0.6346166033756275
0.605621175223953
0.5767146750404865
0.5490934527982813
0.5234013383561066
0.4999320197520161
0.4503380972415752
0.3628082494607396
0.26938580325381334
0.17897629767978113
0.0954697136199581
0.021462590077445803
0.0
-0.013869123190588362
-0.16600010363367737
-0.26716545354143817
-0.3570168206336973
-0.44151244966413555
-0.5197444291834197
-0.5896022841107195
-0.6490099112649301
-0.6869143221794883
-0.6936088204072653
-0.6817910977015772
-0.6596664608061881
-0.6324665705315501
-0.6034632609351487
-0.5746442289976172
-0.5471624272422005
-0.5216341247880367
-0.49833587349718217
-0.4451841735466685
-0.3569640165333868
-0.26359093298281355
-0.17351703869151575
-0.0905243756172301
-0.017170176809331333
0.0
0.02611087220496222
0.1737890697548604
0.2739413867219806
0.3633258702110732
0.4473101478207196
0.524881078615528
0.5939282484861941
0.6524007575707527
0.6877290726901376
0.6928843682850792
0.6801986611990284
0.6576350653829495
0.6302654959700202
0.601257006271482
0.5725290826866191
0.5451907344517634
0.5198303344126657
0.4967070998548922
0.44024818403754196
0.35137269014673694
0.2580328956897249
0.1682627396651781
0.08574472386440007
0.01299967412338382
0.0
-0.03781561883757212
-0.18119806183708576
-0.2803609786985021
-0.3692833088297638
-0.4527657407588414
-0.529694351870862
-0.5979589720191233
-0.6555329772560726
-0.6884289226662749
-0.6921338540854053
-0.6786331562598668
-0.6556604007293313
-0.6281361344017138
-0.5991281544652454
-0.5704913595918306
-0.543293173376505
-0.5180955905626906
-0.49514145700208156
-0.43549198645856774
-0.34598046391845333
-0.25266847602466275
-0.16318731676166467
-0.08112369823357728
-0.008963433625643308
0.0
0.04906268272339778
0.18829975006424687
0.2865030879364071
0.3749750561809631
0.4579704192042753
0.5342782684764232
0.6017886991437364
0.6584984458733618
0.6890731640590344
0.6913950111462819
0.6771181160363263
0.6537567030078957
0.626086685137622
0.5970810294688437
0.5685329359676065
0.5414701107615992
0.5164293627821296
0.49363791315008165
0.43093402900685807
0.34081301483382453
0.24752706623729115
0.15832215442869724
0.07669332439940385
0.005092878308791515
0.0
-0.05985004635526997
-0.19511274770143983
-0.2923966448611318
-0.3804374090452372
-0.4629662758036381
-0.5386793134751776
-0.6054668559343171
-0.6613480263304631
-0.6896956406253568
-0.6906903000402261
-0.6756683950034602
-0.6519337509418411
-0.6241235454363372
-0.595119780815839
-0.5666564716293256
-0.5397232229415506
-0.5148326815290506
-0.492197077598911
-0.42651552039358753
-0.33580407930987943
-0.24254724117420157
-0.15361447149325713
-0.07241122599245077
-0.0013570769577864739
0.0
0.07032172255964325
0.20173749606318156
0.2981335773356752
0.3857584306290781
0.4678359741719603
0.5429721630314019
0.6090576258993022
0.664133277268551
0.6903050405093584
0.690003001846924
0.6742531498559269
0.6501537685659983
0.6222065024338641
0.5932044882421862
0.564823920455913
0.5380171815959438
0.5132733130202949
0.4907898990832499
0.42169583923302256
0.33033435662868427
0.23713613222128943
0.14853280632878188
0.06782559153056622
0.0
0.0
-0.07976749841552833
-0.2079535119403084
-0.3036597121249814
-0.39097982365103606
-0.4726976865566913
-0.5473411154406661
-0.6128016307755911
-0.6671403780529641
-0.691076157974848
-0.6894354040423014
-0.6729279598398892
-0.6484426861391785
-0.620343065022692
-0.591331582183029
-0.5630253953648565
-0.5363388320608099
-0.5117367555899855
-0.4894017080258513
-0.4166969869357562
-0.32460185582567036
-0.2314129840317551
-0.14310804320201004
-0.06288087189680072
0.0
0.0
0.08849978340004219
0.21377946265905354
0.30888544310364474
0.39594826695659413
0.4773505741038921
0.551548901990501
0.616435742338379
0.6700910798049283
0.691870997493956
0.688937306864606
0.671696039777509
0.6468347754348042
0.6185841799734461
0.5895595738784793
0.5613213287668702
0.5347471502609707
0.5102786182690573
0.4880837745396335
0.4119247105418228
0.31911756246012046
0.22592621101095445
0.13789610085596044
0.05811898642052363
0.0
0.0
-0.09692069966421474
-0.21940534871841416
-0.31393662048160076
-0.4007544835461532
-0.4818551476163161
-0.5556264438178169
-0.6199617530637228
-0.6729591793562445
-0.6926553528282707
-0.6884712897485945
-0.6705196885474569
-0.6452937800679677
-0.6168959815663794
-0.5878574386946196
-0.5596836789398747
-0.5332170329416692
-0.5088765849398725
-0.4868163623493887
-0.4073634364380807
-0.3138769862954641
-0.22068304964850466
-0.13291503400770682
-0.05356737131210823
0.0
0.0
0.10498481481211194
0.22479587313012867
0.3187782305753585
0.40536249951356207
0.48617504542493584
0.5595379343985809
0.6233453965620116
0.6757128842227563
0.6934109542953236
0.6880277598344359
0.6693947898496748
0.6438189576783215
0.6152797294959761
0.5862275517789913
0.5581153711163687
0.5317516017750987
0.5075337588040595
0.48546448241253737
0.40291811591153986
0.30880166561178307
0.21561836208739982
0.12811360352705578
0.049189675691841656
0.0
0.0
-0.11274741285758152
-0.22997972318021812
-0.3234311405697802
-0.4097887789931663
-0.4903226474664515
-0.5632914588685295
-0.626590264672708
-0.6783512209369903
-0.694130925292136
-0.6875966864897435
-0.6683098990722505
-0.6423985261933518
-0.613723947314492
-0.5846591048304861
-0.5566064483470594
-0.5303418218312637
-0.5062420288812384
-0.4795832220757025
-0.39618255047063194
-0.30215617297245584
-0.20941238122690642
-0.12255541615085974
-0.044437211261078635
0.0
0.0
0.12155935376575291
0.2357351215569616
0.32852175033216524
0.4145809190186567
0.4947691296397893
0.567271723386193
0.6299845372210963
0.6801410166381071
0.6942797172410823
0.6867807837909335
0.6669654265476336
0.6408027330515139
0.6120494701062488
0.5830101204883474
0.5550427085039902
0.5288945843422886
0.5049245775665839
0.4734721272379029
0.3891947113621398
0.29527929448647183
0.20300942898750418
0.11684093420640966
0.039572746469404355
0.0
0.0
-0.13096675112568934
-0.2419822998533977
-0.33411806617897266
-0.4199054172166809
-0.49976487540614156
-0.5718035599685751
-0.6339173363142102
-0.6816263779136237
-0.6942723994166998
-0.6859020535993838
-0.6656152840218309
-0.6392348918036086
-0.6104213873645461
-0.581416321577913
-0.5535369334378616
-0.5275044616040562
-0.5036613076913407
-0.4676151193829168
-0.3825092213440134
-0.2887131737674231
-0.19690939953934133
-0.11141074585149618
-0.03496503335930452
0.0
0.0
0.1399828648486376
0.2479915274752349
0.3395161693463632
0.42505314305553776
0.504606260012454
0.5762076833576137
0.6377531272476817
0.6831066418934164
0.6943138777257398
0.6851015113355184
0.6643571582133136
0.6377632172395113
0.6088877917752583
0.5799119975217236
0.5521138884500657
0.526189600178348
0.5024657262200555
0.4620122746667803
0.3761191983141206
0.2824458881249631
0.19109638037171633
0.10624588045103339
0.0305929884447481
0.0
0.0
-0.1485775088027357
-0.2537244463847884
-0.34466868892927466
-0.4299683591604332
-0.5092303647212889
-0.5804154766862161
-0.641419278986164
-0.6845219160905399
-0.6943542544062992
-0.6843372251280339
-0.663155558424064
-0.6363574945761856
-0.6074228388537741
-0.578474958787458
-0.5507544652537979
-0.524933506512645
-0.5013235703299389
-0.456641686619376
-0.36999292387439864
-0.2764367874981611
-0.1855224745780623
-0.10129316381337863
-0.026400252201625382
0.0
0.0
0.1568138713579776
0.2592173302225029
0.34960483647272905
0.43467671337506975
0.5136594418652368
0.5844453691446407
0.6449299570840242
0.6858763025381696
0.6943915793750952
0.6836037936611891
0.6620032982747238
0.6350098015759733
0.6060185146366615
0.5770974797729391
0.5494514362755465
0.5237295522586459
0.5002288444297405
0.4514981942588975
0.3641256416767516
0.27068148412817156
0.18018370254888041
0.09654907160375732
0.022383794788396874
0.0
-0.011263173566530726
-0.16434540349434498
-0.2657277186148911
-0.3556792793190129
-0.4402843599850939
-0.5186574980411468
-0.5886882049745209
-0.6482950064356114
-0.68674625235855
-0.693767273210248
-0.6821334790640023
-0.6601016481758641
-0.6329373886150212
-0.603934799117248
-0.5750960687548793
-0.5475834846230478
-0.5220192401461415
-0.49868356712539286
-0.44623320072116696
-0.3581536217005039
-0.2647752194920648
-0.17463844559148683
-0.0915463508807906
-0.01806384917880824
0.0
0.023602567773831185
0.1721913828193231
0.2725504938007813
0.36203014496202857
0.4461188439330806
0.5238249887005472
0.5930381509698991
0.651702266316852
0.6875599236787445
0.6930315721677965
0.6805243344729104
0.6580510693882526
0.6307165036182472
0.6017092130541853
0.5729626956077947
0.5455949877398366
0.520200193534716
0.4970410921281111
0.4412548196503341
0.3525129775789512
0.2591667704793183
0.16933510393600604
0.0867207030062867
0.013851792739417779
0.0
-0.035450702529068956
-0.17970235311619748
-0.27906585546960994
-0.36808208643578444
-0.45166635866537763
-0.5287251166585918
-0.5971481328915346
-0.6549038703707913
-0.6882904955351297
-0.6922878901549376
-0.6789514186329615
-0.656060992069121
-0.6285677139608891
-0.5995594170833503
-0.5709040365779781
-0.5436773888021802
-0.5184467912455546
-0.49545839251267487
-0.436452369574309
-0.347069580485995
-0.25375247799978834
-0.16421345768526735
-0.08205852125564095
-0.00978053242316232
0.0
0.046799810901727884
0.18687026580241167
0.2852663193440699
0.3738286405399614
0.45692179373003877
0.5333543800186767
0.6010164434449267
0.6579000210977939
0.6889423539239063
0.6915428691936027
0.6774224076921784
0.6541393687804803
0.6264987943214148
0.5974927502796067
0.5689268632139277
0.5418368390037769
0.516764559734221
0.49394039409214024
0.4318483783498224
0.3418496153653923
0.24855860151049758
0.15929846016904337
0.07758259002569405
0.005870004090984454
0.0
-0.05769197533915846
-0.19374898088542147
-0.29121641370088924
-0.3793431560654924
-0.46196512788355926
-0.5377970009360806
-0.6047290625982649
-0.6607759582846384
-0.689569880503227
-0.690830549510745
-0.6759580100986771
-0.6522982386511524
-0.6245162072766823
-0.5955121427768534
-0.5670319176838076
-0.5400727710749595
-0.5151521912228607
-0.4924854124303929
-0.42743955055052457
-0.33685170681739
-0.24358627130610447
-0.15459366255432905
-0.07329860848590272
-0.002127703668224609
0.0
0.06812163106774632
0.20033672170251804
0.29691552475543465
0.38462557870029035
0.4667966798423058
0.542053568508436
0.6082867633366922
0.6635325562513648
0.690172513317983
0.6901495543433208
0.6745564319834697
0.6505356407606887
0.6226179780141285
0.5936156959082012
0.5652174267995896
0.538383560763378
0.513608217738993
0.4910921334558884
0.42273042414378714
0.33151220253859703
0.23830556283456023
0.14963531897272014
0.06882481926992841
0.0
0.0
-0.07797659766573256
-0.20675439385697836
-0.30258147521802603
-0.389952746372352
-0.47173406111423555
-0.5464678224277829
-0.6120453629904322
-0.666523975703326
-0.6909057322573066
-0.6895327001751862
-0.6731774542317533
-0.6487704192202337
-0.6207025062201096
-0.5916942047626458
-0.5633744039749474
-0.5366649990786672
-0.5120356666585497
-0.4896719480811029
-0.4176936684790721
-0.325747147846832
-0.2325576712036147
-0.1441940641354595
-0.0638717009664009
0.0
0.0
0.08675741994642822
0.21261718785880215
0.3078430638389923
0.39495735479521266
0.4764227578976663
0.5507100290425038
0.6157114609905935
0.6695032742825252
0.6917134744032395
0.6890377896991984
0.6719429108048726
0.6471566040029116
0.618936052393109
0.5899139786842115
0.5616620912143557
0.5350654063734808
0.5105701517544747
0.4883472632487842
0.4128723783849421
0.3202068540506749
0.2270166154019157
0.13893258229548638
0.05906669170728472
0.0
0.0
-0.09524412350988934
-0.21828436717967992
-0.312929587158596
-0.3997958591872693
-0.4809562763444863
-0.5548123452955692
-0.6192572750262729
-0.6723855671826465
-0.6924971932880892
-0.6885625026867093
-0.6707526432608705
-0.6455995725770501
-0.6172312642010783
-0.5881956381702648
-0.5600091520063383
-0.5335211869343349
-0.5091553113564199
-0.48706834673437693
-0.40826916803351726
-0.31491745994415943
-0.22172393825294956
-0.13390380512011607
-0.05447081377004248
0.0
0.0
0.10338488290732001
0.22372623779471068
0.31781744120035516
0.4044480256047782
0.4853177218000202
0.5587616408043791
0.6226738429556823
0.6751663373900622
0.6932610504845557
0.6881158914443989
0.6696181738633197
0.6441117980444678
0.6156006378496942
0.5865511597476929
0.5584267483868892
0.5320425508876726
0.5078003640435894
0.48584344472745167
0.4038598913419339
0.30985177010622666
0.21665608425469735
0.1290896288272695
0.05007205043972168
0.0
0.0
-0.11117525260394415
-0.22893303219952774
-0.32249352232390927
-0.40889808917825515
-0.48948913568062874
-0.5625382408275428
-0.6259402926341628
-0.6778240667552793
-0.6939888719660341
-0.6876855930052308
-0.6685298927905652
-0.6426856884394696
-0.6140380837250123
-0.5849755909995022
-0.5569108033651589
-0.5306261064431221
-0.5065024628990795
-0.4807744237937553
-0.39754632297588094
-0.30350094473356604
-0.21066738371061586
-0.12367855035547046
-0.04539660612298821
0.0
0.0
0.11976911399627124
0.23456292663213843
0.32748302971445375
0.4136016336576131
0.4938590773931255
0.566455595755426
0.6292868809247829
0.6799021392932874
0.6943189589039803
0.6869807726433885
0.667250758901085
0.6411257318291335
0.612380684794404
0.5833320014415607
0.5553454049686603
0.5291731620164902
0.5051771838863861
0.47462650593716044
0.390515680197425
0.2965811271442573
0.20422356032248118
0.11792662019124
0.040499179057670504
0.0
0.0
-0.129185328143288
-0.24079966291768656
-0.33305842885956205
-0.41889675447919555
-0.4988178217777141
-0.5709436113855794
-0.6331700223693592
-0.6813398503174098
-0.6942671962255286
-0.6860613658635807
-0.6658638759886903
-0.639525016526237
-0.6107233885617114
-0.5817123732517955
-0.5538168790520612
-0.5277630569331953
-0.5038964010532945
-0.4687046748262108
-0.383751354704949
-0.28993141232492026
-0.19803940311059917
-0.11241486337373273
-0.03581516299851055
0.0
0.0
0.13830661771108083
0.2468721007826376
0.3385092507174664
0.42409199388784563
0.5037014700361286
0.5753837588116683
0.63703460533088
0.6828279379268883
0.6943039188114101
0.6852489244453506
0.6645901869592368
0.6380363029570856
0.6091726191069936
0.5801915293233082
0.5523784009718414
0.5264340555731196
0.502688038155813
0.4630593379570493
0.37731340548779213
0.28361696979593215
0.1921823422224822
0.10721049539021482
0.03140924229474751
0.0
0.0
-0.14697443267677043
-0.25265554080865393
-0.3437082601390532
-0.4290523648257445
-0.5083688162428052
-0.5796317025256453
-0.6407366290116294
-0.684258936660874
-0.6943475830305021
-0.6844805223010636
-0.6633803232168928
-0.6366202464944829
-0.6076965645048309
-0.5787434141373348
-0.5510083886528574
-0.5251681091874006
-0.5015368799875781
-0.4576443271787294
-0.3711367453525529
-0.277558861726689
-0.18656342199901504
-0.10221824342777136
-0.027183531584620835
0.0
0.0
0.15527548887398002
0.25819130539524526
0.3486827576288844
0.43379714716864315
0.5128320075786466
0.58369246645658
0.6442740092980902
0.685623112734397
0.6943844029978659
0.6837405953171561
0.662218346231423
0.635261369992814
0.6062806774164397
0.5773546440487355
0.5496947090825836
0.5239543328081606
0.5004332348640828
0.45245811126388513
0.3652206082944148
0.2717555370371235
0.18118000954401453
0.09743438924183663
0.023133313587237248
0.0
-0.009069579762509605
-0.16294272159024395
-0.2645024858393997
-0.35453458446909447
-0.4392287824404999
-0.5177184522680721
-0.5878931242809822
-0.6476668313811467
-0.6865872769711372
-0.6938890933782565
-0.6824140861758753
-0.6604630142928474
-0.6333304997033309
-0.6043296765290445
-0.5754751295966887
-0.5479371353254008
-0.5223429622304183
-0.49897599875445064
-0.44710560554694173
-0.3591427324663841
-0.26576035321857566
-0.1755718590062983
-0.09239764726127198
-0.01880897858876822
0.0
0.02147362520552104
0.17083135551134415
0.2713640068129408
0.36092302311336666
0.44509924176705074
0.522919310084804
0.5922727976131967
0.6510992673627685
0.6874093783770974
0.693151683065376
0.680797383859208
0.658401784744813
0.6310976120462277
0.6020918104096148
0.5733298383430226
0.5459374402201639
0.520513615600354
0.4973241877567699
0.4421099916373439
0.35348111727287523
0.26012869587336707
0.17024404630090711
0.0875471367735232
0.014572502591092135
0.0
-0.033436745141481816
-0.17843005007308202
-0.27796515272011607
-0.36706194205806564
-0.4507334281383374
-0.5279034062976624
-0.5964615930885432
-0.6543722607947325
-0.6881756002264068
-0.6924212581781779
-0.6792240820730766
-0.6564033703925795
-0.628936197634419
-0.5999274243112515
-0.5712560639199081
-0.5440050640574478
-0.5187462640713197
-0.4957286176123781
-0.43727458883282816
-0.3480021733741109
-0.2546806419355857
-0.16509198303213632
-0.08285874969955714
-0.010479853150529891
0.0
0.044855427108721535
0.18564304738066476
0.28420523692604427
0.3728455779369747
0.45602305027345647
0.5325630278244087
0.6003555093288078
0.657388494119536
0.6888315785885094
0.6916708592319468
0.6776843758004846
0.65446840277569
0.6268529560107804
0.5978464756436133
0.5692652414817269
0.5421518170946314
0.5170524330565301
0.4942001556345336
0.43263467558808993
0.34274098449569723
0.24944547680204227
0.16013769706739517
0.07834684598759341
0.006537714222575958
0.0
-0.05583084751880063
-0.19257328112075797
-0.29019920624046147
-0.37840024241315917
-0.4611026167488617
-0.53703704854808
-0.6040937849587654
-0.6602836097045884
-0.6894619843311369
-0.6909517771149126
-0.6762078736104014
-0.652612564689723
-0.6248547681866187
-0.5958504115861767
-0.5673555831038417
-0.5403740983910608
-0.5154276164541116
-0.4927339593675578
-0.4281929051783467
-0.3377056865275805
-0.2444358285867656
-0.15539745494477486
-0.07403045016524924
-0.002766950180663294
0.0
0.06634007685551258
0.19921146639561854
0.2959420843292617
0.3837233344949122
0.4659714691658785
0.5413265902844911
0.6076791765012615
0.6630618216867153
0.6900697009337619
0.6902659951741965
0.6747959485498446
0.6508368141830964
0.6229423089744366
0.5939397127496701
0.5655274354770872
0.5386721616362097
0.5138720028166589
0.49133017127919715
0.42354552009641344
0.33243645086943474
0.23921904340579192
0.15049230939829694
0.0695972731809389
0.0
0.0
-0.07657464118806609
-0.20581399853326948
-0.30173487190772214
-0.38914563095965643
-0.4709762179991852
-0.5457804378436196
-0.6114494741905142
-0.6660376019126641
-0.690770438074426
-0.6896082090350527
-0.6733728503572299
-0.6490274926074728
-0.6209846306636958
-0.5919789217135457
-0.5636484870268802
-0.5369211777233872
-0.5122704588406163
-0.4898842327692117
-0.41848507479701913
-0.32665675494977
-0.23346654956862894
-0.14505601934861706
-0.06465772277705653
0.0
0.0
0.0853757275443901
0.21169621477050496
0.3070175436521969
0.39417293143746257
0.47568860416520736
0.5500465963707896
0.6151390394257785
0.6690391652826311
0.6915900808680662
0.6891186387862562
0.6721395880222656
0.647412533287145
0.6192156652349164
0.5901954925757252
0.5619327040595266
0.5353181068595267
0.5108016095353871
0.48855643975791296
0.41362464266595833
0.3210715907213393
0.22788229486503372
0.1397555119961636
0.05981919624161032
0.0
0.0
-0.09391119208691218
-0.2173931273959877
-0.31212891461355063
-0.39903364384477674
-0.4802415335926348
-0.5541649644576498
-0.6186970103247161
-0.6719293104132792
-0.6923711666622009
-0.6886347076006506
-0.6709375346510775
-0.6458423841700809
-0.6174975412312554
-0.5884642578624478
-0.5602676787062665
-0.5337627888542559
-0.5093767208562334
-0.4872685170555224
-0.4089888841998385
-0.3157441727773766
-0.22255088758501468
-0.1346892527887948
-0.05518838194256091
0.0
0.0
0.10211290833283265
0.2228758971298745
0.3170536572086413
0.4037210805358918
0.48463622664720496
0.5581445775975273
0.6221400585036386
0.6747319409043349
0.6931419597707706
0.6881860205052164
0.6697958150992434
0.644344647031254
0.6158557932728814
0.586808455498349
0.5586743161367591
0.5322738745944222
0.5080123314176688
0.48603506406195757
0.4045502957871498
0.31064503415762457
0.2174497382830644
0.1298435996984835
0.050761002689687224
0.0
0.0
-0.10995588906958628
-0.22811821021124934
-0.32176184703547506
-0.408201846538916
-0.4888365514720051
-0.5619474862134907
-0.6254294088884018
-0.6774084704680357
-0.693875213376844
-0.6877531154648426
-0.6687003440244007
-0.6429089774914748
-0.6142827030632765
-0.5852222301331755
-0.5571480987896478
-0.5308478205366692
-0.5067056176940319
-0.48169795095799695
-0.39860410221379683
-0.3045447572700602
-0.21164235750886332
-0.12455195947992129
-0.046143624172627226
0.0
0.0
0.1183863954360849
0.233660359893744
0.32668506877188314
0.4128507276051517
0.4931625918949855
0.5658324118484923
0.6287557536815006
0.6797236248776917
0.6943539869948191
0.6871390150261093
0.6674742067552687
0.6413777259035397
0.6126385981142456
0.58358236729909
0.5555806808316114
0.5293895868857884
0.5053733656476341
0.47552062017693625
0.3915390170653767
0.29758996113170577
0.2051647807953841
0.11876863113895807
0.04121806795675727
0.0
0.0
-0.12780472505643692
-0.23988347230654056
-0.3322377257150174
-0.41811565910888854
-0.49808454145906744
-0.5702778757196658
-0.6325915880948476
-0.681118124416432
-0.6942632483198028
-0.6861847687510598
-0.6660563865495354
-0.6397496721843982
-0.6109572316486237
-0.5819416044920569
-0.5540336364409607
-0.5279632812776397
-0.5040784271944142
-0.46954768814815817
-0.38471234324173
-0.29087385302715735
-0.19891352634341813
-0.11319154893014216
-0.03647267944266319
0.0
0.0
0.13700934400639445
0.24600569132388772
0.33772987852025854
0.42334801843731357
0.5030010920110277
0.5747459486070774
0.6364783575049254
0.682612118379877
0.6942961176799739
0.685362938916885
0.664770477125454
0.6382476057485722
0.6093930176858675
0.5804078361693177
0.5525830891537616
0.5266232250927831
0.5028600735438796
0.46386996362702115
0.37823793590309535
0.2845235672482832
0.19302301023892104
0.10795719020178746
0.03204105407772223
0.0
0.0
-0.14573348270394632
-0.2518281494644307
-0.34296487014310695
-0.4283433934216102
-0.5077020093611898
-0.579025115184775
-0.6402083325552816
-0.6840554753328285
-0.6943425064340485
-0.6845915189893081
-0.6635543708447027
-0.636823689838879
-0.6079084946983526
-0.5789512582958222
-0.5512049785494559
-0.5253497387594679
-0.5017020232017111
-0.4584206646908172
-0.3720224031548098
-0.27842768192451706
-0.18736942624448766
-0.10293453141000193
-0.027790023573340164
0.0
0.0
0.15408423274929933
0.25739681699433475
0.3479687704331987
0.43311608667186857
0.5121913207007374
0.583109496906737
0.6437661190864522
0.6854270807151729
0.6943788601958315
0.6838465347108474
0.6623848711466206
0.635456171789523
0.606483681368625
0.5775537765577592
0.5498830843484158
0.5241283884992937
0.5005915015474364
0.45320144082575464
0.36606851285408154
0.2725872417518838
0.18195150543889377
0.09811993422488359
0.023713696743970725
0.0
-0.0073708263908399685
-0.16185647323756908
-0.26355366221035476
-0.35364813440736986
-0.4384113490141822
-0.5169912648223661
-0.5872774267459628
-0.6471803884274488
-0.6864641784326796
-0.6939834401826067
-0.6826313955967729
-0.6607428620131837
-0.6336349296211384
-0.6046354734403487
-0.5757686774973128
-0.5482110050933611
-0.5225936548588032
-0.4992024597145125
-0.4477812327201999
-0.3599087406200505
-0.26652327810560755
-0.17629472599266507
-0.09305691611778252
-0.01938602448032782
0.0
0.019824815691442815
0.16977806031375686
0.2704451190543103
0.36006560517821373
0.44430960832069566
0.5222179094846436
0.5916800765244626
0.6506322859955146
0.6872928011231115
0.6932447157763755
0.6810088593940895
0.6586734079326867
0.6313927722074328
0.6023881226630341
0.5736141807621491
0.5462026603128473
0.5207563521971068
0.49754343723043787
0.4427723184453554
0.35423093703078545
0.26087370126784054
0.1709480149510434
0.08818720133498707
0.015130683075960785
0.0
-0.03187688795003221
-0.17744462737027686
-0.2771126414137887
-0.36627182716450035
-0.45001086397613643
-0.5272669858655126
-0.5959298660656134
-0.6539605310422385
-0.6880866195441735
-0.6925245594620854
-0.6794352685037636
-0.656668551127943
-0.6292215966656716
-0.6002124538019697
-0.5715287163406839
-0.5442588550994237
-0.5189782116502857
-0.4959379121789103
-0.4379114254003577
-0.34872449764811153
-0.2553995346031278
-0.1657724276201091
-0.08347854948109691
-0.011021495457307434
0.0
0.04334939702385912
0.18469250430103298
0.2833833770521108
0.37208414996265315
0.45532693304445715
0.5319500916443034
0.5998435894098255
0.6569922982104801
0.6887457826291599
0.6917699974708248
0.6778872857129352
0.6547232578559091
0.6271272732522205
0.5981204545849049
0.56952733308757
0.54239578392139
0.5172754057610283
0.49440135426957316
0.43324371207410584
0.3434314055084422
0.25013241618688004
0.16078773659362644
0.07893880721154939
0.007054893900035622
0.0
-0.0543892612238934
-0.19166261427282022
-0.2894113052864433
-0.3776698887350509
-0.46043454176909654
-0.5364484137474897
-0.6036017206552778
-0.659902255036726
-0.6893784147493398
-0.6910456796588679
-0.6764014133672539
-0.6528560348826151
-0.6251170096925945
-0.5961124265680718
-0.5676062864897794
-0.5406074991271593
-0.5156409540112971
-0.49292647762581815
-0.42877644111732977
-0.33836716484315654
-0.24509388079217928
-0.15602005780750153
-0.0745973206281773
-0.003262097468217609
0.0
0.06496009622891008
0.19833985269576596
0.29518806646699136
0.3830244654740987
0.46533227036120506
0.5407634820970424
0.607208548355701
0.662697198516468
0.6899900660148063
0.6903561911505374
0.6749814774073815
0.6510701015453301
0.6231935337092913
0.5941906939881149
0.5657675659807884
0.5388957097426627
0.514076328750577
0.491514553557841
0.4241768930679873
0.33315237312264784
0.23992662449227412
0.1511561327338398
0.07019561409504944
0.0
0.0
-0.07548867816320154
-0.20508556479284137
-0.3010790907339399
-0.38852043785742807
-0.47038919188289025
-0.5452479895629997
-0.6109878991938411
-0.6656608578664391
-0.6906656406104343
-0.6896666997335491
-0.6735242057394834
-0.6492266231353976
-0.6212031656408346
-0.5921994647300007
-0.5638607929029271
-0.5371196147253913
-0.5124523297747604
-0.4900486692932022
-0.4190981056631959
-0.32736134508308845
-0.23417057476015052
-0.1457236969458552
-0.06526658120666076
0.0
0.0
0.08430544907967669
0.2109828169143415
0.3063780854158086
0.3935653076951191
0.47511992021201416
0.549532694104331
0.6146956357293557
0.6686796620370995
0.6914944996651625
0.689181266187571
0.6722919371459879
0.6476107796674746
0.6194322571008772
0.590413556952347
0.5621423243023052
0.5355138519311156
0.51098089971728
0.4887184705697961
0.41420735947704107
0.3217414304323399
0.22855286453866525
0.14039296661609518
0.06040209799791406
0.0
0.0
-0.09287867622551768
-0.21670275554073354
-0.31150869831624517
-0.3984432175083448
-0.4796878806631573
-0.5536634915591997
-0.6182630194291272
-0.6715758861980291
-0.6922735447818945
-0.6886906394841777
-0.6710807555056528
-0.6460304710272865
-0.6177038047947563
-0.5886723360437157
-0.5604679386219095
-0.5339499384797064
-0.5095482290215259
-0.48742357292636324
-0.40954639279928984
-0.3163845633601349
-0.22319146114480692
-0.1352976779788439
-0.055744225910364376
0.0
0.0
0.10112760476321853
0.22221720227648561
0.3164620115664075
0.40315797141113463
0.48410832429180495
0.5576665859341086
0.6217265767090004
0.6743954475431884
0.6930497097358318
0.6882403445742734
0.6699334206180876
0.64452501774797
0.6160534430479079
0.5870077631863609
0.558866088251266
0.5324530636571166
0.5081765265780965
0.4861834971232833
0.405085101653324
0.3112595177843742
0.2180645238427455
0.13042764545505342
0.05129468312484711
0.0
0.0
-0.10901133514841105
-0.22748702607322735
-0.3211950708692841
-0.4076625176256363
-0.48833104170996744
-0.5614898714819521
-0.6250336644499002
-0.6770865384300024
-0.6937871706042491
-0.6878054205148946
-0.6688323805207428
-0.643081943595273
-0.6144721921707338
-0.5854132838061848
-0.5573319145455577
-0.5310195665434078
-0.5068629871376333
-0.48241334302724026
-0.3994234899521122
-0.30535332584433106
-0.21239760137185448
-0.1252285281440762
-0.04672228637568364
0.0
0.0
0.1173152982710339
0.23296120363739276
0.32606694356908034
0.4122690526808853
0.49262307290184115
0.565349674610278
0.6283443264459632
0.679585342362072
0.6943811210496312
0.6872615946383814
0.6676472965096406
0.6415729284180447
0.6128383858400495
0.5837763085119914
0.5557629328558938
0.5295572363375481
0.5055253341537655
0.47621322993491766
0.392331726808568
0.2983714363919343
0.2058938803572793
0.11942087972049092
0.041774942157182804
0.0
0.0
-0.12673526435332727
-0.23917376105586596
-0.331601982321366
-0.4175105972852148
-0.49751651881416276
-0.5697621754362567
-0.632143514377016
-0.6809463685772579
-0.6942601903709029
-0.6862803608425664
-0.666205511668735
-0.6399236979200181
-0.61113837424618
-0.5821191745861549
-0.5542015438690243
-0.528118381658475
-0.5042194306434192
-0.4702007147864413
-0.385456757455361
-0.29160389940938064
-0.1995906516480486
-0.11379319566410898
-0.03698201370767047
0.0
0.0
0.13600443132811782
0.24533454102984442
0.3371261503590298
0.42277170987060514
0.502458555551313
0.5742518793596612
0.6360474692923924
0.6824449374332545
0.6942900748303659
0.6854512585441832
0.6649101361351675
0.6384112881732017
0.6095637460013571
0.580575394876942
0.5527416476388675
0.5267697622859068
0.5029933380489123
0.46449790254424045
0.3789541093968725
0.2852258492083441
0.19367422092106523
0.1085356059274959
0.03253047737309446
0.0
0.0
-0.14477219914159947
-0.25118722309652153
-0.34238901423565965
-0.4277941994079424
-0.5071854775024667
-0.5785552315254632
-0.6397990957860612
-0.6838978671966635
-0.6943385740333976
-0.6846775010006253
-0.663689194306793
-0.636981284240505
-0.6080726633008647
-0.5791122617046112
-0.5513572640063357
-0.5254904354196058
-0.5018299489470524
-0.45902204339576935
-0.37270846524292756
-0.2791007009783049
-0.18799378579562392
-0.10348939352129599
-0.028259833773731036
0.0
0.0
0.15316144300250145
0.25678137784396776
0.3474156904450654
0.43258851291429357
0.5116950218185375
0.5826579079535232
0.6433726892923002
0.6852752274002755
0.6943745666195879
0.683928599214564
0.6625138673502086
0.6356070722678162
0.6066409355229389
0.5777080317482851
0.5500290065892939
0.5242632182819664
0.5007141005971233
0.45377725081099046
0.36672533041154387
0.273231510305329
0.18254913404227843
0.09865098212355851
0.024163282470673092
0.0
-0.006054910138540093
-0.1610150257534297
-0.26281866895710754
-0.35296145801522993
-0.43777813544011035
-0.5164279590855442
-0.586800485163466
-0.6468035721551584
-0.686368821916975
-0.6940565247094184
-0.68279973141927
-0.6609596422639346
-0.6338707521272908
-0.6048723548633931
-0.5759960703871053
-0.5484231545831035
-0.522787850491354
-0.49937788461414123
-0.4483045982339376
-0.36050211854249
-0.2671142676045701
-0.17685468516366437
-0.09356760983951709
-0.019833025276175295
0.0
0.018547587237150387
0.1689621391774467
0.26973331488063
0.3594014178034288
0.44369792931334945
0.5216745788909894
0.5912209330798812
0.6502705451626749
0.6872024961579396
0.6933167823697688
0.6811726761363669
0.6588838172475752
0.6316214141206242
0.6026176570253383
0.5738344428486102
0.5464081095411936
0.5209443848825712
0.49771327592694614
0.44328538120766414
0.3548117750565229
0.26145080990324177
0.17149333500371683
0.08868301891745965
0.015563070227636797
0.0
-0.030668564825700267
-0.17668128249013135
-0.27645225463399914
-0.36565977496461605
-0.449451139080034
-0.5267739910963534
-0.59551797068963
-0.6536415899948976
-0.6880176918497337
-0.6926045804807027
-0.6795988613406786
-0.6568739699457021
-0.6294426773200194
-0.6004332481942999
-0.5717399229952561
-0.544455451031217
-0.5191578868268862
-0.49610003949361
-0.43840474262066315
-0.3492840368143556
-0.2559564155144637
-0.16629952521758712
-0.08395866935742483
-0.01144107165091561
0.0
0.04218277010576324
0.1839561782943062
0.28274673385117455
0.37149431956480466
0.45478769478360237
0.5314752885209449
0.5994470372413881
0.6566853901648807
0.6886793219126333
0.6918467936517151
0.6780444672848657
0.6549206780824713
0.6273397695900876
0.5983326888613584
0.5697303589910293
0.5425847696964733
0.5174481287080697
0.494557210212631
0.43371549441790247
0.3439662313365779
0.2506645450126923
0.16129128141075255
0.07939736240908851
0.007455520523449138
0.0
-0.05327255467848055
-0.19095717775758553
-0.28880096782057135
-0.3771041295411939
-0.45991702598261214
-0.5359924352909735
-0.603220549311361
-0.6596068435088244
-0.6893136786506656
-0.6911184200844058
-0.6765513364914422
-0.6530446359828498
-0.6253201517505635
-0.5963153931508844
-0.5678004906875673
-0.5407883000463206
-0.5158062132431895
-0.49307560945178486
-0.4292284698549903
-0.33887957065683205
-0.24560363261045015
-0.15650234923793438
-0.07503643965720434
-0.0036456570440377423
0.0
0.06389111160370392
0.19766466812089814
0.29460397603202193
0.38248309539812325
0.4648371230694992
0.5403272774460036
0.6068439822062216
0.6624147477873424
0.6899283778395705
0.6904260603355834
0.6751251950056033
0.6512508146659892
0.6233881417885724
0.594385113445182
0.5659535800523141
0.5390688784686473
0.5142346072624568
0.49165738296817674
0.42466597821536645
0.33370695330933675
0.24047474329684648
0.15167035514370059
0.07065911136704084
0.0
0.0
-0.0746474505019658
-0.20452129272225317
-0.3005710980678391
-0.3880361398603116
-0.46993445946531454
-0.5448355351837366
-0.6106303459173551
-0.665369017823811
-0.6905844605762461
-0.6897120088257485
-0.6736414512935592
-0.6493808771062356
-0.6213724510243058
-0.5923703056154217
-0.5640252529903754
-0.5372733314630924
-0.5125932138154006
-0.490176047986358
-0.4195729823628519
-0.32790714702405105
-0.23471593907404933
-0.14624090504801926
-0.0657382257737982
0.0
0.0
0.08347637121430657
0.21043019216572206
0.3058827370735114
0.39309461954796493
0.47467939628789063
0.5491346061313225
0.6143521585947914
0.6684011773405355
0.6914204588833791
0.6892297797253756
0.6724099524954855
0.6477643487534223
0.6196000372879112
0.590582477801102
0.5623047040079583
0.5356654834084229
0.5111197846195349
0.48884398571639087
0.41465875379752665
0.3222603134215959
0.22907231298291061
0.14088676289487798
0.0608536355789029
0.0
0.0
-0.09207885065387339
-0.2161679675713669
-0.3110282554788042
-0.39798585109460854
-0.47925900031253843
-0.5532750318212175
-0.6179268337857441
-0.6713021105317072
-0.6921979232102891
-0.6887339664242752
-0.6711916997604741
-0.6461761701723674
-0.617863584298892
-0.5888335212186964
-0.5606230674745311
-0.5340949116090251
-0.5096810856882513
-0.4875436850278207
-0.40997825991036185
-0.3168806339696461
-0.22368767349425267
-0.13576898699201895
-0.05617480353198495
0.0
0.0
0.10036435157980608
0.22170695248414948
0.31600370061446276
0.40272176591902664
0.48369939128720574
0.5572963156280589
0.6214062781724874
0.6741347871413584
0.6929782493937509
0.6882824260416812
0.6700400150262942
0.6446647396855196
0.6162065499932584
0.5871621544132656
0.5590146421395836
0.5325918702404645
0.5083037183211191
0.4862984789518536
0.4054993823861563
0.31173551990620624
0.21854075985251514
0.13088006925680817
0.05170809205424698
0.0
0.0
-0.10827964815639929
-0.22699808710243807
-0.32075602473653453
-0.4072447331677493
-0.48793945483891715
-0.5611353859030977
-0.624727105927106
-0.6768371577687196
-0.6937189693631494
-0.687845937974802
-0.6689346609570822
-0.6432159296445651
-0.6146189775598869
-0.5855612811665464
-0.5574743051430628
-0.5311526074592444
-0.5069848914269667
-0.4829675126363363
-0.4000582185184705
-0.3059796734786334
-0.21298264167816566
-0.12575262368112816
-0.047170539884350215
0.0
0.0
0.11648558610677862
0.23241961089642427
0.32558812053152936
0.4118184654009028
0.492205141192501
0.5649757281849166
0.6280256194318281
0.6794782235240812
0.6944021401102628
0.687356549418555
0.6677813783460727
0.6417241396303105
0.6129931489294121
0.5839265426724326
0.5559041121309994
0.5296871039105465
0.5056430546762853
0.4767497515165661
0.392945789605403
0.29897679653514875
0.20645866831327542
0.11992613601483117
0.04220631786666053
0.0
0.0
-0.125906819844347
-0.23862399201261789
-0.33110951156438884
-0.4170418936273709
-0.49707650709840345
-0.5693626945910186
-0.6317964196146674
-0.6808133200418838
-0.694257821569591
-0.6863544100748029
-0.666321029598655
-0.6400585048043754
-0.6112786941195294
-0.5822567270638127
-0.5543316112818848
-0.5282385282505452
-0.504328657221553
-0.47070657379966646
-0.3860334087241054
-0.2921694208149055
-0.20011517839474266
-0.11425925386881909
-0.037376563199197646
0.0
0.0
0.13522598814120276
0.24481464274977746
0.33665847980127894
0.4223252795631463
0.5020382863893633
0.5738691547248782
0.6357136870655422
0.6823154327802514
0.6942853938123508
0.6855196742524365
0.6650183212613427
0.6385380827407265
0.6096959985810824
0.5807051921590574
0.5528644730098082
0.5268832755115616
0.503096569750759
0.46498432766812486
0.3795088843452758
0.2857698632516355
0.1941786732297554
0.10898366852243453
0.032909603081269265
0.0
0.0
-0.14402755270505996
-0.250690737403669
-0.34194293457141495
-0.4273687730505247
-0.506785352480023
-0.5781912419545283
-0.6394820855794026
-0.6837757780017237
-0.6943355278482858
-0.6847441059038178
-0.6637936336363524
-0.6371033627970015
-0.6081998344808153
-0.5792369810063143
-0.5514752300542696
-0.5255994243492934
-0.5019290450453507
-0.4594878939819307
-0.3732399147658918
-0.27962204687570835
-0.18847743821017432
-0.10391921060232819
-0.02862376644236654
0.0
0.0
0.1524466153212397
0.25630463550690824
0.3469872538630899
0.43217983441894847
0.511310570019261
0.5823080901486513
0.6430679237617919
0.685157596105749
0.6943712406541079
0.6839921694691077
0.6626137926663856
0.6357239654598301
0.6067627505115822
0.5778275236266447
0.5501420434511043
0.5243676625080083
0.5008090704368985
0.4542232949060143
0.3672341260220927
0.273730584984793
0.1830120796602519
0.09906235182068529
0.024511548502103644
0.0
-0.005035551860758769
-0.16036320884911942
-0.26224931550855574
-0.3524295326266881
-0.437287624363579
-0.5159916012520709
-0.5864310282558717
-0.6465116760829207
-0.6862949551698302
-0.6941131387360059
-0.6829301306859162
-0.6611275684087314
-0.634053429120083
-0.6050558521330555
-0.576172217481621
-0.5485874935659674
-0.522938281740411
-0.49951377534669517
-0.4487305557859699
-0.3609851036354208
-0.2675939561566833
-0.1773075465111217
-0.0939788690298388
-0.020191101072242618
0.0
0.017524998197192443
0.1683101992757481
0.2691653593867808
0.35887201695075005
0.44321089929887425
0.5212425143130346
0.5908564256265671
0.6499840837876987
0.6871323115995103
0.6933758980133625
0.6813047808304821
0.6590529110802461
0.6318048949400178
0.6028017113300169
0.5740109790850291
0.546572723012995
0.5210950119517059
0.49784930818197376
0.44369699169352683
0.35527791214354787
0.2619140790826345
0.17193120275785917
0.08908125115501078
0.015910469166975028
0.0
-0.02969536387125038
-0.1760656658334953
-0.27591912790329465
-0.365165248963018
-0.4489984868262858
-0.5263748664344041
-0.5951840045491579
-0.6533823922801107
-0.687960459645659
-0.6926677380422578
-0.6797296318027352
-0.6570386468019372
-0.6296201292979219
-0.6006105895588656
-0.571909633196745
-0.5446134636648723
-0.5193023262085574
-0.4962303893491711
-0.4388009407242957
-0.3497333016380888
-0.25640344332578824
-0.16672254762427471
-0.08434389505562992
-0.01177762465194572
0.0
0.04124603753334438
0.18336478943688453
0.28223530716169554
0.3710204297689443
0.45435439119962356
0.53109369913185
0.5991282680206022
0.6564386016864056
0.6886257701320487
0.6919083769786704
0.6781706619593407
0.6550792214777871
0.6275104401201741
0.598503159695534
0.5698934397805347
0.5427365765862058
0.5175868745463728
0.49468240857446516
0.43409475966806016
0.34439619992078935
0.2510923515847934
0.16169611026187536
0.07976602242407124
0.007777608112319631
0.0
-0.0523750167631602
-0.19039025498906675
-0.2883105122965967
-0.3766495274211423
-0.45950121850882114
-0.535626103075151
-0.6029143533085072
-0.6593695820965041
-0.6892617711996861
-0.6911769740647578
-0.67667190164453
-0.653196271547617
-0.6254834626516548
-0.5964785545166089
-0.5679566031730335
-0.5409336351863361
-0.5159390534474877
-0.4931954847649075
-0.42959178120095776
-0.33929141583656275
-0.24601335466189123
-0.15689001010169756
-0.07538940979204357
-0.003953978941061212
0.0
0.06303182396591489
0.19712192393416253
0.29413445236487284
0.38204790833105784
0.46443908826956004
0.5399766199022021
0.6065509077085037
0.6621876785498956
0.6898787672402126
0.6904822022997753
0.6752407010764362
0.6513960611160782
0.6235445594382765
0.5945413812557405
0.5661030929302279
0.5392080672497721
0.514361828049729
0.49177218636011527
0.4250590764814206
0.3341526892413902
0.2409152832266938
0.15208364891857767
0.07103163352746507
0.0001673321761442026
0.0
-0.073830759287877
-0.2039879214697093
-0.3000993379721022
-0.3875920375645719
-0.46952239295277076
-0.5444666835211123
-0.6103158149014457
-0.6651181675409613
-0.6905225586400431
-0.689763093873265
-0.673756341110874
-0.6495281269435738
-0.6215323164536112
-0.5925307176254524
-0.5641791399577883
-0.5374168419616735
-0.5127245413415777
-0.4902946573488679
-0.41999457112544164
-0.32839014512000464
-0.23519794497402552
-0.14669763610491854
-0.06615441989673938
0.0
0.0
0.08274027186949792
0.20993894069766686
0.3054419993356283
0.3926755034784514
0.4742868215630427
0.5487795007959375
0.6140453701786649
0.668151966650728
0.6913530472203818
0.6892714149249901
0.6725134946276817
0.647899626736606
0.6197480771474557
0.5907316542291006
0.5624481793310062
0.5357995076723961
0.5112425710964125
0.48895497043592423
0.415061742071586
0.3227233824638145
0.22953547966696175
0.1413266051139665
0.061255367208619016
0.0
0.0
-0.09136898565136953
-0.21569386200150276
-0.31060267613706516
-0.39758098411970016
-0.47887961543315666
-0.5529316908543322
-0.6176300224632687
-0.6710607860303975
-0.692132177099973
-0.6887735632616729
-0.6712911274142743
-0.6463062967763845
-0.6180060870213978
-0.5889771714782391
-0.560761258817963
-0.534224018781462
-0.5097993791321364
-0.4876506160672924
-0.41036319194239523
-0.3173229323499451
-0.22413022775662889
-0.1361894555975787
-0.05655905682781441
0.0
0.0
0.09968373915669426
0.2212519963604485
0.31559507234117223
0.40233285027812127
0.4833347888309692
0.5569661778602568
0.621120685204793
0.6739023551535416
0.6929144394290003
0.6883198138968976
0.6701349071932152
0.6447891656380209
0.6163429148358985
0.5872996733344606
0.559146967568684
0.5327155167852065
0.5084170208114869
0.4864009062748778
0.40586812652011933
0.31215916666741594
0.21896459365270954
0.13128269318748814
0.05207597923314514
0.0
0.0
-0.10762815904267423
-0.226562664656027
-0.320364988598709
-0.40687260097600497
-0.4875906272965151
-0.5608195768422628
-0.6244539599760973
-0.676614917424205
-0.6936581132253771
-0.6878819267423121
-0.6690256716285302
-0.6433351899859309
-0.6147496472672531
-0.5856930387028093
-0.5576010763165209
-0.5312710576934236
-0.5070934283559487
-0.48346105965540076
-0.4006235073148686
-0.3065374866617715
-0.2135036542816982
-0.12621934758293907
-0.04756970916108051
0.0
0.0
0.11574674997818818
0.23193735024297196
0.32516176206796016
0.4114172561912269
0.4918330162499688
0.5646427755963563
0.6277418598517482
0.6792688397195338
0.6943561189030781
0.6874078955397367
0.6678873962191831
0.6418575623772947
0.6131368834188674
0.5840701665479408
0.5560415434559408
0.5298150550494259
0.5057600101379124
0.4773010072753358
0.39357561674479463
0.2995956667781938
0.20703384282505322
0.12043837471453422
0.042641199951067965
0.0
0.0
-0.12506059929940475
-0.23806173345165133
-0.3306058467388944
-0.416562864530332
-0.4966273165566768
-0.5689555573704254
-0.6314435296484994
-0.6806819698672568
-0.6942614549073416
-0.6864367187613711
-0.6664457728516392
-0.6402027074653525
-0.6114281084279061
-0.58240280996378
-0.5544695157689424
-0.5283657726196823
-0.5044442469887415
-0.4712428574584475
-0.3866462865821186
-0.2927721685687154
-0.20067597221644584
-0.11475931807361067
-0.03780178357695935
0.0
0.0
0.13440016869512622
0.24426526087638673
0.3361655884303248
0.42185568345015784
0.5015970258043054
0.573468144266092
0.635364853823416
0.6821814805410709
0.6942826473744289
0.685593669183801
0.6651339760352989
0.6386731322590675
0.6098366125173615
0.5808430561874645
0.5529948488934728
0.5270037156143268
0.503206068579761
0.46549489867248434
0.3800911780027588
0.2863410720888574
0.19470860391191655
0.10945464828961902
0.033308437181546566
0.0
0.0
-0.14324291084695076
-0.2501671424294133
-0.3414722106441159
-0.4269196234271544
-0.5063627031048097
-0.5778065358319031
-0.6391467790261067
-0.68364605900606
-0.6943314066634275
-0.6848135096776906
-0.6639030147584387
-0.6372314237625688
-0.6083333405404445
-0.5793679707423317
-0.5515991613618942
-0.5257139457989447
-0.5020331848894272
-0.4599776831748407
-0.37379857392592686
-0.2801699627770423
-0.1889856119979869
-0.10437068797376226
-0.029005899532602214
0.0
0.0
0.15169586357148868
0.2558039717023675
0.3465373490656094
0.4317507043320092
0.5109069071592743
0.5819408236955791
0.6427479936477941
0.6850342232312389
0.694367921116771
0.684059102714273
0.6627188977180717
0.6358468783643192
0.6068908189181834
0.5779531385944643
0.5502608660387152
0.5244774485818392
0.5009088949808651
0.4546924651480814
0.3677693328401178
0.27425558771799285
0.18349909560606592
0.09949512878857947
0.024877956726736497
0.0
-0.003963395807114745
-0.15967769037402263
-0.26165056111441465
-0.3518701653989401
-0.43677183210176324
-0.5155327783169249
-0.5860425781458963
-0.6462048063124566
-0.6862173523267362
-0.6941727388331347
-0.6830673143626577
-0.661304207725759
-0.6342455739201779
-0.6052488539571242
-0.5763574850631968
-0.5487603395997802
-0.523096498826221
-0.49965669853121025
-0.4492760116238621
-0.36160379097767736
-0.26820231224913443
-0.17787444799418173
-0.09448569545426337
-0.020623749572887484
0.0
0.016291927953576008
0.1675300810052006
0.2684893752163672
0.3582444971857349
0.44263598664932263
0.5207349950792556
0.5904310741455474
0.649653127643642
0.6870573673224084
0.6934536622890519
0.6814684089585723
0.6592597022313398
0.6320280702074321
0.6030249327766195
0.5742247033852225
0.5467717820762105
0.5212770133298292
0.4980135824798698
0.4441971478622794
0.35584502388435446
0.2624782715904881
0.1724649912842724
0.08956723494028304
0.016334932449596884
0.0
-0.028495364416576824
-0.17530289493882661
-0.27525608865272594
-0.3645483054303845
-0.44843193619330357
-0.5258733232546118
-0.5947620738861862
-0.6530522056754419
-0.6878820519483665
-0.6927397146219574
-0.6798863617994644
-0.6572381856476847
-0.6298361548540774
-0.6008270262635035
-0.5721170753793655
-0.544806802180176
-0.5194791790721618
-0.4963900688700026
-0.43928433849363
-0.35028090542794393
-0.25694785067457526
-0.16723727483283368
-0.08481219802311707
-0.012186321733111988
0.0
0.040104152701200574
0.18264313838608343
0.28161077752832697
0.37044142468293534
0.45382469519629526
0.5306269361717872
0.5987380343929717
0.65613612151031
0.6885596323009534
0.6919830849578484
0.6783244363512736
0.6552726096140463
0.627718711455973
0.5987112365762033
0.5700925251524998
0.5429219166078836
0.5177562794425581
0.4948352794151255
0.4345591552017468
0.34492278385218705
0.2516163163027656
0.16219194407374088
0.08021756111953969
0.008172103819425514
0.0
-0.05127684239768196
-0.18969688681363694
-0.28771085415737047
-0.3760938480354506
-0.4589930957611638
-0.5351785859343522
-0.6025404655302753
-0.6590800673274565
-0.6891988237166838
-0.6912490276360806
-0.6768197215458691
-0.6533820320032284
-0.6256834546115217
-0.5966783246846735
-0.5681477202875148
-0.5411115445873068
-0.5161016587426602
-0.4933422146363665
-0.4300363036243659
-0.3397953512699709
-0.24651473797647105
-0.1573644451529288
-0.07582143826996236
-0.004331410220426546
0.0
0.06197996949800921
0.19645751864266123
0.29355965726086763
0.3815151285026538
0.4639517717238072
0.5395472845146257
0.6061920482615323
0.6619096069537549
0.689817931560724
0.6905508280512698
0.6753820042715609
0.6515737790019577
0.6237359608737592
0.5947326074229442
0.5662860577576226
0.5393784009554162
0.5145175176088299
0.49191268098311347
0.4255400597255831
0.3346980626031423
0.24145428648773024
0.1525893045427156
0.07148739448974725
0.0005604389808590571
0.0
-0.07267324458359425
-0.20324541129417747
-0.2994506444354569
-0.3869868783955458
-0.4689657424244067
-0.5439733033540681
-0.6099003755422981
-0.664792876739561
-0.6904505724108043
-0.6898421089266161
-0.6739201696043147
-0.6497344964703066
-0.6217547248439793
-0.5927530032875278
-0.5643918697582923
-0.5376149146675315
-0.5129056032020459
-0.4904580595695818
-0.42055538937772424
-0.32903106766278645
-0.23583693239897696
-0.14730271778950085
-0.0667054888589934
0.0
0.0
0.08176104175528337
0.20928482267820064
0.30485473655050804
0.39211672784494644
0.47376311087387835
0.5483054254176278
0.6136353989128657
0.6678184630195612
0.6912616745735906
0.6893253453393372
0.6726499809987214
0.6480785023678565
0.6199440760797361
0.5909292905480716
0.5626383394008618
0.5359771881164547
0.5114053824067255
0.4891021515562234
0.4156000969961825
0.32334182762329666
0.23015364371178576
0.14191318203056763
0.06179064407009974
0.0
0.0
-0.09042491251397161
-0.21506387529908083
-0.31003752516477445
-0.3970436149696024
-0.47837633944355096
-0.5524765235526213
-0.6172368739822872
-0.6707415294121104
-0.6920461338894048
-0.6888273878581967
-0.6714243382940216
-0.6464801855813317
-0.618196312478984
-0.5891688212547762
-0.5609455633396351
-0.5343961700147016
-0.5099570877256466
-0.4877931612592108
-0.4108767919076597
-0.31791321623066426
-0.2247209842537622
-0.13675085668485387
-0.05707222779745211
0.0
0.0
0.09877530994031891
0.2206448028164985
0.3150497262994375
0.4018138156489271
0.48284819899276055
0.5565255767735463
0.6207395225179345
0.6735921274952226
0.692829182041262
0.6883695767957217
0.6702613987223754
0.6449550697153865
0.6165247572674485
0.5874830651544415
0.5593234395138561
0.5328804180538297
0.5085681290175441
0.48653751204893814
0.40635960849548214
0.3127237907512159
0.21952944552501105
0.13181926009800804
0.05256623665076493
0.0
0.0
-0.10675958913819611
-0.22598208077742582
-0.31984354238676693
-0.40637632994941836
-0.4871254043897298
-0.5603983579288524
-0.6240896088633562
-0.6763184287907307
-0.6935768473786306
-0.6879298183458092
-0.669146947807887
-0.6434941483072706
-0.6149238297378005
-0.5858686802910837
-0.5577700759884482
-0.5314289678335353
-0.5072381247101686
-0.4841191802633508
-0.4013772874507604
-0.3072812867884728
-0.21419837048683785
-0.12684166144044126
-0.048101932908469994
0.0
0.0
0.114761660860901
0.23129436599104916
0.32459331971374383
0.4108823514718284
0.49133689499078637
0.5641988875020563
0.6273635645928584
0.6789673901741142
0.6942821173323781
0.6874698809866228
0.668026153371939
0.6420352339010944
0.6133297002836745
0.5842636014389977
0.5562270860523093
0.5299880720615847
0.5059183301497072
0.4780504341184269
0.39443167790830197
0.30043649413863144
0.20781492881926528
0.12113360275696479
0.04323101906724769
0.0
0.0
-0.12391100150816883
-0.23729778387679754
-0.3299215091671485
-0.41591205630591427
-0.4960171349615613
-0.5684026168849211
-0.6309644100763484
-0.6805043062453512
-0.6942674218749137
-0.686549671402582
-0.6666163858135634
-0.6403997145681979
-0.6116321240726613
-0.5826022139295011
-0.5546577186115701
-0.5285394040184714
-0.5046019603913137
-0.4719747211449077
-0.38748293107650666
-0.2935952626119957
-0.201442059374916
-0.11544273412483834
-0.03838321938117692
0.0
0.0
0.13327307913123096
0.24351580954404956
0.33549341319926484
0.42121542639657134
0.5009955365161488
0.5729216575396556
0.6348896210361806
0.6819992211425786
0.6942792608359649
0.6856948888879013
0.6652919670776818
0.6388575368118657
0.6100285746326563
0.5810312415356713
0.5531727993681768
0.5271680963693177
0.5033555110395598
0.46619083693550584
0.38088487500911405
0.2871196944847859
0.19543100257126483
0.11009673266084448
0.03385221797316092
0.0
0.0
-0.14217289749609413
-0.24945304494574638
-0.34083017335440036
-0.4263069759646352
-0.505786167615925
-0.5772817215426738
-0.6386893138078217
-0.6834689853124425
-0.6943256367644768
-0.6849080273771805
-0.6640520676602397
-0.6374059656320428
-0.6085153208472752
-0.5795465306034873
-0.5517681051286997
-0.5258700654992658
-0.5021751542277079
-0.46064542969269057
-0.37456019679572
-0.28091691913096883
-0.18967836813485206
-0.10498613231267781
-0.02952679216199708
0.0
0.0
0.15067247158115527
0.2551214949663041
0.34592406907323736
0.431165747464009
0.510356669931367
0.5814402040926605
0.6423119041823622
0.6848660749864262
0.6943634248699121
0.6841503710740849
0.6628621984914943
0.6360144519009575
0.6070654179443099
0.5781243909480038
0.5504228571683796
0.5246271195352281
0.5010449849906313
0.45533213477818024
0.36849904236198416
0.27497138837687474
0.18416310740427627
0.1000851926523863
0.02537753414118385
0.0
-0.0025016201614999622
-0.15874306548213796
-0.26083423505702097
-0.3511075431089294
-0.4360686224070936
-0.514907242343021
-0.5855129894656442
-0.645786444485753
-0.6861115635168898
-0.6942540063210199
-0.6832543553156016
-0.661545039968305
-0.6345075447668361
-0.6055119923257933
-0.5766100780276571
-0.5489959967483655
-0.523312210753329
-0.4998515587400857
-0.4500196631020919
-0.3624472829827797
-0.26903171979302476
-0.1786473389690669
-0.09517668350682867
-0.021213607373325838
0.0
0.014610794956710527
0.16646648689174787
0.2675677529887674
0.3573889487470744
0.44185216025729385
0.5200430501470661
0.5898511537918633
0.6492019028326109
0.686955183905902
0.693559678872719
0.681691490968104
0.6595416322838364
0.6323323385014471
0.6033292644898034
0.5745160873154386
0.5470431721201507
0.521525147635643
0.49823754837090295
0.4448790432494747
0.35661820365890606
0.2632474708549193
0.17319273834891324
0.09022980629998345
0.01691362860873824
0.0
-0.02685933192698392
-0.1742629629294284
-0.27435212696472316
-0.36370718893569803
-0.44765952350617155
-0.525189539288776
-0.5941868306133844
-0.6526020427599725
-0.6877751546902131
-0.6928378454573578
-0.6801000421258564
-0.6575102298495564
-0.6301306763399495
-0.6011221082331679
-0.5723998945075255
-0.5450703928594294
-0.5197202938016056
-0.49660777008296797
-0.43994338663602006
-0.3510274900504319
-0.25769007747361455
-0.1679390367996994
-0.08545066679531842
-0.012743525880991466
0.0
0.038547345836402624
0.18165926420269526
0.2807593155074443
0.3696520293708392
0.45310252627777203
0.5299905680710402
0.5982060038075666
0.6557237310015877
0.6884694626492728
0.692084939525152
0.6785340872675923
0.655536268492427
0.62800266153872
0.5989949215187699
0.570363951362318
0.5431746028661579
0.5179872402887777
0.49504369829126654
0.4351922958352865
0.3456407099731477
0.25233067150384875
0.16286794660866713
0.0808331732677809
0.008709945575052822
0.0
-0.049779629367034284
-0.18875157249153096
-0.28689330082125414
-0.37533625378105095
-0.4583003385581311
-0.5345684563015216
-0.6020307196122557
-0.6586853526472753
-0.6891130031094832
-0.6913472628467413
-0.6770212539851723
-0.6536352913066487
-0.6259561166733072
-0.5969506843760413
-0.5684082827143937
-0.5413541000815106
-0.5163233491537625
-0.49354226104806376
-0.43064235003948614
-0.34048239930153545
-0.24719830652227046
-0.15801127335963577
-0.07641045081776783
-0.004845986837565611
0.0
0.060545907811258404
0.19555169164471722
0.2927760016663848
0.38078875506988286
0.46328738134574415
0.5389619436264174
0.6057027918139111
0.6615304938455546
0.6897349903296732
0.6906443900223325
0.6755746521352259
0.6518160733847194
0.6239969109300089
0.5949933185234442
0.5665355056343435
0.5396106280000433
0.5147297793336102
0.4921042264608458
0.4261958155775864
0.33544160570974274
0.24218914482254084
0.15327869786893
0.07210876316758796
0.0010963871564464156
0.0
-0.07109512924589342
-0.20223309872264134
-0.29856623821445993
-0.386161825421956
-0.4682068244486319
-0.5433006459926636
-0.6093339799718931
-0.6643493865816029
-0.690352428899849
-0.6899498353139779
-0.6741435276864328
-0.6500158535173254
-0.6220579487191608
-0.5930560598383484
-0.5646818981788512
-0.5378849601140737
-0.51315245665271
-0.49068083648075794
-0.4213199894888679
-0.3299048791793371
-0.23670810564399403
-0.14812766512759656
-0.06745679712981846
0.0
0.0
0.08042599344475274
0.20839302089867495
0.3040540828733838
0.3913549125596636
0.4730491019145615
0.5476590875157715
0.613076458329981
0.6673637757522147
0.6911371002773926
0.689398872188261
0.6728360617708423
0.6483223751848473
0.6202112942107394
0.5911987410355355
0.5628975970303669
0.5362194314580527
0.5116273536882777
0.4893028131800293
0.4163340713883046
0.32418499425735653
0.23099642708331372
0.14271290060885772
0.06252042193588721
0.0
0.0
-0.08913779601388763
-0.21420497332674304
-0.30926701797315986
-0.3963109845486524
-0.4776901904525543
-0.5518559642744918
-0.6167008690086447
-0.6703062660356887
-0.6919288255670957
-0.6889007704425747
-0.671605953377638
-0.646717259534269
-0.6184556592562793
-0.5894301098989988
-0.5611968377186564
-0.5346308750226737
-0.5101721021405857
-0.487987502419448
-0.41157701625036924
-0.3187179887587197
-0.22552640113068653
-0.13751625141626403
-0.057771867262726026
0.0
0.0
0.09753678911940192
0.21981697624206964
0.3143062204601179
0.40110618187508773
0.48218479931938846
0.5559248765656645
0.6202198585586467
0.6731691738884956
0.6927129450823533
0.6884374218027189
0.6704338528771633
0.6451812575685464
0.6167726749187229
0.5877330951880272
0.5595640352306116
0.5331052387123082
0.5087741446938939
0.48672375561353376
0.40702967793885575
0.3134935796031348
0.22029954493588633
0.13255079677508735
0.053234636574775146
0.0
0.0
-0.10557541111793772
-0.22519053289573185
-0.31913262074441723
-0.40569973127978803
-0.486491135647528
-0.559824082701825
-0.6235928652192841
-0.6759142064922922
-0.6934660523474783
-0.6879951120934146
-0.6693122915357222
-0.6437108665578392
-0.6151613040642877
-0.5861081439279773
-0.558000484267445
-0.5316442570302832
-0.5074353986904886
-0.4850164390267742
-0.402404965089848
-0.3082953580298757
-0.21514552241551532
-0.127690102524733
-0.04882754826777118
0.0
0.0
0.11341862459592522
0.2304177436093836
0.32381832516464654
0.4101530809684135
0.49066050050908017
0.5635937059019465
0.626847809984818
0.6785564043409886
0.6941812261628673
0.6875543897905619
0.668215330051405
0.6422774650815442
0.6135925800956662
0.5845273238464983
0.5564800483795337
0.5302239574426328
0.5061341781512638
0.4790721766294849
0.39559880194567415
0.3015828489383608
0.2088798343166331
0.12208145250692262
0.044035157950710335
0.0
0.0
-0.12234367983463279
-0.23625624157802455
-0.3289885071064488
-0.4150247669920301
-0.4951852345820646
-0.5676487570448173
-0.630311195103817
-0.6802620858380768
-0.6942755570311268
-0.6867036671078731
-0.6668489935960904
-0.6406683072051094
-0.6119102719120252
-0.5828740743659508
-0.5549143078260963
-0.5287761270329077
-0.5048169813629482
-0.47297251865861434
-0.3886235831020154
-0.29471744042341996
-0.2024865159809035
-0.11637447981650206
-0.0391759287484596
0.0
0.0
0.13173644439255766
0.24249403364521488
0.33457699285112885
0.42034252218226464
0.5001754869258294
0.5721765965303347
0.6342417051710885
0.6817507350132157
0.6942746437471208
0.6858328883145108
0.665507366573781
0.6391089475700468
0.6102902891088773
0.5812878068989089
0.5534154108606005
0.5273922073775095
0.5035592556952773
0.46713965497551
0.38196697392210843
0.28818124119785216
0.19641589579597069
0.11097212817650018
0.034593589804981104
0.0
0.0
-0.1407140784825674
-0.24847946925545136
-0.33995484202803816
-0.42547171370720943
-0.5050001391682566
-0.5765662079810108
-0.6380656216287222
-0.6832275691928795
-0.6943177702847846
-0.6850368895236397
-0.6642552812061225
-0.6376439299505645
-0.6087634264727613
-0.5797899729122197
-0.5519984371886086
-0.5260829136726392
-0.5023687102892803
-0.461555812087152
-0.3755985669456855
-0.2819352934629464
-0.1906228477746526
-0.10582520773417695
-0.030236959068943386
0.0
0.0
0.14927721451020656
0.2541910299042902
0.3450879444465936
0.43036823760074483
0.5096064956187011
0.5807576767254109
0.641717354961774
0.684636827513554
0.6943572948432152
0.6842748031837602
0.6630575697854647
0.6362429158366804
0.6073034601882252
0.5783578704548298
0.5506437102444541
0.5248311757111648
0.5012305253800474
0.4562042381197118
0.36949390296255497
0.2759472861170643
0.185068398011783
0.10088966521623727
0.026058640624895144
0.0
-0.000508686051256535
-0.15746883038805407
-0.25972128448232734
-0.35006781038417556
-0.4351098907499034
-0.5140544083371209
-0.5847909666651967
-0.6452160645116701
-0.6859673347303064
-0.6943648035894969
-0.6835093604501122
-0.6618733822775068
-0.6348647067141983
-0.605870746032087
-0.576954454496365
-0.5493172835143251
-0.5236063048975358
-0.5001172243763694
-0.45103353168140603
-0.36359727066640746
-0.2701625052117509
-0.17970107166188215
-0.09611875260194368
-0.022017798997540486
0.0
0.01231879665768651
0.1650164196433916
0.266311245275255
0.35622252374096297
0.4407835185968124
0.5190996764755279
0.5890605105371699
0.6485867186078711
0.68681587058729
0.693704218198213
0.681995633226535
0.6599260059187428
0.6327471673184591
0.6037441797703059
0.5749133500386515
0.5474131758737161
0.5218634453241152
0.4985428956826528
0.4458087157206458
0.35767233009114874
0.2642961703980092
0.17418492340350794
0.09113313306368748
0.01770260283913866
0.0
-0.024628822092078034
-0.17284515577134824
-0.2731196970170938
-0.3625604399404092
-0.4466064428942556
-0.5242572919951245
-0.5934025639282107
-0.6519883062867342
-0.6876294146837321
-0.6929716336277395
-0.6803913664562563
-0.6578811254593099
-0.6305322166974959
-0.6015244127348367
-0.5727854802772908
-0.5454297632302528
-0.5200490212436252
-0.49690457635037333
-0.4408419099676952
-0.35204535757668354
-0.2587020036948353
-0.16889579467511692
-0.08632113292892757
-0.013503198650206605
0.0
0.03642484946480237
0.18031788433626988
0.2795984617813053
0.3685757952382896
0.45211794627372126
0.5291229659198804
0.5974806517985041
0.6551614921149035
0.6883465284800778
0.6922238045021897
0.678819918040343
0.6558957318435699
0.628389789212662
0.5993816877098049
0.5707340044231847
0.5435191065284093
0.5183021242793151
0.49532784934325996
0.43605549776982844
0.34661950549446285
0.2533045985571126
0.16378958496986504
0.08167247747468089
0.009443220331625132
0.0
-0.047738381157689774
-0.18746276379980348
-0.2857786770174066
-0.37430337610529796
-0.4573558574647569
-0.5337366267655844
-0.6013357497441885
-0.6581472123708895
-0.6889959982763785
-0.6914811933187252
-0.6772960163085234
-0.6539805762387353
-0.626327854651793
-0.5973220101132088
-0.5687635244711787
-0.5416847918121295
-0.5166255941552605
-0.4938149973730246
-0.4314686126583123
-0.34141909670895626
-0.24813026011973133
-0.1588931364557133
-0.0772134900539212
-0.005547542712919143
0.0
0.05859075794931501
0.1943167185983435
0.2917075928653413
0.3797984427772377
0.4623815745956253
0.5381639102033486
0.60503575657766
0.6610136242101646
0.689621911137937
0.6907719491618708
0.6758373015369417
0.6521464091250735
0.624352681167206
0.5953487629766774
0.566875594199737
0.5399272382814817
0.5150191695918774
0.49236537290789506
0.42707569559379527
0.33643924677568415
0.24317594216680732
0.15420543253488755
0.07294512563001472
0.0018189397424287906
0.0
-0.06898217521665989
-0.20088025133347576
-0.297385722375206
-0.3850613861249057
-0.4671952778381991
-0.5424047176539243
-0.6085802434850272
-0.6637599334872212
-0.6902221779927393
-0.6900933158562716
-0.6744407455587069
-0.6503901726944243
-0.6224613241067212
-0.5934591933696157
-0.5650676901020425
-0.5382441640827593
-0.5134808072199669
-0.4909771590373776
-0.42233672836317426
-0.33106578745882587
-0.23786435056659194
-0.14922139346070307
-0.06845172676269434
0.0
0.0
0.07865377249544642
0.20720862431131631
0.3029904018531846
0.39034259931895543
0.4721001143575624
0.5467998426203204
0.6123331887440232
0.666758903400104
0.6909710818268819
0.6894962278701733
0.6730830741036614
0.6486462478089289
0.6205662346796241
0.5915566809991128
0.5632420165937322
0.5365412598729906
0.5119222575268298
0.48956941050219394
0.4173113913163383
0.32530777592446314
0.2321186524136779
0.14377771207688028
0.0634920285137283
0.0
0.0
-0.08742483430808962
-0.21306205332325204
-0.30824182034886227
-0.39533625893651547
-0.47677737903594114
-0.551030488476471
-0.6159879579815206
-0.6697274517076867
-0.6917730745288623
-0.6889987337431974
-0.6718479060846594
-0.6470329787391278
-0.6188009874098012
-0.5897779956773229
-0.5615313740233232
-0.5349433416857255
-0.5104583482219776
-0.488246222515011
-0.41250899788764045
-0.3197891439650744
-0.22659845035694612
-0.13853506798289378
-0.058703196670755436
0.0
0.0
0.09588800357723165
0.21871488426199087
0.3133163545657782
0.40016404917841436
0.48130153410632703
0.5551250632851911
0.6195279109615266
0.672605961492298
0.6925580694819352
0.688527622916654
0.6706633302114192
0.6454822811825416
0.6171026378858886
0.5880658803175121
0.5598842696706996
0.533404480213678
0.5090483586816604
0.4869716537365447
0.40792150251213644
0.3145181089039864
0.22132447342718115
0.1335243885269637
0.054124187419219705
0.0
0.0
-0.10399932790131008
-0.22413700586055088
-0.31818639645920915
-0.40479918503217927
-0.4856469258079029
-0.559059719923594
-0.6229316930376669
-0.6753761767208427
-0.6933185778235301
-0.6880820140803622
-0.6695323615869233
-0.6439993171030463
-0.6154773815947321
-0.586426869643168
-0.5583071575586794
-0.5319308069788344
-0.5076979704757747
-0.48575088055102145
-0.40352637949795933
-0.3094685702619406
-0.21627269633181434
-0.1287254108640003
-0.049739241143391344
0.0
0.0
0.11176429127134749
0.22932664811988812
0.32284697220727326
0.40923442237480157
0.4898043786115414
0.5628236155865672
0.6261870840614958
0.6780248275988621
0.6940437762196614
0.6876529744288361
0.6684475526073637
0.642577824019043
0.6139199153653179
0.5848564469892887
0.5567961730528115
0.5305190030236555
0.5064043249309524
0.48032829206460087
0.3970353376795422
0.30299670663816547
0.21019640007299786
0.123256630194191
0.045035742385553273
0.0
0.0
-0.12043707205678131
-0.23499893442169079
-0.32786850472263096
-0.4139643774166222
-0.4941955317705051
-0.5667566398146555
-0.6295434545798102
-0.6799883746368126
-0.6943020372989314
-0.6869043293688543
-0.6671428165512848
-0.641003999559636
-0.6122560931219687
-0.583211055789167
-0.5552317489398063
-0.5290686124516814
-0.5050824132780113
-0.47419457930638126
-0.3900213290677507
-0.2960937821941742
-0.20376887812024175
-0.1175198640488117
-0.04015190055810572
0.0
0.0
0.12985226857168491
0.2412422549750176
0.33345489270183615
0.419274084479697
0.4991720532093169
0.5712652133244062
0.6334494507825411
0.6814469607663184
0.6942691029374813
0.6860017522401078
0.6657708780039305
0.639416489988502
0.6106104238146489
0.5816016364196938
0.5537121680937996
0.5276663327528087
0.5038084680495502
0.46829743138920327
0.3832871197558893
0.2894761375755571
0.19761713131569122
0.11203966193373285
0.03549752993618385
0.0
0.0
-0.1389333066716249
-0.2472906468558717
-0.33888575052996095
-0.42445139406741905
-0.5040398090141865
-0.5756918723658926
-0.637303317566708
-0.6829321958359482
-0.6943076870561841
-0.6851938459477379
-0.6645030919799686
-0.6379342264049792
-0.609066148582573
-0.5800870354614314
-0.5522795198856636
-0.5263426712742936
-0.5026049310442169
-0.4626677387278221
-0.3768667808707677
-0.28317900835059323
-0.19177623021838133
-0.10684978028086552
-0.031104025244685765
0.0
0.0
0.14757391496074435
0.25305523958234544
0.344067379148824
0.4293948567089629
0.5086909390878082
0.5799247342702577
0.6409918397073315
0.6843572251039526
0.6943500352378106
0.6844269015191704
0.6632962436293333
0.6365219663601501
0.6075941845369142
0.5786430080785694
0.550913419348877
0.5250803669718512
0.5014571020595359
0.45726929082493717
0.37070889811711377
0.2771391485211603
0.18617405423758282
0.10187221621998445
0.026890545123064796
0.0
0.0
-0.1558509664106566
-0.25857511038796926
-0.3490276736494353
-0.43412615675287536
-0.5131415132467266
-0.5839740897405242
-0.6445193628892028
-0.6857178125554914
-0.6943870804915696
-0.6836894175319324
-0.6621379005488084
-0.6351672642072482
-0.6061826093109345
-0.5772584461875541
-0.5496037078861643
-0.5238702491816764
-0.5003567786665037
-0.4520990197266252
-0.36481099813199036
-0.27135375281491314
-0.18080731135006933
-0.09710321269769795
-0.02285293919728175
0.0
0.009890223209409493
0.16346747250093932
0.26496084876840265
0.3549628155750044
0.4396236725630029
0.5180697458240384
0.5881905586416917
0.6479018246984701
0.6866467439262905
0.6938435156811493
0.6823091070502578
0.6603278238423395
0.6331834339649753
0.6041819504274224
0.5753333208232547
0.5478048327792953
0.5222218562297064
0.49886659872561234
0.4467792195525929
0.35877268469734225
0.2653917949562575
0.175222652178685
0.09207916382037094
0.0185302159274639
0.0
-0.022270142520101427
-0.1713401879324745
-0.2718079088007758
-0.3613372298431772
-0.44548070271683854
-0.5232581469387092
-0.5925591328729357
-0.6513248594803241
-0.6874656951359877
-0.6931067401664263
-0.6806952228837683
-0.6582705672809884
-0.6309550242049763
-0.6019486660158395
-0.5731924764167078
-0.5458093160303688
-0.5203963528807843
-0.49721827134518026
-0.4417900304805642
-0.3531188894528269
-0.2597687938208186
-0.16990396856155682
-0.0872379302524196
-0.014302853176429459
0.0
0.0341902915953933
0.1789060947479631
0.2783769896267988
0.3674436360630918
0.451082489262403
0.5282108525118018
0.5967184632909287
0.6545711618954639
0.6882185855519958
0.6923713546505252
0.6791220606723107
0.6562752650670148
0.6287983251239961
0.599789730325316
0.5711243491356732
0.5438824609577999
0.5186342132610557
0.49562751017368545
0.43696694140134407
0.34765322795069603
0.2543333542866741
0.16476326915950126
0.08255933255131902
0.010218192866727982
0.0
-0.04558297090484176
-0.18610224250498106
-0.2846022668296206
-0.37321341395426255
-0.45635933549952334
-0.5328591293475717
-0.6006028111895974
-0.6575798911959388
-0.6888730254672688
-0.6916229667951221
-0.6775863526139965
-0.6543452855540219
-0.6267204368740252
-0.597714119938282
-0.5691386283971079
-0.5420339598587858
-0.5169447178117641
-0.4941029591630015
-0.43234045782475305
-0.34240745090676733
-0.24911362515028912
-0.1598236712746883
-0.07806087708955432
-0.006287871342621168
0.0
0.05652725970257
0.1930132127826514
0.29057983123315656
0.3787530670331618
0.46142535530759027
0.5373214105520903
0.6043314949690503
0.6604678372832686
0.6895023557083286
0.6909064139583416
0.6761143769807934
0.6524949473013912
0.6247280826170944
0.5957238354498025
0.5672344714582456
0.5402613454382913
0.5153245557706041
0.4926409562251291
0.4279110062743146
0.33738613463872946
0.24411793181361968
0.15509668331033583
0.073756602160018
0.002527750747414584
0.0
-0.06700672836711932
-0.19963253213887253
-0.29630634097480046
-0.38406094941386426
-0.4662802581396477
-0.541598620822389
-0.6079065310769437
-0.663237966574018
-0.6901081715504601
-0.6902224226038828
-0.6747063218546493
-0.6507241159512985
-0.622820945423153
-0.5938184668299947
-0.5654114314135106
-0.5385641683233074
-0.5137732954968343
-0.4912410984916424
-0.423240511610566
-0.3320905976705655
-0.238877219725443
-0.15017162455131317
-0.06930822208707232
0.0
0.0
0.07709925658283481
0.2061658959106566
0.30205167171637576
0.38944765404229864
0.4712598030765197
0.5460376570367718
0.6116724553696486
0.6662196023016027
0.6908210644238284
0.6895799528877915
0.6732997324275335
0.6489312950951681
0.6208790591023394
0.5918723800941611
0.5635459246693675
0.5368253152487282
0.5121825992297959
0.4898047955076014
0.41818892709015176
0.32631637608334085
0.2331264436224515
0.14473347248422985
0.0643635907360961
0.0
0.0
-0.08589276602182266
-0.21204084856941088
-0.30732645811848686
-0.39446646704522786
-0.4759633284336989
-0.5502948562730411
-0.615353242327699
-0.6692128368995848
-0.691636254972082
-0.6890883842476117
-0.6720659900166228
-0.6473167628783494
-0.6191110323467881
-0.5900901483362266
-0.5618314390783798
-0.535223544804453
-0.5107149966368231
-0.48847816465042265
-0.41334313926015254
-0.32074799930314946
-0.22755835081361464
-0.13944756542747883
-0.05953760350068872
0.0
0.0
0.09440998798060227
0.21772663766324252
0.3124285335786409
0.3993188716390664
0.4805089965984727
0.554407219922175
0.6189066660512983
0.6721000453533107
0.6924183266013201
0.6886076875818345
0.6708683463909635
0.6457515216894802
0.6173978978050629
0.5883637378168804
0.5601709355702618
0.533672379140572
0.509293867342302
0.48719361144550744
0.4087195585402154
0.31543480783500805
0.22224143425049261
0.1343953299447001
0.05491986045257363
0.0
0.0
-0.1025888965918954
-0.22319410465737888
-0.3173394740697911
-0.40399311174863767
-0.48489124989373045
-0.5583754895906332
-0.6223398065575705
-0.6748944967754379
-0.6931865246436403
-0.6881597772005418
-0.6697293395332158
-0.6442575121154136
-0.6157603110531594
-0.5867121723612014
-0.5585816733443534
-0.5321873105224885
-0.5079330107188931
-0.48596335784292066
-0.4042919375199968
-0.3103481845253015
-0.21715274279186375
-0.1295614542369607
-0.05050318810903953
0.0
0.0
0.11041219170039113
0.22842312766886902
0.32203564977580335
0.4084623898408135
0.48908075714831084
0.5621685543765573
0.6256205882573088
0.6775639919546246
0.6939177457770604
0.687727847522875
0.6686365587814547
0.6428254196484565
0.6141911631564515
0.5851299344037787
0.5570592996109899
0.5307648521085989
0.5066295944105691
0.48135235364740686
0.39820826584575986
0.3041541475112652
0.21127750827838726
0.12422511729352555
0.04586407942182026
0.0
0.0
-0.11890382961632057
-0.2339981138846542
-0.3269836776327016
-0.4131317277733447
-0.4934232270384774
-0.5660656164075702
-0.628954509234276
-0.679790427497773
-0.6943408788570835
-0.687079798286352
-0.6673905891728271
-0.641283425912488
-0.6125420830628504
-0.5834886766279805
-0.5554926370672226
-0.5293085974488718
-0.5052999514872698
-0.4751860287118468
-0.3911560684985856
-0.29721243980955414
-0.20481256154549
-0.11845353767638228
-0.040949048714081435
0.0
0.0
0.12832136870032065
0.24022632530111435
0.332544845723708
0.4184079572182877
0.49835894638474876
0.5705270043394282
0.6328080471313278
0.6812010976001551
0.6942647255763438
0.686138589356514
0.6659843459915887
0.6396656024374979
0.6108697238312423
0.5818558225083893
0.5539525223754852
0.5278883541431818
0.5040103101187409
0.4692322188024791
0.38435272565336887
0.29052117636645003
0.19858641522175535
0.11290090060215054
0.03622662616287971
0.0
0.0
-0.13749480528722632
-0.24632991599234932
-0.3380215323630292
-0.42362642620181606
-0.5032631848746788
-0.5749846275405897
-0.6366865144369195
-0.6826928814908934
-0.6942990369068025
-0.6853202727616698
-0.6647030095297478
-0.6381685327290361
-0.6093105408809816
-0.5803268905641292
-0.5525064914483513
-0.5265524347296072
-0.5027956950573976
-0.4635666138517503
-0.37789196106004613
-0.28418430323920113
-0.19270841815325315
-0.1076777644885959
-0.03180461954274444
0.0
0.0
0.14619786729115863
0.25213777332314313
0.3432430592404623
0.4286087024767555
0.5079515397198294
0.5792521103562422
0.6404060299396765
0.6841316139361637
0.694344406128836
0.6845499821078596
0.6634892392430072
0.6367475578688985
0.6078291868106794
0.5788734794754237
0.5511314112673497
0.5252817698864275
0.5016402238048147
0.4581301458312733
0.3716909747657989
0.27810255446960486
0.1870678056135392
0.10266648416122143
0.027563063885627084
0.0
0.0
-0.15453002144138495
-0.25769412828788907
-0.34823595676083
-0.43337095124428465
-0.5124310767546633
-0.5833276541284778
-0.6439561803138331
-0.6855004392347371
-0.6943809343705297
-0.6838068903300234
-0.6623225546229533
-0.6353832735727784
-0.6064077137670377
-0.577479257719758
-0.5498125910587705
-0.5240632538435794
-0.5005322754125818
-0.45292327390542964
-0.36575121214407547
-0.2722760033158489
-0.18166279820533054
-0.09786339133396763
-0.023496507254614857
0.0
0.008006529804491486
0.1622629664596314
0.2639087286655376
0.35397985956423983
0.4387172469224827
0.5172633910899236
0.587507831522727
0.6473624238635305
0.6865102440249058
0.693948133920753
0.6825500745726424
0.6606381380649131
0.633521006586963
0.6045210388561296
0.575658826710128
0.5481085182105644
0.5224998412698351
0.49911771404226946
0.4475284010950262
0.3596220868369512
0.2662377781414503
0.17602421640922808
0.09281020608423804
0.01917008373820156
0.0
-0.020441829496724295
-0.17017222206533184
-0.2707889831451149
-0.36038646616230346
-0.44460510313978213
-0.5224803860016719
-0.5919018832356452
-0.6508070386687672
-0.6873364263722685
-0.6932099012658965
-0.6809297214830969
-0.6585717617066632
-0.6312823180310749
-0.6022772373552056
-0.573507774780009
-0.5461034102454806
-0.5206655158535087
-0.4974613901855141
-0.44252446395462364
-0.3539503411200344
-0.26059490698106225
-0.17068457734885606
-0.08794767778479105
-0.014921802009110377
0.0
0.03246061441713621
0.177813390162985
0.27743166637801736
0.36656750227049395
0.4502812603867038
0.5275051457488523
0.5961288478008754
0.6541146076517306
0.6881199176896681
0.6924859022637311
0.679356238758398
0.6565693157509251
0.6291147952425216
0.6001057906685997
0.5714266849289025
0.5441638819532861
0.5188914127188526
0.49585959040993904
0.4376731097439106
0.3484541909606164
0.25513051208687015
0.1655177930670615
0.08324660930403113
0.010818803210206049
0.0
-0.04391298055401344
-0.18504821460020082
-0.2836909317783236
-0.37236908998276785
-0.45558743260741535
-0.5321794633619115
-0.6000351590257103
-0.6571405618213099
-0.6887778890073135
-0.691732898152961
-0.6778113531728261
-0.6546278865023868
-0.6270246188094151
-0.5980179267408512
-0.5694292536985335
-0.5423044871506826
-0.5171919653683086
-0.49432606212502095
-0.43301579965845266
-0.34317303753845996
-0.24987535110653997
-0.16054448010652866
-0.0787172846723806
-0.0068613559631955645
0.0
0.054928728819778505
0.19200340222859394
0.28970615202713335
0.37794320024486755
0.4606845474649277
0.5366686914940993
0.6037858599791582
0.6600449648176674
0.6894096879853501
0.6910105396279018
0.6763289872963616
0.6527649239434306
0.6250188741903993
0.5960143758358386
0.5675124687611126
0.5405201563623319
0.5155611192499844
0.4928544338217075
0.4285580714323165
0.3381196277137515
0.24484762577628072
0.15578706857705665
0.07438518746930543
0.003076804417714296
0.0
-0.06547650993614146
-0.19866602630114497
-0.29547023358114427
-0.38328599489293874
-0.46557147010491146
-0.5409742073548882
-0.6073846659089015
-0.6628336470906684
-0.690019866835513
-0.6903224381815203
-0.6749120491518437
-0.6509828011947005
-0.6230995208700885
-0.5940967722700579
-0.5656777048041176
-0.5388120539990328
-0.5139998662915711
-0.4914455543753066
-0.4239406218734911
-0.33288446205674593
-0.23966183484293355
-0.15090771802804334
-0.0699717040976621
0.0
0.0
0.07589506520147438
0.2053581578922683
0.30132449592504823
0.3887543964368624
0.47060886768386856
0.5454472413484897
0.611160628912133
0.6658018423061167
0.690704857715525
0.6896448114520904
0.6734675658122888
0.649152104883987
0.6211213858934753
0.5921169335382281
0.563781344198466
0.5370453560049104
0.5123842703769979
0.489987134167545
0.41886869839984686
0.3270976746825521
0.23390711577203938
0.1454738398874516
0.06503873534799368
0.0
0.0
-0.08470596669708114
-0.21124978333191619
-0.3066173822853644
-0.39379269151883783
-0.47533273205974547
-0.5497250056507669
-0.6148615654318005
-0.6688141946687689
-0.6915302678827379
-0.6891578298766989
-0.6722349253397665
-0.6475365922757012
-0.619351204495857
-0.5903319533072715
-0.5620638806053607
-0.5354406005749495
-0.5109138060793247
-0.48865783570116206
-0.413989296270472
-0.32149076425570894
-0.22830192519749273
-0.14015441952978305
-0.060183965583948076
0.0
0.0
0.0932650624094016
0.21696110522343626
0.31174079451457415
0.39866416576190233
0.4798950676397353
0.5538511518204237
0.6184254266993914
0.6717081439535386
0.6923100766601957
0.6886697087567151
0.671027159660796
0.6459600855099186
0.6176266172240497
0.5885944694102094
0.5603929977254245
0.533879903691892
0.5094840475521216
0.48736554820427186
0.4093377629542852
0.3161449175716064
0.22295174688341635
0.13506999422187638
0.055536219002344886
0.0
0.0
-0.10149632326323499
-0.22246369785900005
-0.3166834161152463
-0.4033686970762495
-0.48430587494382105
-0.5578454590980672
-0.6218813091077341
-0.674521369471108
-0.6930842313738649
-0.6882200155197901
-0.6698819261321659
-0.6444575197481542
-0.6159794789106369
-0.5869331786280062
-0.5587943236414883
-0.5323860078539917
-0.5081150817656567
-0.48612795077473425
-0.4048849675775697
-0.3110295668425147
-0.21783445991242134
-0.13020908491812289
-0.05109497020694104
0.0
0.0
0.10936480439839963
0.2277232266524008
0.321407168814082
0.40786434430915436
0.48852021265206336
0.5616611192327505
0.6251817592121318
0.677207011250003
0.693820117809532
0.6877858470137569
0.6687829700631038
0.6430172165345633
0.6144012819017544
0.5853417880483857
0.5572631273479539
0.530955296065389
0.5068040966309145
0.4821456303054465
0.3991168601598788
0.3050507447803168
0.21211497538482016
0.12497534384744186
0.04650574045747072
0.0
0.0
-0.11771612231151424
-0.23322284062438003
-0.32629825726176026
-0.41248672601619235
-0.49282497072084885
-0.5655303236637417
-0.628498289999375
-0.6796370901937834
-0.6943709669923831
-0.687215723117757
-0.6675825231752844
-0.641499880086735
-0.6127636216393214
-0.5837037321827542
-0.5556947308336546
-0.5294944988635446
-0.5054684647748224
-0.47595404276441355
-0.39203508040278157
-0.298078994134213
-0.20562103803881027
-0.11917679643701552
-0.04156654970218841
0.0
0.0
0.12713547600476066
0.23943934791692112
0.3318398890644076
0.417737022426419
0.4977290832206987
0.5699551598631429
0.6323111917126982
0.6810106427362086
0.694261334710527
0.6862445885425464
0.6661497063359638
0.6398585743236518
0.6110705873906523
0.5820527246264462
0.5541387098547549
0.5280603402742842
0.5041666645875865
0.46995634033661193
0.3851781841120809
0.29133070277014406
0.19933725903905924
0.11356804850969707
0.03679141155885508
0.0
0.0
-0.13638048793789082
-0.2455856976818781
-0.3373520764219558
-0.4229873750222001
-0.5026615825658485
-0.5744367690613651
-0.6362087155011464
-0.6825074995849563
-0.6942923361742764
-0.685418207732337
-0.6648578731923313
-0.6383500352314285
-0.6094998563590537
-0.5805126913596005
