0.0
-0.12599999999999995
0.0
-0.32175872
-0.08402588842666667
-0.1428115515483023
0.0
-0.14606456866577577
0.0
-0.13091919432915794
0.0
-0.12636688406516405
0.0
-0.15864639377418288
-0.06344991020533136
-0.23165755203886673
-0.15810559649186576
-0.25734494683385045
-0.29298621125405944
-0.3202688687547235
-0.3495267384156801
-0.38166210298858083
-0.4155901826656895
-0.44983247022790296
-0.4828871214241116
-0.5133412961309658
-0.5399258042077892
-0.5615529738062923
-0.5773455558999936
-0.5866577634222503
-0.5890883481051874
-0.5844855799588502
-0.5831499022193369
-0.5923414857561533
-0.6038255096293806
-0.5986356244938251
-0.5839296115962574
-0.5642936366359709
-0.5426163654293622
-0.4537777895514942
-0.3141299362215505
-0.1709469591648438
-0.037268784360591584
0.0
0.0
0.033720376544570496
0.2032502113954263
0.3193639890367751
0.4235993414816316
0.5218365724339513
0.6127168384967927
0.693650239451721
0.7621351990778448
0.7962791564600418
0.7961113168956163
0.7759125490691122
0.744877533231485
0.7088383092311007
0.6714143012210159
0.634778337024363
0.6001657248871449
0.5682115551371582
0.539173293650647
0.5130768884134302
0.48230729137229916
0.4047157142288571
0.31790101960439754
0.23183534146294404
0.15059007841381605
0.07681023989715872
0.012595636523713385
0.0
-0.09416558608480144
-0.235482590805268
-0.33976838582262353
-0.4337786676190967
-0.5207085327180856
-0.5990666318420351
-0.6666771148323946
-0.7111944224718761
-0.7207149014412
-0.7093910253644606
-0.6863771979867611
-0.6575183623507495
-0.6264773522123533
-0.5954863685971363
-0.5658468824390384
-0.5382612888719769
-0.5130521539036087
-0.45439177499886246
-0.36344353036666927
-0.2680003313686169
-0.17610495829263573
-0.09148410446397004
-0.016708985393437806
0.0
0.0
0.1449431344818515
0.24879888933635105
0.3387534292655622
0.4232799239793586
0.5019830658321729
0.5728327555544244
0.6337300072312201
0.679538581694513
0.6911638096954434
0.6823299536343146
0.6619249036728846
0.6356328919386998
0.6070246870298845
0.5782844420498614
0.5506933361207338
0.524950547916972
0.5013855362281844
0.46502845248646624
0.37881272269633504
0.28389462072173743
0.19114342616861746
0.10492747410262794
0.028016123395650086
0.0
0.0
-0.15493176540383657
-0.25967402389739147
-0.3511667117991347
-0.43706977390111645
-0.5167880625349174
-0.5882312490438462
-0.6492810995158247
-0.6899891348933147
-0.6981897577983208
-0.6870561585754493
-0.6651064071967399
-0.6377765456845128
-0.6084707739454995
-0.5792614502282412
-0.5513547166342907
-0.5253993829723607
-0.501691094440306
-0.4622930154410913
-0.3765516393073538
-0.2828253569696294
-0.1913676457358623
-0.10638871846205608
-0.030598447782883773
0.0
0.0
0.1466251455974933
0.253015244469795
0.3443858623221016
0.42994270484065383
0.509422341510951
0.5808073850322232
0.6419932026000578
0.6850578775895911
0.6948451783396561
0.684780901035202
0.6635527113118989
0.6367105328308489
0.6077350511971327
0.5787500077386315
0.5509960753620184
0.5251452796386304
0.5015088830049236
0.4584707360534198
0.3719881215367832
0.27824920273649495
0.1870463755261076
0.10248206912664182
0.027229116427984146
0.0
0.0
-0.15266512407753619
-0.2566327726296649
-0.3473913246097927
-0.4326392918259338
-0.5118067984352528
-0.5828225379119494
-0.6435821860110712
-0.6854178256960116
-0.6944720120423203
-0.6839955176880922
-0.6625601028971978
-0.635639256269035
-0.6066635402373758
-0.5777240776914254
-0.5500405375830897
-0.5242716205562764
-0.5007203172022162
-0.45531132695652643
-0.36841792371244164
-0.2747617148360499
-0.18382177333130537
-0.09962561987697002
-0.02481900524767912
0.0
0.001655924177799667
0.15849271859782324
0.26080070257809207
0.35121021685840415
0.43628611508886417
0.5152277928529168
0.5859244233720496
0.6462744598661794
0.6864952373331391
0.694560374580963
0.6835025054182378
0.6617486029293613
0.6346763834842049
0.605653348299574
0.5767293528909677
0.5490972871823271
0.5233986765553683
0.4999256777495287
0.4514694354899853
0.3640789435792005
0.2705593627859701
0.17997988221825312
0.09626990893936702
0.022039930513275838
0.0
-0.01081998923471933
-0.1642527546140951
-0.2657665610569697
-0.3558006386514324
-0.440473074810881
-0.5189039820863295
-0.5889827985501765
-0.648627076105052
-0.6869749062570135
-0.6939257763987932
-0.682244251435244
-0.6601798194619609
-0.6329931855591866
-0.6039751487761078
-0.5751256756136758
-0.547605554460632
-0.5220359667169341
-0.49869645956135866
-0.44700552400175275
-0.35901278648325685
-0.2655623959896859
-0.17530528554770017
-0.09207121773387182
-0.0184346127819896
0.0
0.02096564837964765
0.17062981997651125
0.2712652797158808
0.3608856594021573
0.4451143265493001
0.5229834394475877
0.592382523436894
0.6512500583302206
0.6875411261285597
0.6932666883413043
0.6808977046376516
0.6584892494235121
0.6311738369363846
0.6021582190012832
0.5733876807831292
0.545987812083647
0.5205574754475806
0.49736237323302096
0.44250400987398486
0.3539175952467159
0.26053283850978626
0.17059235246812188
0.08782852397231139
0.014780348971341131
0.0
-0.03156529989100271
-0.177309834614969
-0.277035777528554
-0.36622929191036774
-0.4499981843723025
-0.5272829299320002
-0.5959731572777661
-0.6540292152079584
-0.6881549579681046
-0.6925897802000573
-0.6794958857616488
-0.656723893617121
-0.6292714974103865
-0.600257047469477
-0.5715683080119548
-0.5442938363602519
-0.5190090078976198
-0.49596495040514427
-0.43819486248398676
-0.34904029407181675
-0.2556940023529907
-0.1660284715819017
-0.08368791134071052
-0.011179081191704257
0.0
0.042119538864497874
0.18397647063564837
0.2828033449512453
0.37157545738573616
0.45488845241104425
0.5315917822776105
0.599575286660755
0.6568211948636137
0.6887690397277187
0.6919057687666401
0.6780829723913269
0.6549455858194474
0.6273556737331732
0.5983426563288404
0.5697364341613462
0.5425883125579789
0.5174500415391386
0.49455808949179936
0.4338645875107663
0.3441328992115373
0.2508178784218856
0.16142180648931442
0.07950077957986282
0.007529367304976803
0.0
-0.05250398344351015
-0.1905158121867889
-0.28844755673608524
-0.37679728207379937
-0.4596554732860884
-0.5357819036728309
-0.6030666935568038
-0.6595136727667829
-0.6893352732645732
-0.6912061162959943
-0.6766738943310484
-0.6531823238787287
-0.6254608009157482
-0.5964517706662956
-0.5679285547855201
-0.5409060450402983
-0.5159129080940359
-0.49317129870540655
-0.4296119168511201
-0.33931191658329296
-0.24602486282565317
-0.15689067822249514
-0.0753792356317599
-0.003933603756895304
0.0
0.06269463851031451
0.19693873074342597
0.29399515591492476
0.38193277031013806
0.464346643129471
0.5399085604350944
0.6065088850176237
0.6621726125248856
0.68990343213316
0.690529017680044
0.6752984548850758
0.6514577388043845
0.6236058970909404
0.5945999032544088
0.566157473648353
0.5392577092160866
0.5144065845277567
0.4918121801032544
0.4252875959606768
0.3344101154402249
0.24116235132142294
0.15230686669733548
0.07122369315037844
0.00032314573356605203
0.0
-0.07297257465142698
-0.20347100967643708
-0.2996686549688876
-0.3872050903251639
-0.46917989053015613
-0.5441769160612703
-0.6100869994753847
-0.664956690238026
-0.6905140435517196
-0.6898442720287099
-0.6738864365193806
-0.6496812392904388
-0.6216923378990113
-0.5926879464027266
-0.5643280293890466
-0.5375545085991248
-0.5128497800909145
-0.49040729469157396
-0.4204437348723496
-0.32889968475221093
-0.2356980169887446
-0.1471624356337412
-0.06656864650092562
0.0
0.0
0.08185457949786346
0.20936658742536343
0.30493981923172986
0.3922058575341841
0.4738539821209676
0.5483951418823224
0.6137210592056586
0.6678973529741931
0.6912979320018849
0.6893351583886433
0.6726439318405947
0.6480634477780023
0.6199244046469202
0.5909077621934331
0.56261664514701
0.53595632259896
0.5113858911333431
0.48908429446906687
0.4155962254381342
0.3233351984471554
0.23014116695850595
0.14189477102300307
0.061766970743674876
0.0
0.0
-0.09035560552166694
-0.21502955513827304
-0.31001391914217336
-0.3970261655761476
-0.4783644604373876
-0.5524703061295617
-0.6172363967540797
-0.6707467168659659
-0.692056196062156
-0.6888398675474123
-0.6714376973461126
-0.6464934881951193
-0.6182090145546142
-0.5891806306608955
-0.5609563475587658
-0.5344058953979479
-0.5099657797990511
-0.4878008790178692
-0.4109447211240509
-0.3179897440784417
-0.22479358931294519
-0.13681539737120113
-0.05712657541808552
0.0
0.0
0.0986013871759619
0.22053664488091462
0.31495744377055607
0.40172935514872166
0.48277202002059627
0.5564596341747088
0.620685750487796
0.6735520839127156
0.6928238557551067
0.6883847526655119
0.6702879003474601
0.6449870548455595
0.6165585800657057
0.5875165180448011
0.5593552490546811
0.5329099106714514
0.50859501020033
0.4865617212233144
0.4064745401322368
0.312854741442823
0.21965766694785804
0.13193794944314763
0.05267143647821619
0.0
0.0
-0.10651910406059811
-0.22582693622180502
-0.3197075688659743
-0.40624926028083214
-0.4870083708829587
-0.5602945066220015
-0.6240020581469734
-0.6762497775224641
-0.6935620207506676
-0.6879470579105768
-0.6691821784744458
-0.643538382602169
-0.6149714348217334
-0.585916222765565
-0.5578155534200986
-0.5314712989097553
-0.5072768121888985
-0.4843278833236
-0.4016155057762128
-0.3075139588105358
-0.21441294842480213
-0.12703095726700764
-0.04826066770120753
0.0
0.0
0.11442166309230262
0.23107686204932798
0.3244037397088593
0.4107058584495505
0.49117490837515293
0.5640557006381984
0.6272434387823335
0.6788738586548072
0.6942625160584733
0.6874942912970529
0.6680752249410424
0.6420966139249812
0.6133956495641354
0.5843294053293319
0.556289997402155
0.5300466099501918
0.5059718163203705
0.47832891174860115
0.39474917768412354
0.3007465733537744
0.20810093915158645
0.12138599196522794
0.04344276608651726
0.0
0.0
-0.12346450342912346
-0.23700559320111045
-0.3296625233530839
-0.41566769587862346
-0.49578976958065946
-0.5681983517934822
-0.6307893321174771
-0.6804422811607385
-0.6942740660724782
-0.6865961349751751
-0.6666841214554095
-0.6404769830444353
-0.611711662935864
-0.582679685040528
-0.554730676721256
-0.5286066136560276
-0.5046629453099437
-0.4722728516824726
-0.3878232981070467
-0.29392894773843575
-0.2017513013689542
-0.1157171845480892
-0.038615176549328556
0.0
0.0
0.13280022836395589
0.24320473916924681
0.33521646050170195
0.4209530610621234
0.5007503475963465
0.5727001997290349
0.6346984517014701
0.6819280166461631
0.6942811538636274
0.6857393901004452
0.6653594527517944
0.6389355660227725
0.6101094320227187
0.5811103006670514
0.5532474351268807
0.5272369644193409
0.503418072377579
0.46649279095842255
0.38122896922372707
0.28745647679348135
0.19574257419441649
0.11037270920675107
0.034084901790754574
0.0
0.0
-0.14169983671870956
-0.24913976756057693
-0.3405499875835646
-0.4260406542242457
-0.5055364761639485
-0.5770553759909388
-0.6384930347016293
-0.6833945486458556
-0.6943255320470605
-0.684951336986023
-0.6641188833589735
-0.637483658084127
-0.6085960504453606
-0.5796255894319856
-0.5518428150510766
-0.525939048037113
-0.5022378487180414
-0.460947706050696
-0.3749047835447369
-0.28125433919386406
-0.18999069381560477
-0.10526294760839865
-0.029760366226638177
0.0
0.0
0.15020296000975614
0.25481004924000794
0.34564521055750186
0.4309004753485964
0.510107777584521
0.5812143992677449
0.6421158992283973
0.684791532722949
0.694362997287588
0.6841932447090666
0.6629285307622901
0.6360916538381816
0.6071456738174064
0.5782030060690644
0.5504971598450858
0.524695733496892
0.5011073492136795
0.4556303806813301
0.3688391318073795
0.2753046178762967
0.18447179453233406
0.10035903918708088
0.025608881480151044
0.0
-0.001811574621367551
-0.15830322946570236
-0.2604509378289005
-0.35075008712088995
-0.4357395850247092
-0.5146151377893418
-0.5852663362315313
-0.6455923462349678
-0.6860636509858888
-0.6942935105183622
-0.6833432253698765
-0.661658947894046
-0.6346312147380151
-0.6056360867460711
-0.5767291256309434
-0.5491070176461219
-0.5234138071634183
-0.49994331646921353
-0.45037382316184993
-0.36284891459717084
-0.26942634531857135
-0.17901472506528604
-0.09550476341375286
-0.021493264248763147
0.0
0.013802526682148292
0.16595612087877254
0.2671261530718798
0.35697947404680525
0.4414774403321083
0.5197126997426315
0.5895747786750394
0.648987438350284
0.6869075331612401
0.6936114804492922
0.6817991624996782
0.6596773378837839
0.632478625891727
0.6034754900503186
0.5746560378101226
0.5471734867552829
0.5216442748376977
0.49834505935141965
0.4452083950272662
0.35699158757971516
0.2636187327039041
0.17354376428662222
0.09054915425677657
0.017192293955631682
0.0
-0.02606340023292264
-0.17375768622838458
-0.273913332253375
-0.36329920345121497
-0.4472851418806225
-0.5248584047970469
-0.5939085793519269
-0.6523846693660394
-0.6877241374772619
-0.6928861569885193
-0.6802043003515835
-0.6576427125939456
-0.6302739896061432
-0.6012656318247379
-0.572537417255875
-0.5451985434780751
-0.5198375033367755
-0.4967135890852207
-0.44026516777191194
-0.35139198251735754
-0.25805231386249555
-0.16828137567609153
-0.08576197172352294
-0.013015039246381505
0.0
0.03778312301393977
0.18117672196201598
0.28034199372540897
0.3692653310459805
0.45274894698841184
0.5296791922075877
0.597945896725351
0.6555223699704608
0.6884258441419627
0.6921353037080628
0.6786371884697878
0.6556657691292577
0.6281420540848731
0.5991341435246647
0.5704971336337838
0.5432985754891347
0.5181005449784565
0.495145938574473
0.4355038357237892
0.34599394479221446
0.25268205845501085
0.16320036368460225
0.08113578388629539
0.008974210052240611
0.0
-0.049040026558459765
-0.1882848961815043
-0.2864898875469975
-0.3749625658294691
-0.45795876005355474
-0.5342677524760874
-0.601779638369365
-0.6584911059537021
-0.6890710490222398
-0.6913960376826502
-0.677120933452537
-0.6537604460881759
-0.6260908091009602
-0.5970851999121186
-0.5685369556162513
-0.5414738708411714
-0.5164328108433015
-0.4936410318752311
-0.4309422440031028
-0.34082235901164737
-0.24753648098381026
-0.15833119863241665
-0.07670170307807393
-0.005100350315497243
0.0
0.059834294101215324
0.19510240930920894
0.2923874503358406
0.3804287038489187
0.46295814493644943
0.5386719745335006
0.6054605266560608
0.661342892214393
0.6896941470606447
0.6906909962829348
0.6756703403873471
0.6519363428211303
0.6241264042820915
0.5951226735925902
0.5666592607966376
0.5397258325964781
0.5148350750034685
0.49219924270233617
0.42652174428470113
0.3358111563473388
0.24255432876284733
0.15362122949641338
0.0724174334235937
0.0013625564384814048
0.0
-0.07030935504982253
-0.20172922872579033
-0.29812614532945747
-0.3857513480522011
-0.4678293235312067
-0.5429661283062392
-0.6090523902499851
-0.6641289976877095
-0.6903038100488632
-0.6900036045723588
-0.6742547974456595
-0.6501559560593191
-0.6222089118978319
-0.5932069245332159
-0.5648262684655296
-0.5380193778674716
-0.5132753269691935
-0.49079172062724696
-0.4217010954245064
-0.3303404004060609
-0.23714225791526694
-0.14853871975675742
-0.06783109521585602
0.0
0.0
0.07975977193832404
0.20794811645849684
0.303654726810362
0.39097498169095285
0.47269306038660536
0.5473368384039007
0.6127978355411451
0.6671371807973725
0.6910751106346573
0.6894356569392197
0.6729289612850108
0.6484440820081256
0.6203446316780781
0.5913331817337323
0.5630269458789283
0.5363402877822219
0.511738093841704
0.4894029205765288
0.4167006549824373
0.3246060983884875
0.23141729947209355
0.14311222194877454
0.06288477275583892
0.0
0.0
-0.08849438701245912
-0.21377570588783915
-0.3088819794496897
-0.3959449087715209
-0.47734737129632165
-0.5515459470129133
-0.6164331270704904
-0.6700888845083086
-0.6918702973265467
-0.6889375097264651
-0.6716967613530216
-0.6468357691518682
-0.6185852902225817
-0.5895607048117149
-0.5613224235264689
-0.5347481771854226
-0.5102795617623402
-0.4880846290534002
-0.41192725707242933
-0.3191205110856247
-0.22592921640763422
-0.13789901759556633
-0.0581217158101594
0.0
0.0
0.09691691387061654
0.2194027102476937
0.3139341857871448
0.40075212116935555
0.481852892624291
0.555624361150016
0.6199599073119827
0.6729576270159809
0.6926548489816986
0.6884714197197919
0.6705201831227939
0.6452944664702412
0.6168967507090868
0.587858223340985
0.5596844391621316
0.5332177464640968
0.5088772407459764
0.4868169564680991
0.40736519919285324
0.3138790254064387
0.22068512639487195
0.1329170480046199
0.05356925454026859
0.0
0.0
-0.10498219513177723
-0.22479404641393208
-0.31877654446818265
-0.40536086322965587
-0.4861734833329983
-0.5595364915212234
-0.6233441176749184
-0.6757118084931055
-0.6934106053634661
-0.6880278502402489
-0.6693951329713727
-0.6438194337462371
-0.6152802628922518
-0.5862280958967883
-0.5581158982798413
-0.5317520965449377
-0.5075342135458367
-0.48546611323723887
-0.40291999471300954
-0.30880355147199035
-0.21562016007616058
-0.1281152531042195
-0.04919112862046571
0.0
0.0
0.11274534262610678
0.22997831292778192
0.323429857667703
0.40978754641300574
0.49032148145865734
0.5632903923571344
0.626589330404093
0.6783504472408566
0.6941306907031581
0.6875967767484743
0.668310175191004
0.6423988990732918
0.6137243607934209
0.5846595243774569
0.5566068535370957
0.5303422013487421
0.5062423772131972
0.4795845324229316
0.39618405536615564
0.30215767483748823
0.20941380370702817
0.12255671153526156
0.04443834209315918
0.0
0.0
-0.12155760234254709
-0.23573389711861803
-0.3285206166080348
-0.41457981491949125
-0.4947680711570276
-0.5672707404868927
-0.6299836598856404
-0.6801406525280548
-0.6942796683900277
-0.6867809211354453
-0.6669656667703235
-0.6408030231055587
-0.6120497768861655
-0.5830104239468967
-0.5550429970752963
-0.5288948519070689
-0.5049248214474558
-0.4734730562110179
-0.38919577931380595
-0.29528036079760306
-0.2030104392878326
-0.11684185449971116
-0.039573550049786826
0.0
0.0
0.13096550419338313
0.24198142584839333
0.33411725492037536
0.4199046252378446
0.4997641140971669
0.5718028507243827
0.6339167006055204
0.6816261058063756
0.694272351262603
0.6859021382885021
0.6656154426779844
0.6392350868871814
0.6104215953981661
0.5814165282982593
0.553537130571188
0.527504644727541
0.5036614748198094
0.46761575559420143
0.38250995060987003
0.28871389957769383
0.19691008487881928
0.1114113677866176
0.03496557400501306
0.0
0.0
-0.13998200456299714
-0.24799092079968338
-0.33951560409255915
-0.42505258977367855
-0.5046057268610468
-0.5762071853683357
-0.6377526795114979
-0.6831064479904684
-0.6943138403345938
-0.6851015669426203
-0.6643572657588226
-0.6377633505284417
-0.6088879344113524
-0.5799121395307545
-0.5521140240338398
-0.5261897262248645
-0.5024658413188288
-0.46201271699104296
-0.37611970531083655
-0.2824463924705346
-0.19109685630060588
-0.10624631203527041
-0.030593363282069408
0.0
0.0
0.14857691447754243
0.2537240278027849
0.3446682992687864
0.4299679780164533
0.509229997699676
0.580415134141394
0.6414189713087043
0.6845217836129694
0.6943542298978403
0.6843372647192304
0.663155633760235
0.6363575875730784
0.6074229381966608
0.5784750575977755
0.550754559537188
0.5249335941295515
0.5013236503152978
0.45664199410638273
0.3699932764852203
0.27643713844421447
0.18552280593021317
0.10129346447196562
0.02640051351385514
0.0
0.0
-0.15681345770712876
-0.259217038958277
-0.3496045653664259
-0.4346764482110273
-0.5136591865370076
-0.584445130852124
-0.6449297430528738
-0.6858762103396084
-0.6943915622605715
-0.683603821125963
-0.6620033506019771
-0.6350098661902851
-0.606018583669738
-0.5770975484411631
-0.5494515018008523
-0.5237296131527411
-0.5002289000210607
-0.45149840758070714
-0.3641258862732177
-0.27068172755656933
-0.18018393237694974
-0.09654928013491987
-0.022383976023025456
0.0
0.011262764724220387
0.16434512933816503
0.26572747104519157
0.35567904218476437
0.44028413598191224
0.5186572932686497
0.588688025551035
0.6482948576560572
0.6867462037807438
0.6937672852229156
0.6821335259489663
0.6601017134258239
0.6329374618061403
0.6039348738231831
0.5750961411580136
0.547583552592146
0.5220193026257478
0.4986836237333393
0.4462333456686378
0.35815378675761705
0.26477538632486064
0.17463860644975648
0.09154650051446467
0.018063983260219754
0.0
-0.023602275490538643
-0.17219118838687636
-0.2725503192608526
-0.36202997853115015
-0.4461186873818285
-0.5238248462420778
-0.5930380268287007
-0.6517021641282527
-0.6875598910875573
-0.6930315816120555
-0.6805243680629147
-0.6580511156461988
-0.6307165553005988
-0.6017092656992762
-0.5729627465689348
-0.5455950355432074
-0.5202002374543392
-0.49704113190572163
-0.4412549229299866
-0.3525130946982418
-0.2591668882073052
-0.16933521678157792
-0.08672080731386564
-0.013851885531840108
0.0
0.03545050623299098
0.17970222430340038
0.2790657409410362
0.3680819780425256
0.45166625747183575
0.5287250253793326
0.5971480542407726
0.6549038066589573
0.6882904772786375
0.6922878992233089
0.6789514432721359
0.656061024750373
0.6285677499443142
0.5995594534599518
0.5709040716321261
0.5436774215883718
0.5184468213083822
0.4954584197023772
0.43645244182109066
0.34706966273269285
0.2537525608954701
0.1642135373361714
0.08205859505877135
0.009780598250412137
0.0
-0.046799672991667235
-0.1868701754896136
-0.2852662391497537
-0.37382856470660925
-0.4569217229872051
-0.5333543162579697
-0.6010163885584033
-0.6578999766944617
-0.6889423412384073
-0.6915428755725661
-0.6774224249326187
-0.654139391628431
-0.6264988194693057
-0.5974927756976862
-0.5689268877052925
-0.5418368619089754
-0.5167645807358099
-0.4939404130859534
-0.4318484283167216
-0.34184967220303625
-0.248558658785217
-0.15929851519828547
-0.07758264101453671
-0.0058700495715483525
0.0
0.05769187939624859
0.19374891789720874
0.29121635766874016
0.37934310300509066
0.46196507831379663
0.5377969561834207
0.6047290239901866
0.6607759269524135
0.6895698713555856
0.6908305537091997
0.6759580219121177
0.652298254407705
0.6245162246637324
0.5955121603742665
0.5670319346532496
0.5400727869536373
0.5151522057870417
0.4924854256055028
0.427439585227259
0.3368517462454936
0.24358631101754608
0.15459370068899037
0.07329864380099912
0.0021277351484758067
0.0
-0.06812156465462751
-0.20033667811156627
-0.2969154859862863
-0.384625541994256
-0.46679664555832073
-0.5420535375643546
-0.608286736650884
-0.6635325346061967
-0.6901725070296064
-0.6901495572916145
-0.674556440200185
-0.6505356517035824
-0.6226179900822135
-0.593615708118493
-0.5652174385719578
-0.5383835717777111
-0.5136082278406887
-0.4910921425935983
-0.42273045044163604
-0.33151223244473826
-0.23830559278700508
-0.1496353475336064
-0.0688248455050622
0.0
0.0
0.07797655932394396
0.20675436683742277
0.3025814501111452
0.3899527218923896
0.4717340376428655
0.5464678006465815
0.6120453435776328
0.6665239592553
0.6909057267419405
0.6895327012798158
0.6731774591553294
0.648770426164002
0.6207025140474027
0.5916942127719529
0.5633744117488202
0.536665006383361
0.512035673377576
0.48967195417142106
0.4176936873459383
0.3257471696887084
0.23255769341263732
0.14419408562715674
0.0638717210128909
0.0
0.0
-0.08675739241443023
-0.2126171687315642
-0.30784304623013037
-0.3949573377433212
-0.4764227416554283
-0.55071001407961
-0.6157114477733882
-0.6695032632176567
-0.6917134709512638
-0.6890377908404364
-0.6719429145798546
-0.6471566091549343
-0.6189360581295037
-0.5899139845171268
-0.5616620968547679
-0.5350654116608136
-0.5105701566100161
-0.4883472676449898
-0.4128723914575951
-0.3202068691980058
-0.227016630854268
-0.138932597305518
-0.05906670576651346
0.0
0.0
0.09524410401086572
0.2182843535870249
0.3129295746130119
0.39979584701155196
0.48095626471910546
0.5548123345549495
0.6192572655031652
0.6723855591682155
0.6924971906703914
0.6885625033323921
0.6707526457848184
0.6455995760902166
0.6172312681420531
0.5881956421929313
0.560009155905079
0.5335211905943568
0.5091553147208691
0.4870683497826618
0.40826917705312066
0.3149174703736482
0.22172394887209235
0.13390381541595048
0.05447082339512482
0.0
0.0
-0.10338486949019476
-0.2237262284343688
-0.31781743255798534
-0.40444801721610063
-0.4853177137902236
-0.5587616334043889
-0.6226738363951607
-0.6751663318699492
-0.6932610486911288
-0.6881158919038761
-0.6696181756188886
-0.6441118004820499
-0.6156006405815687
-0.5865511625348742
-0.5584267510874498
-0.5320425534224228
-0.5078003663733569
-0.4858434468381059
-0.40385989762568286
-0.30985177737607483
-0.2166560916583029
-0.12908963600646578
-0.050072057151958935
0.0
0.0
0.11117524329085829
0.22893302571031526
0.3224935163371924
0.40889808337068484
0.4894891301385228
0.5625382357106616
0.6259402881013585
0.6778240629454344
0.693988870736907
0.6876855933356856
0.6685298940177163
0.6426856901379331
0.6140380856262545
0.5849755929380474
0.5569108052427777
0.5306261082050483
0.5065024645182656
0.48077442959854194
0.39754632966434766
0.30350095144840966
0.21066739011385127
0.1236785562314332
0.045396611299770906
0.0
0.0
-0.11976910662199142
-0.23456292160868536
-0.3274830251445285
-0.4136016292668044
-0.4938590732392958
-0.5664555919558383
-0.6292868775960754
-0.6799021380449933
-0.6943189589239084
-0.6869807734031079
-0.6672507600604278
-0.6411257331723911
-0.6123806861877557
-0.5833320028047176
-0.5553454062560222
-0.5291731632046605
-0.505177184965933
-0.47462651000727996
-0.3905156848851982
-0.2965811318367262
-0.2042235647808301
-0.11792662426491557
-0.040499182627681
0.0
0.0
0.12918532268634564
0.2407996591051014
0.33305842532710594
0.41889675103448726
0.498817818469368
0.5709436083061732
0.6331700196118505
0.6813398491365527
0.694267196015819
0.686061366229969
0.6658638766758873
0.6395250173714657
0.6107233894631676
0.5817123741476264
0.553816879906385
0.5277630577268275
0.5038964017776213
0.4687046775615241
0.3837513578375895
0.2899314154408329
0.19803940605109843
0.11241486604060576
0.03581516531524394
0.0
0.0
-0.13830661399308844
-0.24687209815498312
-0.3385092482658596
-0.4240919914857994
-0.5037014677193317
-0.575383756645478
-0.6370346033809302
-0.6828279370778211
-0.694303918641485
-0.6852489246792947
-0.6645901874190588
-0.6380363035292015
-0.6091726197202787
-0.5801915299344693
-0.552378401555686
-0.5264340561161005
-0.5026880386517623
-0.46305933986737924
-0.37731340767670124
-0.28361697197234925
-0.19218234427516984
-0.10721049725051601
-0.03140924390926775
0.0
0.0
0.14697443011756495
0.25265553900676707
0.3437082584620526
0.42905236318572154
0.5083688146638805
0.5796317010523836
0.6407366276887425
0.68425893609251
0.6943475829270298
0.6844805224735027
0.6633803235431068
0.636620246896583
0.6076965649340923
0.5787434145641431
0.5510083890600228
0.5251681095657221
0.5015368803329131
0.45764432850783154
0.37113674687702375
0.2775588632442396
0.18656342343210186
0.1022182447283675
0.027183532715272837
0.0
0.0
-0.1552754870862422
-0.25819130413676283
-0.34868275645767965
-0.43379714602322994
-0.5128320064758253
-0.5836924654274436
-0.6442740083738426
-0.6856231123364162
-0.6943844029242053
-0.6837405954360415
-0.6622183464576827
-0.6352613702721268
-0.606280677714818
-0.5773546443455174
-0.5496947093657705
-0.5239543330713254
-0.5004332351043262
-0.45245811218501114
-0.3652206093505608
-0.2717555380882394
-0.18118001053642604
-0.09743439014231194
-0.023133314369869526
0.0
0.009069577996375366
0.16294272040578014
0.2645024847697048
0.3545345834444184
0.4392287814724979
0.5177184513831032
0.5878931235054872
0.6476668307380099
0.6865872767609628
0.6938890934298995
0.6824140863782161
0.6604630145745626
0.6333305000193808
0.6043296768516611
0.5754751299093752
0.547937135618947
0.5223429625002617
0.4989759989989384
0.44710560617292605
0.3591427331791921
0.26576035393902897
0.1755718597009291
0.09239764790741056
0.018808979167728848
0.0
-0.021473623943400466
-0.1708313546717601
-0.2713640060592584
-0.3609230223947037
-0.4450992410910532
-0.522919309469665
-0.5922727970771584
-0.6510992669215284
-0.687409378236396
-0.6931516831061925
-0.6807973840042892
-0.6584017849445948
-0.6310976122694306
-0.6020918106369723
-0.5733298385631059
-0.5459374404266087
-0.5205136157900258
-0.49732418792855354
-0.4421099920834143
-0.3534811177787265
-0.260128696381851
-0.170244046788306
-0.08754713722404756
-0.014572502991882716
0.0
0.03343674429369578
0.17843004951676272
0.2779651522254952
0.3670619415899471
0.4507334277013173
0.527903405903464
0.5964615927488879
0.6543722605195982
0.6881756001475796
0.6924212582173574
0.6792240821795005
0.6564033705337332
0.6289361977898327
0.5999274244683618
0.5712560640713061
0.5440050641990498
0.5187462642011594
0.49572861772980864
0.43727458914484973
0.3480021737293211
0.2546806422936001
0.16509198337613834
0.08285875001830485
0.010479853434832043
0.0
-0.04485542651309199
-0.18564304699060366
-0.2842052365796831
-0.37284557760944725
-0.4560230499679138
-0.5325630275490209
-0.6003555090917466
-0.6573884939277509
-0.6888315785337144
-0.6916708592594918
-0.6776843758749409
-0.6544684028743657
-0.6268529561193902
-0.5978464757533904
-0.569265241587502
-0.5421518171935564
-0.5170524331472338
-0.494200155716566
-0.4326346758038889
-0.342740984741169
-0.24944547704940095
-0.16013769730505545
-0.07834684620780345
-0.006537714418996421
0.0
0.05583084710444117
0.1925732808487231
0.2901992059984683
0.37840024218400026
0.46110261653477813
0.5370370483548006
0.6040937847920232
0.6602836095692693
0.6894619842916293
0.6909517771330447
0.6762078736614214
0.6526125647577727
0.6248547682617103
0.5958504116621768
0.5673555831771296
0.540374098459638
0.5154276165170116
0.4927339594244588
0.42819290532811083
0.3377056866978652
0.24443582875827402
0.15539745510947334
0.07403045031777039
0.0027669503166221354
0.0
-0.06634007656868413
-0.19921146620735591
-0.29594208416182394
-0.3837233343363848
-0.46597146901781167
-0.5413265901508488
-0.6076791763860101
-0.6630618215932339
-0.6900697009066039
-0.6902659951869302
-0.6747959485853318
-0.6508368142303574
-0.6229423090265571
-0.5939397128024047
-0.5655274355279304
-0.538672161683779
-0.5138720028602867
-0.4913301713186615
-0.4235455202099899
-0.3324364509985949
-0.23921904353515222
-0.15049230952164738
-0.06959727329424485
0.0
0.0
0.07657464102247313
0.2058139984165757
0.30173487179928893
0.3891456308539307
0.4709762178978154
0.5457804377495494
0.6114494741066727
0.6660376018416269
0.6907704380506055
0.6896082090398231
0.6733728503784938
0.6490274926374618
0.6209846306975008
0.5919789217481367
0.5636484870604542
0.536921177754935
0.5122704588696345
0.48988423279551474
0.4184850748785021
0.3266567550441015
0.23346654966454616
0.14505601944143626
0.06465772286363408
0.0
0.0
-0.08537572742548366
-0.21169621468789737
-0.30701754357614697
-0.39417293136381815
-0.4756886040950597
-0.5500465963061671
-0.6151390393686955
-0.6690391652348437
-0.6915900808531579
-0.6891186387911853
-0.6721395880385693
-0.647412533309396
-0.6192156652596912
-0.5901954926009166
-0.5619327040838866
-0.5353181068823619
-0.5108016095563574
-0.48855643977689955
-0.4136246427224173
-0.3210715907867585
-0.22788229493177037
-0.1397555120609899
-0.059819196302330235
0.0
0.0
0.09391119200269879
0.21739312733728305
0.3121289145593682
0.39903364379219175
0.48024153354242666
0.5541649644112628
0.6186970102835874
0.6719293103786662
0.6923711666508957
0.6886347076034395
0.6709375346619784
0.6458423841852539
0.6174975412482759
0.5884642578798212
0.5602676787231045
0.5337627888700628
0.5093767208707637
0.4872685170686872
0.4089888842387926
0.31574417282241984
0.22255088763087705
0.13468925283326078
0.05518838198412997
0.0
0.0
-0.10211290827488612
-0.2228758970894486
-0.31705365717131617
-0.4037210804996624
-0.4846362266126119
-0.558144577565568
-0.6221400584753048
-0.6747319408804944
-0.6931419597630251
-0.6881860205072007
-0.6697958151068254
-0.6443446470417816
-0.61585579328468
-0.5868084555103863
-0.5586743161484222
-0.5322738746053692
-0.5080123314277305
-0.486035064071073
-0.40455029581428836
-0.310645034189022
-0.2174497383150395
-0.1298435997294895
-0.05076100271867644
0.0
0.0
0.10995588902936432
0.2281182101832234
0.32176184700961935
0.40820184651383407
0.48883655144806976
0.5619474861913918
0.6254294088688255
0.6774084704515818
0.6938752133715359
0.6877531154662702
0.6687003440297008
0.6429089774988104
0.6142827030714878
0.585222230141548
0.5571480987977571
0.5308478205442788
0.506705617701025
0.481697950983067
0.3986041022426834
0.3045447572990607
0.211642357536518
0.12455195950529879
0.046143624194985064
0.0
0.0
-0.11838639540423673
-0.2336603598720487
-0.32668506875214653
-0.4128507275861886
-0.493162591877046
-0.5658324118320827
-0.6287557536671246
-0.6797236248723005
-0.6943539869949051
-0.6871390150293903
-0.6674742067602757
-0.641377725909341
-0.6126385981202632
-0.5835823673049773
-0.5555806808371712
-0.5293895868909197
-0.5053733656522964
-0.4755206201945143
-0.3915390170856221
-0.2975899611519715
-0.20516478081463874
-0.11876863115655135
-0.04121806797217541
0.0
0.0
0.12780472503286933
0.23988347229007473
0.3322377256997616
0.4181156590940117
0.4980845414447796
0.5702778757063668
0.6325915880829387
0.6811181244113322
0.6942632483188973
0.6861847687526423
0.6660563865525033
0.6397496721880487
0.6109572316525171
0.5819416044959259
0.5540336364446505
0.5279632812810672
0.5040784271975424
0.4695476881599714
0.38471234325525916
0.29087385304061425
0.1989135263561174
0.11319154894165973
0.036472679452668536
0.0
0.0
-0.137009343990337
-0.24600569131253935
-0.33772987850967057
-0.4233480184269397
-0.503001092001022
-0.5747459485977222
-0.6364783574965042
-0.6826121183762102
-0.6942961176792402
-0.6853629389178955
-0.6647704771274399
-0.638247605751043
-0.6093930176885162
-0.580407836171957
-0.5525830891562831
-0.5266232250951279
-0.5028600735460212
-0.46386996363527133
-0.3782379359125486
-0.28452356725768246
-0.19302301024778595
-0.10795719020982149
-0.03204105408469475
0.0
0.0
0.1457334826928939
0.2518281494566489
0.34296487013586446
0.42834339341452743
0.5077020093543709
0.5790251151784125
0.6402083325495687
0.6840554753303739
0.6943425064336016
0.6845915189900529
0.6635543708461115
0.6368236898406155
0.6079084947002065
0.5789512582976654
0.5512049785512143
0.5253497387611018
0.5017020232032025
0.4584206646965573
0.3720224031613935
0.278427681931071
0.18736942625067682
0.10293453141561884
0.027790023578223175
0.0
0.0
-0.15408423274157856
-0.2573968169888997
-0.3479687704281406
-0.433116086666922
-0.5121913206959748
-0.5831094969022927
-0.6437661190824611
-0.6854270807134542
-0.6943788601955134
-0.6838465347113608
-0.6623848711475976
-0.6354561717907291
-0.6064836813699135
-0.5775537765590408
-0.5498830843496387
-0.52412838850043
-0.5005915015484738
-0.4532014408297326
-0.3660685128586426
-0.2725872417564231
-0.18195150544317967
-0.09811993422877252
-0.02371369674735073
0.0
0.007370826383212514
0.16185647323245375
0.26355366220573506
0.3536481344029446
0.4384113490100017
0.5169912648185442
0.5872774267426137
0.6471803884246714
0.686464178431772
0.6939834401828298
0.6826313955976469
0.6607428620144004
0.6336349296225033
0.6046354734417421
0.575768677498663
0.5482110050946286
0.5225936548599684
0.4992024597155682
0.44778123272290304
0.35990874062312855
0.2665232781087186
0.17629472599566448
0.09305691612057237
0.019386024482827502
0.0
-0.019824815685991926
-0.1697780603101308
-0.2704451190510552
-0.36006560517510977
-0.444309608317776
-0.5222179094819868
-0.5916800765221474
-0.6506322859936088
-0.6872928011225038
-0.6932447157765517
-0.681008859394716
-0.6586734079335496
-0.6313927722083967
-0.602388122664016
-0.5736141807630997
-0.5462026603137389
-0.520756352197926
-0.49754343723117983
-0.44277231844728193
-0.35423093703297026
-0.2608737012700367
-0.17094801495314849
-0.08818720133693286
-0.015130683077691817
0.0
0.03187688794637089
0.17744462736787425
0.2771126414116526
0.3662718271624787
0.4500108639742491
0.5272669858638103
0.5959298660641468
0.6539605310410505
0.6880866195438331
0.6925245594622546
0.6794352685042232
0.6566685511285527
0.6292215966663428
0.6002124538026483
0.5715287163413377
0.5442588551000352
0.5189782116508465
0.4959379121794174
0.43791142540170525
0.34872449764964564
0.255399534604674
0.16577242762159478
0.08347854948247357
0.01102149545853523
0.0
-0.04334939702128632
-0.184692504299348
-0.2833833770506146
-0.37208414996123823
-0.45532693304313704
-0.5319500916431135
-0.5998435894088011
-0.6569922982096511
-0.6887457826289229
-0.6917699974709436
-0.6778872857132567
-0.6547232578563353
-0.6271272732526896
-0.5981204545853791
-0.5695273330880268
-0.5423957839218174
-0.5172754057614202
-0.49440135426992765
-0.4332437120750383
-0.343431405509503
-0.250132416187949
-0.16078773659465356
-0.07893880721250113
-0.0070548939008846095
0.0
0.054389261222103386
0.1916626142716451
0.289411305285398
0.37766988873406104
0.4604345417681717
0.5364484137466548
0.6036017206545575
0.6599022550361414
0.6893784147491692
0.6910456796589461
0.6764014133674743
0.6528560348829091
0.625117009692919
0.5961124265684001
0.5676062864900961
0.5406074991274558
0.515640954011569
0.4929264776260641
0.42877644111797686
0.33836716484389223
0.24509388079292033
0.15602005780821315
0.07459732062883634
0.0032620974688050697
0.0
-0.06496009622767118
-0.1983398526949528
-0.2951880664662682
-0.383024465473414
-0.46533227036056546
-0.5407634820964652
-0.6072085483552032
-0.6626971985160641
-0.6899900660146889
-0.6903561911505924
-0.6749814774075348
-0.6510701015455344
-0.6231935337095166
-0.5941906939883428
-0.565767565981008
-0.538895709742868
-0.5140763287507655
-0.49151455355801155
-0.42417689306847794
-0.3331523731232059
-0.23992662449283297
-0.15115613273437273
-0.07019561409553898
0.0
0.0
0.07548867816248606
0.2050855647923372
0.30107909073347144
0.38852043785697127
0.47038919188245226
0.5452479895625932
0.6109878991934788
0.6656608578661322
0.6906656406103315
0.6896666997335699
0.6735242057395753
0.6492266231355273
0.6212031656409808
0.5921994647301504
0.5638607929030723
0.5371196147255277
0.5124523297748859
0.4900486692933158
0.4190981056635478
0.3273613450834958
0.23417057476056463
0.14572369694625598
0.06526658120703459
0.0
0.0
-0.08430544907916346
-0.21098281691398485
-0.3063780854154802
-0.3935653076948011
-0.47511992021171123
-0.5495326941040519
-0.6146956357291091
-0.6686796620368931
-0.691494499665098
-0.6891812661875921
-0.6722919371460582
-0.6476107796675705
-0.619432257100984
-0.5904135569524556
-0.5621423243024102
-0.5355138519312141
-0.5109808997173705
-0.488718470569878
-0.4142073594772847
-0.3217414304326221
-0.22855286453895318
-0.14039296661637496
-0.060402097998176155
0.0
0.0
0.09287867622515461
0.21670275554048063
0.3115086983160118
0.3984432175081184
0.4796878806629412
0.5536634915590001
0.6182630194289502
0.6715758861978802
0.6922735447818459
0.6886906394841898
0.6710807555056999
0.6460304710273519
0.6177038047948297
0.5886723360437905
0.5604679386219821
0.5339499384797746
0.5095482290215884
0.48742357292641986
0.40954639279945787
0.3163845633603292
0.2231914611450047
0.1352976779790357
0.05574422591054368
0.0
0.0
-0.10112760476296875
-0.22221720227631142
-0.3164620115662467
-0.4031579714109786
-0.484108324291656
-0.557666585933971
-0.6217265767088785
-0.6743954475430858
-0.6930497097357985
-0.688240344574282
-0.6699334206181203
-0.6445250177480155
-0.616053443047959
-0.587007763186413
-0.5588660882513165
-0.5324530636571639
-0.5081765265781398
-0.48618349712332254
-0.405085101653441
-0.31125951778450955
-0.21806452384288333
-0.1304276454551871
-0.05129468312497194
0.0
0.0
0.1090113351482373
0.22748702607310628
0.3211950708691724
0.40766251762552796
0.488331041709864
0.5614898714818565
0.6250336644498155
0.6770865384299312
0.6937871706042261
0.6878054205149008
0.6688323805207657
0.6430819435953048
0.6144721921707692
0.5854132838062209
0.5573319145455926
0.5310195665434405
0.5068629871376635
0.48241334302734845
0.3994234899522368
0.30535332584445607
0.21239760137197383
0.12522852814418572
0.046722286375780145
0.0
0.0
-0.11731529827089648
-0.23296120363729922
-0.32606694356899535
-0.4122690526808037
-0.4926230729017639
-0.5653496746102074
-0.6283443264459013
-0.6795853423620488
-0.6943811210496316
-0.6872615946383956
-0.6676472965096624
-0.6415729284180699
-0.6128383858400756
-0.583776308512017
-0.555762932855918
-0.5295572363375703
-0.5055253341537858
-0.47621322993499365
-0.3923317268086555
-0.2983714363920219
-0.20589388035736242
-0.11942087972056684
-0.041774942157249265
0.0
0.0
0.12673526435322546
0.23917376105579483
0.3316019823213001
0.41751059728515044
0.4975165188141009
0.5697621754361991
0.6321435143769644
0.6809463685772359
0.694260190370899
0.6862803608425733
0.6662055116687479
0.6399236979200339
0.6111383742461969
0.5821191745861717
0.5542015438690404
0.5281183816584899
0.5042194306434329
0.47020071478649256
0.3854567574554197
0.291603899409439
0.1995906516481037
0.11379319566415905
0.03698201370771401
0.0
0.0
-0.1360044313280486
-0.24533454102979546
-0.33712615035898413
-0.4227717098705604
-0.5024585555512698
-0.574251879359621
-0.6360474692923563
-0.682444937433239
-0.6942900748303629
-0.6854512585441878
-0.6649101361351761
-0.6384112881732125
-0.6095637460013686
-0.5805753948769535
-0.5527416476388785
-0.5267697622859171
-0.5029933380489218
-0.46449790254427625
-0.3789541093969136
-0.28522584920838495
-0.19367422092110378
-0.10853560592753086
-0.03253047737312484
0.0
0.0
0.14477219914155165
0.2511872230964879
0.3423890142356284
0.42779419940791186
0.5071854775024373
0.5785552315254356
0.6397990957860366
0.6838978671966529
0.6943385740333956
0.6846775010006285
0.6636891943067991
0.6369812842405126
0.6080726633008727
0.5791122617046192
0.5513572640063433
0.5254904354196129
0.5018299489470589
0.45902204339579444
0.3727084652429564
0.27910070097833367
0.18799378579565112
0.10348939352132076
0.02825983377375256
0.0
0.0
-0.153161443002468
-0.25678137784394434
-0.3474156904450436
-0.4325885129142723
-0.5116950218185171
-0.5826579079535041
-0.6433726892922831
-0.685275227400268
-0.6943745666195865
-0.6839285992145662
-0.6625138673502128
-0.6356070722678212
-0.6066409355229442
-0.5777080317482904
-0.5500290065892989
-0.5242632182819711
-0.5007141005971276
-0.4537772508110074
-0.36672533041156335
-0.27323151030534837
-0.1825491340422966
-0.09865098212357484
-0.024163282470687247
0.0
0.006054910138507064
0.16101502575340756
0.2628186689570876
0.3529614580152108
0.4377781354400923
0.5164279590855276
0.5868004851634515
0.6468035721551464
0.686368821916971
0.6940565247094193
0.6827997314192737
0.6609596422639398
0.6338707521272967
0.6048723548633991
0.5759960703871112
0.548423154583109
0.5227878504913591
0.4993778846141459
0.4483045982339493
0.36050211854250325
0.26711426760458357
0.1768546851636773
0.0935676098395292
0.019833025276186134
0.0
-0.01854758723712696
-0.16896213917743125
-0.26973331488061625
-0.3594014178034158
-0.44369792931333724
-0.5216745788909785
-0.5912209330798717
-0.6502705451626671
-0.6872024961579372
-0.6933167823697696
-0.6811726761363696
-0.6588838172475788
-0.6316214141206283
-0.6026176570253424
-0.5738344428486143
-0.5464081095411976
-0.5209443848825751
-0.4977132759269497
-0.44328538120767286
-0.35481177505653283
-0.26145080990325176
-0.1714933350037265
-0.08868301891746869
-0.015563070227644846
0.0
0.030668564825684086
0.17668128249012086
0.2764522546339899
0.36565977496460744
0.4494511390800261
0.5267739910963463
0.595517970689624
0.6536415899948929
0.6880176918497325
0.6926045804807035
0.6795988613406806
0.6568739699457049
0.6294426773200223
0.6004332481943028
0.571739922995259
0.5444554510312196
0.5191578868268886
0.49610003949361203
0.438404742620669
0.34928403681436226
0.2559564155144703
0.1662995252175934
0.08395866935743065
0.011441071650920773
0.0
-0.042182770105752554
-0.1839561782942993
-0.2827467338511685
-0.371494319564799
-0.4547876947835971
-0.5314752885209403
-0.5994470372413842
-0.6566853901648775
-0.6886793219126326
-0.6918467936517159
-0.6780444672848673
-0.6549206780824735
-0.6273397695900899
-0.5983326888613606
-0.5697303589910314
-0.5425847696964752
-0.5174481287080714
-0.4945572102126326
-0.4337154944179066
-0.34396623133658266
-0.250664545012697
-0.161291281410757
-0.0793973624090925
-0.007455520523452719
0.0
0.05327255467847303
0.1909571777575805
0.28880096782056675
0.37710412954118944
0.4599170259826079
0.5359924352909696
0.6032205493113576
0.6596068435088214
0.6893136786506645
0.6911184200844059
0.676551336491443
0.653044635982851
0.6253201517505649
0.5963153931508858
0.5678004906875687
0.540788300046322
0.5158062132431908
0.4930756094517859
0.429228469854993
0.3388795706568351
0.24560363261045332
0.15650234923793732
0.07503643965720692
0.003645657044040046
0.0
-0.0638911116036987
-0.19766466812089478
-0.2946039760320189
-0.3824830953981203
-0.4648371230694965
-0.5403272774460012
-0.6068439822062195
-0.6624147477873407
-0.6899283778395701
-0.6904260603355836
-0.675125195005604
-0.6512508146659901
-0.6233881417885734
-0.594385113445183
-0.5659535800523151
-0.5390688784686481
-0.5142346072624577
-0.4916573829681776
-0.4246659782153687
-0.3337069533093394
-0.24047474329684915
-0.15167035514370336
-0.07065911136704353
0.0
0.0
0.07464745050196292
0.20452129272225125
0.3005710980678374
0.38803613986030994
0.4699344594653129
0.5448355351837351
0.6106303459173537
0.6653690178238096
0.6905844605762457
0.6897120088257485
0.6736414512935595
0.6493808771062359
0.6213724510243062
0.5923703056154221
0.5640252529903759
0.5372733314630928
0.5125932138154009
0.49017604798635833
0.4195729823628531
0.32790714702405244
0.23471593907405083
0.14624090504802068
0.06573822577379952
0.0
0.0
-0.08347637121430479
-0.21043019216572081
-0.3058827370735102
-0.39309461954796376
-0.4746793962878895
-0.5491346061313215
-0.6143521585947905
-0.6684011773405348
-0.6914204588833789
-0.6892297797253757
-0.6724099524954857
-0.6477643487534226
-0.6196000372879118
-0.5905824778011025
-0.5623047040079588
-0.5356654834084232
-0.5111197846195351
-0.48884398571639087
-0.4146587537975273
-0.3222603134215967
-0.22907231298291145
-0.14088676289487878
-0.060853635578903664
0.0
0.0
0.0920788506538717
0.21616796757136572
0.3110282554788031
0.3979858510946075
0.4792590003125374
0.5532750318212165
0.6179268337857434
0.6713021105317067
0.6921979232102891
0.6887339664242753
0.6711916997604742
0.6461761701723675
0.6178635842988922
0.5888335212186966
0.5606230674745313
0.5340949116090253
0.5096810856882515
0.4875436850278208
0.40997825991036246
0.3168806339696467
0.22368767349425323
0.13576898699201942
0.056174803531985326
0.0
0.0
-0.10036435157980511
-0.22170695248414882
-0.3160037006144622
-0.4027217659190261
-0.48369939128720524
-0.5572963156280586
-0.6214062781724871
-0.6741347871413583
-0.6929782493937509
-0.6882824260416813
-0.6700400150262943
-0.6446647396855198
-0.6162065499932586
-0.5871621544132658
-0.5590146421395839
-0.5325918702404647
-0.5083037183211193
-0.4862984789518538
-0.40549938238615685
-0.3117355199062069
-0.21854075985251578
-0.1308800692568088
-0.05170809205424756
0.0
0.0
0.10827964815639854
0.2269980871024375
0.32075602473653403
0.40724473316774884
0.48793945483891676
0.5611353859030974
0.6247271059271057
0.6768371577687193
0.6937189693631494
0.6878459379748021
0.6689346609570824
0.6432159296445653
0.6146189775598871
0.5855612811665467
0.5574743051430632
0.5311526074592448
0.506984891426967
0.48296751263633714
0.40005821851847145
0.3059796734786342
0.21298264167816638
0.12575262368112888
0.04717053988435081
0.0
0.0
-0.11648558610677806
-0.23241961089642388
-0.3255881205315291
-0.41181846540090244
-0.4922051411925007
-0.5649757281849164
-0.628025619431828
-0.6794782235240812
-0.6944021401102629
-0.6873565494185552
-0.6677813783460729
-0.6417241396303106
-0.6129931489294123
-0.5839265426724327
-0.5559041121309996
-0.5296871039105466
-0.5056430546762855
-0.4767497515165666
-0.39294578960540355
-0.29897679653514925
-0.20645866831327597
-0.11992613601483171
-0.04220631786666107
0.0
0.0
0.12590681984434604
0.23862399201261714
0.3311095115643881
0.41704189362737015
0.4970765070984027
0.5693626945910178
0.6317964196146667
0.6808133200418833
0.6942578215695908
0.6863544100748028
0.6663210295986549
0.6400585048043753
0.6112786941195294
0.5822567270638127
0.5543316112818848
0.5282385282505452
0.504328657221553
0.4707065737996666
0.3860334087241056
0.2921694208149057
0.2001151783947429
0.1142592538688193
0.03737656319919781
0.0
0.0
-0.1352259881412025
-0.24481464274977732
-0.33665847980127883
-0.4223252795631462
-0.5020382863893633
-0.5738691547248782
-0.6357136870655422
-0.6823154327802514
-0.6942853938123509
-0.6855196742524365
-0.6650183212613427
-0.6385380827407265
-0.6096959985810824
-0.5807051921590574
-0.5528644730098082
-0.5268832755115616
-0.503096569750759
-0.46498432766812514
-0.3795088843452761
-0.2857698632516358
-0.19417867322975557
-0.10898366852243466
-0.03290960308126943
0.0
0.0
0.14402755270505982
0.25069073740366893
0.3419429345714149
0.4273687730505247
0.506785352480023
0.5781912419545283
0.6394820855794024
0.6837757780017236
0.6943355278482858
0.6847441059038178
0.6637936336363524
0.6371033627970015
0.6081998344808153
0.5792369810063143
0.5514752300542696
0.5255994243492934
0.5019290450453507
0.45948789398193074
0.3732399147658919
0.2796220468757084
0.18847743821017438
0.10391921060232827
0.028623766442366624
0.0
0.0
-0.15244661532123946
-0.256304635506908
-0.3469872538630896
-0.4321798344189482
-0.5113105700192607
-0.582308090148651
-0.6430679237617918
-0.6851575961057489
-0.6943712406541078
-0.6839921694691076
-0.6626137926663855
-0.63572396545983
-0.6067627505115821
-0.5778275236266445
-0.5501420434511041
-0.524367662508008
-0.5008090704368984
-0.4542232949060142
-0.36723412602209254
-0.2737305849847928
-0.18301207966025168
-0.09906235182068517
-0.024511548502103575
0.0
0.005035551860758686
0.1603632088491194
0.2622493155085557
0.3524295326266881
0.437287624363579
0.5159916012520709
0.5864310282558717
0.6465116760829207
0.6862949551698302
0.6941131387360059
0.6829301306859162
0.6611275684087314
0.634053429120083
0.6050558521330555
0.576172217481621
0.5485874935659674
0.522938281740411
0.49951377534669517
0.4487305557859699
0.3609851036354208
0.2675939561566833
0.1773075465111217
0.0939788690298388
0.020191101072242618
0.0
-0.017524998197192387
-0.1683101992757481
-0.26916535938678077
-0.35887201695074994
-0.44321089929887425
-0.5212425143130346
-0.5908564256265671
-0.6499840837876987
-0.6871323115995103
-0.6933758980133625
-0.6813047808304821
-0.6590529110802461
-0.6318048949400178
-0.6028017113300169
-0.5740109790850291
-0.546572723012995
-0.5210950119517059
-0.49784930818197376
-0.44369699169352683
-0.35527791214354787
-0.2619140790826345
-0.17193120275785917
-0.08908125115501078
-0.015910469166975028
0.0
0.02969536387125024
0.1760656658334952
0.2759191279032946
0.36516524896301794
0.4489984868262858
0.5263748664344041
0.595184004549158
0.6533823922801109
0.6879604596456591
0.6926677380422579
0.6797296318027353
0.6570386468019374
0.629620129297922
0.6006105895588657
0.5719096331967451
0.5446134636648723
0.5193023262085574
0.4962303893491711
0.4388009407242957
0.34973330163808886
0.25640344332578835
0.16672254762427485
0.08434389505563002
0.011777624651945817
0.0
-0.041246037533344326
-0.18336478943688447
-0.2822353071616954
-0.37102042976894417
-0.4543543911996235
-0.53109369913185
-0.5991282680206022
-0.6564386016864054
-0.6886257701320487
-0.6919083769786704
-0.6781706619593407
-0.6550792214777871
-0.6275104401201741
-0.598503159695534
-0.5698934397805347
-0.5427365765862058
-0.5175868745463728
-0.49468240857446516
-0.4340947596680601
-0.3443961999207893
-0.25109235158479337
-0.1616961102618753
-0.07976602242407119
-0.007777608112319576
0.0
0.0523750167631602
0.19039025498906675
0.2883105122965967
0.3766495274211423
0.45950121850882114
0.535626103075151
0.6029143533085072
0.6593695820965041
0.6892617711996861
0.6911769740647578
0.67667190164453
0.653196271547617
0.6254834626516548
0.5964785545166089
0.5679566031730335
0.5409336351863361
0.5159390534474877
0.4931954847649075
0.42959178120095776
0.33929141583656275
0.24601335466189123
0.15689001010169756
0.07538940979204357
0.003953978941061212
0.0
-0.063031823965915
-0.19712192393416259
-0.2941344523648729
-0.38204790833105795
-0.46443908826956015
-0.5399766199022022
-0.606550907708504
-0.6621876785498958
-0.6898787672402127
-0.6904822022997753
-0.6752407010764362
-0.6513960611160782
-0.6235445594382765
-0.5945413812557405
-0.5661030929302279
-0.5392080672497721
-0.514361828049729
-0.49177218636011527
-0.4250590764814206
-0.3341526892413902
-0.2409152832266938
-0.15208364891857767
-0.07103163352746507
-0.0001673321761442026
0.0
0.073830759287877
0.2039879214697093
0.3000993379721022
0.3875920375645719
0.46952239295277076
0.5444666835211123
0.6103158149014457
0.6651181675409613
0.6905225586400431
0.689763093873265
0.673756341110874
0.6495281269435738
0.6215323164536112
0.5925307176254524
0.5641791399577883
0.5374168419616735
0.5127245413415777
0.4902946573488679
0.4199945711254417
0.3283901451200046
0.2351979449740255
0.1466976361049184
0.06615441989673923
0.0
0.0
-0.08274027186949787
-0.20993894069766683
-0.3054419993356282
-0.39267550347845137
-0.4742868215630427
-0.5487795007959375
-0.6140453701786649
-0.668151966650728
-0.6913530472203818
-0.6892714149249901
-0.6725134946276817
-0.647899626736606
-0.6197480771474557
-0.5907316542291006
-0.5624481793310062
-0.5357995076723961
-0.5112425710964125
-0.48895497043592423
-0.415061742071586
-0.3227233824638145
-0.22953547966696175
-0.1413266051139665
-0.061255367208619016
0.0
0.0
0.09136898565136942
0.2156938620015027
0.3106026761370651
0.39758098411970016
0.47887961543315666
0.5529316908543322
0.6176300224632687
0.6710607860303975
0.692132177099973
0.6887735632616729
0.6712911274142743
0.6463062967763845
0.6180060870213978
0.5889771714782391
0.560761258817963
0.534224018781462
0.5097993791321364
0.4876506160672924
0.41036319194239523
0.3173229323499451
0.22413022775662889
0.1361894555975787
0.05655905682781441
0.0
0.0
-0.09968373915669426
-0.2212519963604485
-0.31559507234117223
-0.40233285027812127
-0.4833347888309692
-0.5569661778602568
-0.621120685204793
-0.6739023551535416
-0.6929144394290003
-0.6883198138968976
-0.6701349071932152
-0.6447891656380209
-0.6163429148358985
-0.5872996733344606
-0.559146967568684
-0.5327155167852065
-0.5084170208114869
-0.4864009062748778
-0.40586812652011933
-0.31215916666741594
-0.21896459365270954
-0.13128269318748814
-0.05207597923314514
0.0
0.0
0.10762815904267423
0.226562664656027
0.320364988598709
0.40687260097600497
0.4875906272965151
0.5608195768422628
0.6244539599760973
0.676614917424205
0.6936581132253771
0.6878819267423121
0.6690256716285302
0.6433351899859309
0.6147496472672531
0.5856930387028093
0.5576010763165209
0.5312710576934236
0.5070934283559487
0.48346105965540076
0.4006235073148686
0.3065374866617715
0.2135036542816982
0.12621934758293907
0.04756970916108051
0.0
0.0
-0.11574674997818818
-0.23193735024297196
-0.32516176206796016
-0.4114172561912269
-0.4918330162499688
-0.5646427755963563
-0.6277418598517482
-0.6792688397195338
-0.6943561189030781
-0.6874078955397367
-0.6678873962191831
-0.6418575623772947
-0.6131368834188674
-0.5840701665479408
-0.5560415434559408
-0.5298150550494259
-0.5057600101379124
-0.4773010072753358
-0.39357561674479463
-0.2995956667781938
-0.20703384282505322
-0.12043837471453422
-0.042641199951067965
0.0
0.0
0.12506059929940475
0.23806173345165133
0.3306058467388944
0.416562864530332
0.4966273165566768
0.5689555573704254
0.6314435296484994
0.6806819698672568
0.6942614549073416
0.6864367187613711
0.6664457728516392
0.6402027074653525
0.6114281084279061
0.58240280996378
0.5544695157689424
0.5283657726196823
0.5044442469887415
0.4712428574584475
0.3866462865821186
0.2927721685687154
0.20067597221644584
0.11475931807361067
0.03780178357695935
0.0
0.0
-0.13440016869512622
-0.24426526087638673
-0.3361655884303248
-0.42185568345015784
-0.5015970258043054
-0.573468144266092
-0.635364853823416
-0.6821814805410709
-0.6942826473744289
-0.685593669183801
-0.6651339760352989
-0.6386731322590675
-0.6098366125173615
-0.5808430561874645
-0.5529948488934728
-0.5270037156143268
-0.503206068579761
-0.46549489867248434
-0.3800911780027588
-0.2863410720888574
-0.19470860391191655
-0.10945464828961902
-0.033308437181546566
0.0
0.0
0.14324291084695076
0.2501671424294133
0.3414722106441159
0.4269196234271544
0.5063627031048097
0.5778065358319031
0.6391467790261067
0.68364605900606
0.6943314066634275
0.6848135096776906
0.6639030147584387
0.6372314237625688
0.6083333405404445
0.5793679707423317
0.5515991613618942
0.5257139457989447
0.5020331848894272
0.4599776831748407
0.37379857392592686
0.2801699627770423
0.1889856119979869
0.10437068797376226
0.029005899532602214
0.0
0.0
-0.15169586357148868
-0.2558039717023675
-0.3465373490656094
-0.4317507043320092
-0.5109069071592743
-0.5819408236955791
-0.6427479936477941
-0.6850342232312389
-0.694367921116771
-0.684059102714273
-0.6627188977180717
-0.6358468783643192
-0.6068908189181834
-0.5779531385944643
-0.5502608660387152
-0.5244774485818392
-0.5009088949808651
-0.4546924651480814
-0.3677693328401178
-0.27425558771799285
-0.18349909560606592
-0.09949512878857947
-0.024877956726736497
0.0
0.003963395807114745
0.15967769037402263
0.26165056111441465
0.3518701653989401
0.43677183210176324
0.5155327783169249
0.5860425781458963
0.6462048063124566
0.6862173523267362
0.6941727388331347
0.6830673143626577
0.661304207725759
0.6342455739201779
0.6052488539571242
0.5763574850631968
0.5487603395997802
0.523096498826221
0.49965669853121025
0.4492760116238621
0.36160379097767736
0.26820231224913443
0.17787444799418173
0.09448569545426337
0.020623749572887484
0.0
-0.016291927953576008
-0.1675300810052006
-0.2684893752163672
-0.3582444971857349
-0.44263598664932263
-0.5207349950792556
-0.5904310741455474
-0.649653127643642
-0.6870573673224084
-0.6934536622890519
-0.6814684089585723
-0.6592597022313398
-0.6320280702074321
-0.6030249327766195
-0.5742247033852225
-0.5467717820762105
-0.5212770133298292
-0.4980135824798698
-0.4441971478622794
-0.35584502388435446
-0.2624782715904881
-0.1724649912842724
-0.08956723494028304
-0.016334932449596884
0.0
0.028495364416576824
0.17530289493882661
0.27525608865272594
0.3645483054303845
0.44843193619330357
0.5258733232546118
0.5947620738861862
0.6530522056754419
0.6878820519483665
0.6927397146219574
0.6798863617994644
0.6572381856476847
0.6298361548540774
0.6008270262635035
0.5721170753793655
0.544806802180176
0.5194791790721618
0.4963900688700026
0.43928433849363
0.35028090542794393
0.25694785067457526
0.16723727483283368
0.08481219802311707
0.012186321733111988
0.0
-0.040104152701200574
-0.18264313838608343
-0.28161077752832697
-0.37044142468293534
-0.45382469519629526
-0.5306269361717872
-0.5987380343929717
-0.65613612151031
-0.6885596323009534
-0.6919830849578484
-0.6783244363512736
-0.6552726096140463
-0.627718711455973
-0.5987112365762033
-0.5700925251524998
-0.5429219166078836
-0.5177562794425581
-0.4948352794151255
-0.4345591552017468
-0.34492278385218705
-0.2516163163027656
-0.16219194407374088
-0.08021756111953969
-0.008172103819425514
0.0
0.05127684239768196
0.18969688681363694
0.28771085415737047
0.3760938480354506
0.4589930957611638
0.5351785859343522
0.6025404655302753
0.6590800673274565
0.6891988237166838
0.6912490276360806
0.6768197215458691
0.6533820320032284
0.6256834546115217
0.5966783246846735
0.5681477202875148
0.5411115445873068
0.5161016587426602
0.4933422146363665
0.4300363036243659
0.3397953512699709
0.24651473797647105
0.1573644451529288
0.07582143826996236
0.004331410220426546
0.0
-0.06197996949800921
-0.19645751864266123
-0.29355965726086763
-0.3815151285026538
-0.4639517717238072
-0.5395472845146257
-0.6061920482615323
-0.6619096069537549
-0.689817931560724
-0.6905508280512698
-0.6753820042715609
-0.6515737790019577
-0.6237359608737592
-0.5947326074229442
-0.5662860577576226
-0.5393784009554162
-0.5145175176088299
-0.49191268098311347
-0.4255400597255831
-0.3346980626031423
-0.24145428648773024
-0.1525893045427156
-0.07148739448974725
-0.0005604389808590571
0.0
0.07267324458359425
0.20324541129417747
0.2994506444354569
0.3869868783955458
0.4689657424244067
0.5439733033540681
0.6099003755422981
0.664792876739561
0.6904505724108043
0.6898421089266161
0.6739201696043147
0.6497344964703066
0.6217547248439793
0.5927530032875278
0.5643918697582923
0.5376149146675315
0.5129056032020459
0.4904580595695818
0.42055538937772424
0.32903106766278645
0.23583693239897696
0.14730271778950085
0.0667054888589934
0.0
0.0
-0.08176104175528337
-0.20928482267820064
-0.30485473655050804
-0.39211672784494644
-0.47376311087387835
-0.5483054254176278
-0.6136353989128657
-0.6678184630195612
-0.6912616745735906
-0.6893253453393372
-0.6726499809987214
-0.6480785023678565
-0.6199440760797361
-0.5909292905480716
-0.5626383394008618
-0.5359771881164547
-0.5114053824067255
-0.4891021515562234
-0.4156000969961825
-0.32334182762329666
-0.23015364371178576
-0.14191318203056763
-0.06179064407009974
0.0
0.0
0.09042491251397161
0.21506387529908083
0.31003752516477445
0.3970436149696024
0.47837633944355096
0.5524765235526213
0.6172368739822872
0.6707415294121104
0.6920461338894048
0.6888273878581967
0.6714243382940216
0.6464801855813317
0.618196312478984
0.5891688212547762
0.5609455633396351
0.5343961700147016
0.5099570877256466
0.4877931612592108
0.4108767919076597
0.31791321623066426
0.2247209842537622
0.13675085668485387
0.05707222779745211
0.0
0.0
-0.09877530994031891
-0.2206448028164985
-0.3150497262994375
-0.4018138156489271
-0.48284819899276055
-0.5565255767735463
-0.6207395225179345
-0.6735921274952226
-0.692829182041262
-0.6883695767957217
-0.6702613987223754
-0.6449550697153865
-0.6165247572674485
-0.5874830651544415
-0.5593234395138561
-0.5328804180538297
-0.5085681290175441
-0.48653751204893814
-0.40635960849548214
-0.3127237907512159
-0.21952944552501105
-0.13181926009800804
-0.05256623665076493
0.0
0.0
0.10675958913819611
0.22598208077742582
0.31984354238676693
0.40637632994941836
0.4871254043897298
0.5603983579288524
0.6240896088633562
0.6763184287907307
0.6935768473786306
0.6879298183458092
0.669146947807887
0.6434941483072706
0.6149238297378005
0.5858686802910837
0.5577700759884482
0.5314289678335353
0.5072381247101686
0.4841191802633508
0.4013772874507604
0.3072812867884728
0.21419837048683785
0.12684166144044126
0.048101932908469994
0.0
0.0
-0.114761660860901
-0.23129436599104916
-0.32459331971374383
-0.4108823514718284
-0.49133689499078637
-0.5641988875020563
-0.6273635645928584
-0.6789673901741142
-0.6942821173323781
-0.6874698809866228
-0.668026153371939
-0.6420352339010944
-0.6133297002836745
-0.5842636014389977
-0.5562270860523093
-0.5299880720615847
-0.5059183301497072
-0.4780504341184269
-0.39443167790830197
-0.30043649413863144
-0.20781492881926528
-0.12113360275696479
-0.04323101906724769
0.0
0.0
0.12391100150816883
0.23729778387679754
0.3299215091671485
0.41591205630591427
0.4960171349615613
0.5684026168849211
0.6309644100763484
0.6805043062453512
0.6942674218749137
0.686549671402582
0.6666163858135634
0.6403997145681979
0.6116321240726613
0.5826022139295011
0.5546577186115701
0.5285394040184714
0.5046019603913137
0.4719747211449077
0.38748293107650666
0.2935952626119957
0.201442059374916
0.11544273412483834
0.03838321938117692
0.0
0.0
-0.13327307913123096
-0.24351580954404956
-0.33549341319926484
-0.42121542639657134
-0.5009955365161488
-0.5729216575396556
-0.6348896210361806
-0.6819992211425786
-0.6942792608359649
-0.6856948888879013
-0.6652919670776818
-0.6388575368118657
-0.6100285746326563
-0.5810312415356713
-0.5531727993681768
-0.5271680963693177
-0.5033555110395598
-0.46619083693550584
-0.38088487500911405
-0.2871196944847859
-0.19543100257126483
-0.11009673266084448
-0.03385221797316092
0.0
0.0
0.14217289749609413
0.24945304494574638
0.34083017335440036
0.4263069759646352
0.505786167615925
0.5772817215426738
0.6386893138078217
0.6834689853124425
0.6943256367644768
0.6849080273771805
0.6640520676602397
0.6374059656320428
0.6085153208472752
0.5795465306034873
0.5517681051286997
0.5258700654992658
0.5021751542277079
0.46064542969269057
0.37456019679572
0.28091691913096883
0.18967836813485206
0.10498613231267781
0.02952679216199708
0.0
0.0
-0.15067247158115527
-0.2551214949663041
-0.34592406907323736
-0.431165747464009
-0.510356669931367
-0.5814402040926605
-0.6423119041823622
-0.6848660749864262
-0.6943634248699121
-0.6841503710740849
-0.6628621984914943
-0.6360144519009575
-0.6070654179443099
-0.5781243909480038
-0.5504228571683796
-0.5246271195352281
-0.5010449849906313
-0.45533213477818024
-0.36849904236198416
-0.27497138837687474
-0.18416310740427627
-0.1000851926523863
-0.02537753414118385
0.0
0.0025016201614999622
0.15874306548213796
0.26083423505702097
0.3511075431089294
0.4360686224070936
0.514907242343021
0.5855129894656442
0.645786444485753
0.6861115635168898
0.6942540063210199
0.6832543553156016
0.661545039968305
0.6345075447668361
0.6055119923257933
0.5766100780276571
0.5489959967483655
0.523312210753329
0.4998515587400857
0.4500196631020919
0.3624472829827797
0.26903171979302476
0.1786473389690669
0.09517668350682867
0.021213607373325838
0.0
-0.014610794956710527
-0.16646648689174787
-0.2675677529887674
-0.3573889487470744
-0.44185216025729385
-0.5200430501470661
-0.5898511537918633
-0.6492019028326109
-0.686955183905902
-0.693559678872719
-0.681691490968104
-0.6595416322838364
-0.6323323385014471
-0.6033292644898034
-0.5745160873154386
-0.5470431721201507
-0.521525147635643
-0.49823754837090295
-0.4448790432494747
-0.35661820365890606
-0.2632474708549193
-0.17319273834891324
-0.09022980629998345
-0.01691362860873824
0.0
0.02685933192698392
0.1742629629294284
0.27435212696472316
0.36370718893569803
0.44765952350617155
0.525189539288776
0.5941868306133844
0.6526020427599725
0.6877751546902131
0.6928378454573578
0.6801000421258564
0.6575102298495564
0.6301306763399495
0.6011221082331679
0.5723998945075255
0.5450703928594294
0.5197202938016056
0.49660777008296797
0.43994338663602006
0.3510274900504319
0.25769007747361455
0.1679390367996994
0.08545066679531842
0.012743525880991466
0.0
-0.038547345836402624
-0.18165926420269526
-0.2807593155074443
-0.3696520293708392
-0.45310252627777203
-0.5299905680710402
-0.5982060038075666
-0.6557237310015877
-0.6884694626492728
-0.692084939525152
-0.6785340872675923
-0.655536268492427
-0.62800266153872
-0.5989949215187699
-0.570363951362318
-0.5431746028661579
-0.5179872402887777
-0.49504369829126654
-0.4351922958352865
-0.3456407099731477
-0.25233067150384875
-0.16286794660866713
-0.0808331732677809
-0.008709945575052822
0.0
0.049779629367034284
0.18875157249153096
0.28689330082125414
0.37533625378105095
0.4583003385581311
0.5345684563015216
0.6020307196122557
0.6586853526472753
0.6891130031094832
0.6913472628467413
0.6770212539851723
0.6536352913066487
0.6259561166733072
0.5969506843760413
0.5684082827143937
0.5413541000815106
0.5163233491537625
0.49354226104806376
0.43064235003948614
0.34048239930153545
0.24719830652227046
0.15801127335963577
0.07641045081776783
0.004845986837565611
0.0
-0.060545907811258404
-0.19555169164471722
-0.2927760016663848
-0.38078875506988286
-0.46328738134574415
-0.5389619436264174
-0.6057027918139111
-0.6615304938455546
-0.6897349903296732
-0.6906443900223325
-0.6755746521352259
-0.6518160733847194
-0.6239969109300089
-0.5949933185234442
-0.5665355056343435
-0.5396106280000433
-0.5147297793336102
-0.4921042264608458
-0.4261958155775864
-0.33544160570974274
-0.24218914482254084
-0.15327869786893
-0.07210876316758796
-0.0010963871564464156
0.0
0.07109512924589342
0.20223309872264134
0.29856623821445993
0.386161825421956
0.4682068244486319
0.5433006459926636
0.6093339799718931
0.6643493865816029
0.690352428899849
0.6899498353139779
0.6741435276864328
0.6500158535173254
0.6220579487191608
0.5930560598383484
0.5646818981788512
0.5378849601140737
0.51315245665271
0.49068083648075794
0.4213199894888679
0.3299048791793371
0.23670810564399403
0.14812766512759656
0.06745679712981846
0.0
0.0
-0.08042599344475274
-0.20839302089867495
-0.3040540828733838
-0.3913549125596636
-0.4730491019145615
-0.5476590875157715
-0.613076458329981
-0.6673637757522147
-0.6911371002773926
-0.689398872188261
-0.6728360617708423
-0.6483223751848473
-0.6202112942107394
-0.5911987410355355
-0.5628975970303669
-0.5362194314580527
-0.5116273536882777
-0.4893028131800293
-0.4163340713883046
-0.32418499425735653
-0.23099642708331372
-0.14271290060885772
-0.06252042193588721
0.0
0.0
0.08913779601388763
0.21420497332674304
0.30926701797315986
0.3963109845486524
0.4776901904525543
0.5518559642744918
0.6167008690086447
0.6703062660356887
0.6919288255670957
0.6889007704425747
0.671605953377638
0.646717259534269
0.6184556592562793
0.5894301098989988
0.5611968377186564
0.5346308750226737
0.5101721021405857
0.487987502419448
0.41157701625036924
0.3187179887587197
0.22552640113068653
0.13751625141626403
0.057771867262726026
0.0
0.0
-0.09753678911940192
-0.21981697624206964
-0.3143062204601179
-0.40110618187508773
-0.48218479931938846
-0.5559248765656645
-0.6202198585586467
-0.6731691738884956
-0.6927129450823533
-0.6884374218027189
-0.6704338528771633
-0.6451812575685464
-0.6167726749187229
-0.5877330951880272
-0.5595640352306116
-0.5331052387123082
-0.5087741446938939
-0.48672375561353376
-0.40702967793885575
-0.3134935796031348
-0.22029954493588633
-0.13255079677508735
-0.053234636574775146
0.0
0.0
0.10557541111793772
0.22519053289573185
0.31913262074441723
0.40569973127978803
0.486491135647528
0.559824082701825
0.6235928652192841
0.6759142064922922
0.6934660523474783
0.6879951120934146
0.6693122915357222
0.6437108665578392
0.6151613040642877
0.5861081439279773
0.558000484267445
0.5316442570302832
0.5074353986904886
0.4850164390267742
0.402404965089848
0.3082953580298757
0.21514552241551532
0.127690102524733
0.04882754826777118
0.0
0.0
-0.11341862459592522
-0.2304177436093836
-0.32381832516464654
-0.4101530809684135
-0.49066050050908017
-0.5635937059019465
-0.626847809984818
-0.6785564043409886
-0.6941812261628673
-0.6875543897905619
-0.668215330051405
-0.6422774650815442
-0.6135925800956662
-0.5845273238464983
-0.5564800483795337
-0.5302239574426328
-0.5061341781512638
-0.4790721766294849
-0.39559880194567415
-0.3015828489383608
-0.2088798343166331
-0.12208145250692262
-0.044035157950710335
0.0
0.0
0.12234367983463279
0.23625624157802455
0.3289885071064488
0.4150247669920301
0.4951852345820646
0.5676487570448173
0.630311195103817
0.6802620858380768
0.6942755570311268
0.6867036671078731
0.6668489935960904
0.6406683072051094
0.6119102719120252
0.5828740743659508
0.5549143078260963
0.5287761270329077
0.5048169813629482
0.47297251865861434
0.3886235831020154
0.29471744042341996
0.2024865159809035
0.11637447981650206
0.0391759287484596
0.0
0.0
-0.13173644439255766
-0.24249403364521488
-0.33457699285112885
-0.42034252218226464
-0.5001754869258294
-0.5721765965303347
-0.6342417051710885
-0.6817507350132157
-0.6942746437471208
-0.6858328883145108
-0.665507366573781
-0.6391089475700468
-0.6102902891088773
-0.5812878068989089
-0.5534154108606005
-0.5273922073775095
-0.5035592556952773
-0.46713965497551
-0.38196697392210843
-0.28818124119785216
-0.19641589579597069
-0.11097212817650018
-0.034593589804981104
0.0
0.0
0.1407140784825674
0.24847946925545136
0.33995484202803816
0.42547171370720943
0.5050001391682566
0.5765662079810108
0.6380656216287222
0.6832275691928795
0.6943177702847846
0.6850368895236397
0.6642552812061225
0.6376439299505645
0.6087634264727613
0.5797899729122197
0.5519984371886086
0.5260829136726392
0.5023687102892803
0.461555812087152
0.3755985669456855
0.2819352934629464
0.1906228477746526
0.10582520773417695
0.030236959068943386
0.0
0.0
-0.14927721451020656
-0.2541910299042902
-0.3450879444465936
-0.43036823760074483
-0.5096064956187011
-0.5807576767254109
-0.641717354961774
-0.684636827513554
-0.6943572948432152
-0.6842748031837602
-0.6630575697854647
-0.6362429158366804
-0.6073034601882252
-0.5783578704548298
-0.5506437102444541
-0.5248311757111648
-0.5012305253800474
-0.4562042381197118
-0.36949390296255497
-0.2759472861170643
-0.185068398011783
-0.10088966521623727
-0.026058640624895144
0.0
0.000508686051256535
0.15746883038805407
0.25972128448232734
0.35006781038417556
0.4351098907499034
0.5140544083371209
0.5847909666651967
0.6452160645116701
0.6859673347303064
0.6943648035894969
0.6835093604501122
0.6618733822775068
0.6348647067141983
0.605870746032087
0.576954454496365
0.5493172835143251
0.5236063048975358
0.5001172243763694
0.45103353168140603
0.36359727066640746
0.2701625052117509
0.17970107166188215
0.09611875260194368
0.022017798997540486
0.0
-0.01231879665768651
-0.1650164196433916
-0.266311245275255
-0.35622252374096297
-0.4407835185968124
-0.5190996764755279
-0.5890605105371699
-0.6485867186078711
-0.68681587058729
-0.693704218198213
-0.681995633226535
-0.6599260059187428
-0.6327471673184591
-0.6037441797703059
-0.5749133500386515
-0.5474131758737161
-0.5218634453241152
-0.4985428956826528
-0.4458087157206458
-0.35767233009114874
-0.2642961703980092
-0.17418492340350794
-0.09113313306368748
-0.01770260283913866
0.0
0.024628822092078034
0.17284515577134824
0.2731196970170938
0.3625604399404092
0.4466064428942556
0.5242572919951245
0.5934025639282107
0.6519883062867342
0.6876294146837321
0.6929716336277395
0.6803913664562563
0.6578811254593099
0.6305322166974959
0.6015244127348367
0.5727854802772908
0.5454297632302528
0.5200490212436252
0.49690457635037333
0.4408419099676952
0.35204535757668354
0.2587020036948353
0.16889579467511692
0.08632113292892757
0.013503198650206605
0.0
-0.03642484946480237
-0.18031788433626988
-0.2795984617813053
-0.3685757952382896
-0.45211794627372126
-0.5291229659198804
-0.5974806517985041
-0.6551614921149035
-0.6883465284800778
-0.6922238045021897
-0.678819918040343
-0.6558957318435699
-0.628389789212662
-0.5993816877098049
-0.5707340044231847
-0.5435191065284093
-0.5183021242793151
-0.49532784934325996
-0.43605549776982844
-0.34661950549446285
-0.2533045985571126
-0.16378958496986504
-0.08167247747468089
-0.009443220331625132
0.0
0.047738381157689774
0.18746276379980348
0.2857786770174066
0.37430337610529796
0.4573558574647569
0.5337366267655844
0.6013357497441885
0.6581472123708895
0.6889959982763785
0.6914811933187252
0.6772960163085234
0.6539805762387353
0.626327854651793
0.5973220101132088
0.5687635244711787
0.5416847918121295
0.5166255941552605
0.4938149973730246
0.4314686126583123
0.34141909670895626
0.24813026011973133
0.1588931364557133
0.0772134900539212
0.005547542712919143
0.0
-0.05859075794931501
-0.1943167185983435
-0.2917075928653413
-0.3797984427772377
-0.4623815745956253
-0.5381639102033486
-0.60503575657766
-0.6610136242101646
-0.689621911137937
-0.6907719491618708
-0.6758373015369417
-0.6521464091250735
-0.624352681167206
-0.5953487629766774
-0.566875594199737
-0.5399272382814817
-0.5150191695918774
-0.49236537290789506
-0.42707569559379527
-0.33643924677568415
-0.24317594216680732
-0.15420543253488755
-0.07294512563001472
-0.0018189397424287906
0.0
0.06898217521665989
0.20088025133347576
0.297385722375206
0.3850613861249057
0.4671952778381991
0.5424047176539243
0.6085802434850272
0.6637599334872212
0.6902221779927393
0.6900933158562716
0.6744407455587069
0.6503901726944243
0.6224613241067212
0.5934591933696157
0.5650676901020425
0.5382441640827593
0.5134808072199669
0.4909771590373776
0.42233672836317426
0.33106578745882587
0.23786435056659194
0.14922139346070307
0.06845172676269434
0.0
0.0
-0.07865377249544642
-0.20720862431131631
-0.3029904018531846
-0.39034259931895543
-0.4721001143575624
-0.5467998426203204
-0.6123331887440232
-0.666758903400104
-0.6909710818268819
-0.6894962278701733
-0.6730830741036614
-0.6486462478089289
-0.6205662346796241
-0.5915566809991128
-0.5632420165937322
-0.5365412598729906
-0.5119222575268298
-0.48956941050219394
-0.4173113913163383
-0.32530777592446314
-0.2321186524136779
-0.14377771207688028
-0.0634920285137283
0.0
0.0
0.08742483430808962
0.21306205332325204
0.30824182034886227
0.39533625893651547
0.47677737903594114
0.551030488476471
0.6159879579815206
0.6697274517076867
0.6917730745288623
0.6889987337431974
0.6718479060846594
0.6470329787391278
0.6188009874098012
0.5897779956773229
0.5615313740233232
0.5349433416857255
0.5104583482219776
0.488246222515011
0.41250899788764045
0.3197891439650744
0.22659845035694612
0.13853506798289378
0.058703196670755436
0.0
0.0
-0.09588800357723165
-0.21871488426199087
-0.3133163545657782
-0.40016404917841436
-0.48130153410632703
-0.5551250632851911
-0.6195279109615266
-0.672605961492298
-0.6925580694819352
-0.688527622916654
-0.6706633302114192
-0.6454822811825416
-0.6171026378858886
-0.5880658803175121
-0.5598842696706996
-0.533404480213678
-0.5090483586816604
-0.4869716537365447
-0.40792150251213644
-0.3145181089039864
-0.22132447342718115
-0.1335243885269637
-0.054124187419219705
0.0
0.0
0.10399932790131008
0.22413700586055088
0.31818639645920915
0.40479918503217927
0.4856469258079029
0.559059719923594
0.6229316930376669
0.6753761767208427
0.6933185778235301
0.6880820140803622
0.6695323615869233
0.6439993171030463
0.6154773815947321
0.586426869643168
0.5583071575586794
0.5319308069788344
0.5076979704757747
0.48575088055102145
0.40352637949795933
0.3094685702619406
0.21627269633181434
0.1287254108640003
0.049739241143391344
0.0
0.0
-0.11176429127134749
-0.22932664811988812
-0.32284697220727326
-0.40923442237480157
-0.4898043786115414
-0.5628236155865672
-0.6261870840614958
-0.6780248275988621
-0.6940437762196614
-0.6876529744288361
-0.6684475526073637
-0.642577824019043
-0.6139199153653179
-0.5848564469892887
-0.5567961730528115
-0.5305190030236555
-0.5064043249309524
-0.48032829206460087
-0.3970353376795422
-0.30299670663816547
-0.21019640007299786
-0.123256630194191
-0.045035742385553273
0.0
0.0
0.12043707205678131
0.23499893442169079
0.32786850472263096
0.4139643774166222
0.4941955317705051
0.5667566398146555
0.6295434545798102
0.6799883746368126
0.6943020372989314
0.6869043293688543
0.6671428165512848
0.641003999559636
0.6122560931219687
0.583211055789167
0.5552317489398063
0.5290686124516814
0.5050824132780113
0.47419457930638126
0.3900213290677507
0.2960937821941742
0.20376887812024175
0.1175198640488117
0.04015190055810572
0.0
0.0
-0.12985226857168491
-0.2412422549750176
-0.33345489270183615
-0.419274084479697
-0.4991720532093169
-0.5712652133244062
-0.6334494507825411
-0.6814469607663184
-0.6942691029374813
-0.6860017522401078
-0.6657708780039305
-0.639416489988502
-0.6106104238146489
-0.5816016364196938
-0.5537121680937996
-0.5276663327528087
-0.5038084680495502
-0.46829743138920327
-0.3832871197558893
-0.2894761375755571
-0.19761713131569122
-0.11203966193373285
-0.03549752993618385
0.0
0.0
0.1389333066716249
0.2472906468558717
0.33888575052996095
0.42445139406741905
0.5040398090141865
0.5756918723658926
0.637303317566708
0.6829321958359482
0.6943076870561841
0.6851938459477379
0.6645030919799686
0.6379342264049792
0.609066148582573
0.5800870354614314
0.5522795198856636
0.5263426712742936
0.5026049310442169
0.4626677387278221
0.3768667808707677
0.28317900835059323
0.19177623021838133
0.10684978028086552
0.031104025244685765
0.0
0.0
-0.14757391496074435
-0.25305523958234544
-0.344067379148824
-0.4293948567089629
-0.5086909390878082
-0.5799247342702577
-0.6409918397073315
-0.6843572251039526
-0.6943500352378106
-0.6844269015191704
-0.6632962436293333
-0.6365219663601501
-0.6075941845369142
-0.5786430080785694
-0.550913419348877
-0.5250803669718512
-0.5014571020595359
-0.45726929082493717
-0.37070889811711377
-0.2771391485211603
-0.18617405423758282
-0.10187221621998445
-0.026890545123064796
0.0
0.0
0.1558509664106566
0.25857511038796926
0.3490276736494353
0.43412615675287536
0.5131415132467266
0.5839740897405242
0.6445193628892028
0.6857178125554914
0.6943870804915696
0.6836894175319324
0.6621379005488084
0.6351672642072482
0.6061826093109345
0.5772584461875541
0.5496037078861643
0.5238702491816764
0.5003567786665037
0.4520990197266252
0.36481099813199036
0.27135375281491314
0.18080731135006933
0.09710321269769795
0.02285293919728175
0.0
-0.009890223209409493
-0.16346747250093932
-0.26496084876840265
-0.3549628155750044
-0.4396236725630029
-0.5180697458240384
-0.5881905586416917
-0.6479018246984701
-0.6866467439262905
-0.6938435156811493
-0.6823091070502578
-0.6603278238423395
-0.6331834339649753
-0.6041819504274224
-0.5753333208232547
-0.5478048327792953
-0.5222218562297064
-0.49886659872561234
-0.4467792195525929
-0.35877268469734225
-0.2653917949562575
-0.175222652178685
-0.09207916382037094
-0.0185302159274639
0.0
0.022270142520101427
0.1713401879324745
0.2718079088007758
0.3613372298431772
0.44548070271683854
0.5232581469387092
0.5925591328729357
0.6513248594803241
0.6874656951359877
0.6931067401664263
0.6806952228837683
0.6582705672809884
0.6309550242049763
0.6019486660158395
0.5731924764167078
0.5458093160303688
0.5203963528807843
0.49721827134518026
0.4417900304805642
0.3531188894528269
0.2597687938208186
0.16990396856155682
0.0872379302524196
0.014302853176429459
0.0
-0.0341902915953933
-0.1789060947479631
-0.2783769896267988
-0.3674436360630918
-0.451082489262403
-0.5282108525118018
-0.5967184632909287
-0.6545711618954639
-0.6882185855519958
-0.6923713546505252
-0.6791220606723107
-0.6562752650670148
-0.6287983251239961
-0.599789730325316
-0.5711243491356732
-0.5438824609577999
-0.5186342132610557
-0.49562751017368545
-0.43696694140134407
-0.34765322795069603
-0.2543333542866741
-0.16476326915950126
-0.08255933255131902
-0.010218192866727982
0.0
0.04558297090484176
0.18610224250498106
0.2846022668296206
0.37321341395426255
0.45635933549952334
0.5328591293475717
0.6006028111895974
0.6575798911959388
0.6888730254672688
0.6916229667951221
0.6775863526139965
0.6543452855540219
0.6267204368740252
0.597714119938282
0.5691386283971079
0.5420339598587858
0.5169447178117641
0.4941029591630015
0.43234045782475305
0.34240745090676733
0.24911362515028912
0.1598236712746883
0.07806087708955432
0.006287871342621168
0.0
-0.05652725970257
-0.1930132127826514
-0.29057983123315656
-0.3787530670331618
-0.46142535530759027
-0.5373214105520903
-0.6043314949690503
-0.6604678372832686
-0.6895023557083286
-0.6909064139583416
-0.6761143769807934
-0.6524949473013912
-0.6247280826170944
-0.5957238354498025
-0.5672344714582456
-0.5402613454382913
-0.5153245557706041
-0.4926409562251291
-0.4279110062743146
-0.33738613463872946
-0.24411793181361968
-0.15509668331033583
-0.073756602160018
-0.002527750747414584
0.0
0.06700672836711932
0.19963253213887253
0.29630634097480046
0.38406094941386426
0.4662802581396477
0.541598620822389
0.6079065310769437
0.663237966574018
0.6901081715504601
0.6902224226038828
0.6747063218546493
0.6507241159512985
0.622820945423153
0.5938184668299947
0.5654114314135106
0.5385641683233074
0.5137732954968343
0.4912410984916424
0.423240511610566
0.3320905976705655
0.238877219725443
0.15017162455131317
0.06930822208707232
0.0
0.0
-0.07709925658283481
-0.2061658959106566
-0.30205167171637576
-0.38944765404229864
-0.4712598030765197
-0.5460376570367718
-0.6116724553696486
-0.6662196023016027
-0.6908210644238284
-0.6895799528877915
-0.6732997324275335
-0.6489312950951681
-0.6208790591023394
-0.5918723800941611
-0.5635459246693675
-0.5368253152487282
-0.5121825992297959
-0.4898047955076014
-0.41818892709015176
-0.32631637608334085
-0.2331264436224515
-0.14473347248422985
-0.0643635907360961
0.0
0.0
0.08589276602182266
0.21204084856941088
0.30732645811848686
0.39446646704522786
0.4759633284336989
0.5502948562730411
0.615353242327699
0.6692128368995848
0.691636254972082
0.6890883842476117
0.6720659900166228
0.6473167628783494
0.6191110323467881
0.5900901483362266
0.5618314390783798
0.535223544804453
0.5107149966368231
0.48847816465042265
0.41334313926015254
0.32074799930314946
0.22755835081361464
0.13944756542747883
0.05953760350068872
0.0
0.0
-0.09440998798060227
-0.21772663766324252
-0.3124285335786409
-0.3993188716390664
-0.4805089965984727
-0.554407219922175
-0.6189066660512983
-0.6721000453533107
-0.6924183266013201
-0.6886076875818345
-0.6708683463909635
-0.6457515216894802
-0.6173978978050629
-0.5883637378168804
-0.5601709355702618
-0.533672379140572
-0.509293867342302
-0.48719361144550744
-0.4087195585402154
-0.31543480783500805
-0.22224143425049261
-0.1343953299447001
-0.05491986045257363
0.0
0.0
0.1025888965918954
0.22319410465737888
0.3173394740697911
0.40399311174863767
0.48489124989373045
0.5583754895906332
0.6223398065575705
0.6748944967754379
0.6931865246436403
0.6881597772005418
0.6697293395332158
0.6442575121154136
0.6157603110531594
0.5867121723612014
0.5585816733443534
0.5321873105224885
0.5079330107188931
0.48596335784292066
0.4042919375199968
0.3103481845253015
0.21715274279186375
0.1295614542369607
0.05050318810903953
0.0
0.0
-0.11041219170039113
-0.22842312766886902
-0.32203564977580335
-0.4084623898408135
-0.48908075714831084
-0.5621685543765573
-0.6256205882573088
-0.6775639919546246
-0.6939177457770604
-0.687727847522875
-0.6686365587814547
-0.6428254196484565
-0.6141911631564515
-0.5851299344037787
-0.5570592996109899
-0.5307648521085989
-0.5066295944105691
-0.48135235364740686
-0.39820826584575986
-0.3041541475112652
-0.21127750827838726
-0.12422511729352555
-0.04586407942182026
0.0
0.0
0.11890382961632057
0.2339981138846542
0.3269836776327016
0.4131317277733447
0.4934232270384774
0.5660656164075702
0.628954509234276
0.679790427497773
0.6943408788570835
0.687079798286352
0.6673905891728271
0.641283425912488
0.6125420830628504
0.5834886766279805
0.5554926370672226
0.5293085974488718
0.5052999514872698
0.4751860287118468
0.3911560684985856
0.29721243980955414
0.20481256154549
0.11845353767638228
0.040949048714081435
0.0
0.0
-0.12832136870032065
-0.24022632530111435
-0.332544845723708
-0.4184079572182877
-0.49835894638474876
-0.5705270043394282
-0.6328080471313278
-0.6812010976001551
-0.6942647255763438
-0.686138589356514
-0.6659843459915887
-0.6396656024374979
-0.6108697238312423
-0.5818558225083893
-0.5539525223754852
-0.5278883541431818
-0.5040103101187409
-0.4692322188024791
-0.38435272565336887
-0.29052117636645003
-0.19858641522175535
-0.11290090060215054
-0.03622662616287971
0.0
0.0
0.13749480528722632
0.24632991599234932
0.3380215323630292
0.42362642620181606
0.5032631848746788
0.5749846275405897
0.6366865144369195
0.6826928814908934
0.6942990369068025
0.6853202727616698
0.6647030095297478
0.6381685327290361
0.6093105408809816
0.5803268905641292
0.5525064914483513
0.5265524347296072
0.5027956950573976
0.4635666138517503
0.37789196106004613
0.28418430323920113
0.19270841815325315
0.1076777644885959
0.03180461954274444
0.0
0.0
-0.14619786729115863
-0.25213777332314313
-0.3432430592404623
-0.4286087024767555
-0.5079515397198294
-0.5792521103562422
-0.6404060299396765
-0.6841316139361637
-0.694344406128836
-0.6845499821078596
-0.6634892392430072
-0.6367475578688985
-0.6078291868106794
-0.5788734794754237
-0.5511314112673497
-0.5252817698864275
-0.5016402238048147
-0.4581301458312733
-0.3716909747657989
-0.27810255446960486
-0.1870678056135392
-0.10266648416122143
-0.027563063885627084
0.0
0.0
0.15453002144138495
0.25769412828788907
0.34823595676083
0.43337095124428465
0.5124310767546633
0.5833276541284778
0.6439561803138331
0.6855004392347371
0.6943809343705297
0.6838068903300234
0.6623225546229533
0.6353832735727784
0.6064077137670377
0.577479257719758
0.5498125910587705
0.5240632538435794
0.5005322754125818
0.45292327390542964
0.36575121214407547
0.2722760033158489
0.18166279820533054
0.09786339133396763
0.023496507254614857
0.0
-0.008006529804491486
-0.1622629664596314
-0.2639087286655376
-0.35397985956423983
-0.4387172469224827
-0.5172633910899236
-0.587507831522727
-0.6473624238635305
-0.6865102440249058
-0.693948133920753
-0.6825500745726424
-0.6606381380649131
-0.633521006586963
-0.6045210388561296
-0.575658826710128
-0.5481085182105644
-0.5224998412698351
-0.49911771404226946
-0.4475284010950262
-0.3596220868369512
-0.2662377781414503
-0.17602421640922808
-0.09281020608423804
-0.01917008373820156
0.0
0.020441829496724295
0.17017222206533184
0.2707889831451149
0.36038646616230346
0.44460510313978213
0.5224803860016719
0.5919018832356452
0.6508070386687672
0.6873364263722685
0.6932099012658965
0.6809297214830969
0.6585717617066632
0.6312823180310749
0.6022772373552056
0.573507774780009
0.5461034102454806
0.5206655158535087
0.4974613901855141
0.44252446395462364
0.3539503411200344
0.26059490698106225
0.17068457734885606
0.08794767778479105
0.014921802009110377
0.0
-0.03246061441713621
-0.177813390162985
-0.27743166637801736
-0.36656750227049395
-0.4502812603867038
-0.5275051457488523
-0.5961288478008754
-0.6541146076517306
-0.6881199176896681
-0.6924859022637311
-0.679356238758398
-0.6565693157509251
-0.6291147952425216
-0.6001057906685997
-0.5714266849289025
-0.5441638819532861
-0.5188914127188526
-0.49585959040993904
-0.4376731097439106
-0.3484541909606164
-0.25513051208687015
-0.1655177930670615
-0.08324660930403113
-0.010818803210206049
0.0
0.04391298055401344
0.18504821460020082
0.2836909317783236
0.37236908998276785
0.45558743260741535
0.5321794633619115
0.6000351590257103
0.6571405618213099
0.6887778890073135
0.691732898152961
0.6778113531728261
0.6546278865023868
0.6270246188094151
0.5980179267408512
0.5694292536985335
0.5423044871506826
0.5171919653683086
0.49432606212502095
0.43301579965845266
0.34317303753845996
0.24987535110653997
0.16054448010652866
0.0787172846723806
0.0068613559631955645
0.0
-0.054928728819778505
-0.19200340222859394
-0.28970615202713335
-0.37794320024486755
-0.4606845474649277
-0.5366686914940993
-0.6037858599791582
-0.6600449648176674
-0.6894096879853501
-0.6910105396279018
-0.6763289872963616
-0.6527649239434306
-0.6250188741903993
-0.5960143758358386
-0.5675124687611126
-0.5405201563623319
-0.5155611192499844
-0.4928544338217075
-0.4285580714323165
-0.3381196277137515
-0.24484762577628072
-0.15578706857705665
-0.07438518746930543
-0.003076804417714296
0.0
0.06547650993614146
0.19866602630114497
0.29547023358114427
0.38328599489293874
0.46557147010491146
0.5409742073548882
0.6073846659089015
0.6628336470906684
0.690019866835513
0.6903224381815203
0.6749120491518437
0.6509828011947005
0.6230995208700885
0.5940967722700579
0.5656777048041176
0.5388120539990328
0.5139998662915711
0.4914455543753066
0.4239406218734911
0.33288446205674593
0.23966183484293355
0.15090771802804334
0.0699717040976621
0.0
0.0
-0.07589506520147438
-0.2053581578922683
-0.30132449592504823
-0.3887543964368624
-0.47060886768386856
-0.5454472413484897
-0.611160628912133
-0.6658018423061167
-0.690704857715525
-0.6896448114520904
-0.6734675658122888
-0.649152104883987
-0.6211213858934753
-0.5921169335382281
-0.563781344198466
-0.5370453560049104
-0.5123842703769979
-0.489987134167545
-0.41886869839984686
-0.3270976746825521
-0.23390711577203938
-0.1454738398874516
-0.06503873534799368
0.0
0.0
0.08470596669708114
0.21124978333191619
0.3066173822853644
0.39379269151883783
0.47533273205974547
0.5497250056507669
0.6148615654318005
0.6688141946687689
0.6915302678827379
0.6891578298766989
0.6722349253397665
0.6475365922757012
0.619351204495857
0.5903319533072715
0.5620638806053607
0.5354406005749495
0.5109138060793247
0.48865783570116206
0.413989296270472
0.32149076425570894
0.22830192519749273
0.14015441952978305
0.060183965583948076
0.0
0.0
-0.0932650624094016
-0.21696110522343626
-0.31174079451457415
-0.39866416576190233
-0.4798950676397353
-0.5538511518204237
-0.6184254266993914
-0.6717081439535386
-0.6923100766601957
-0.6886697087567151
-0.671027159660796
-0.6459600855099186
-0.6176266172240497
-0.5885944694102094
-0.5603929977254245
-0.533879903691892
-0.5094840475521216
-0.48736554820427186
-0.4093377629542852
-0.3161449175716064
-0.22295174688341635
-0.13506999422187638
-0.055536219002344886
0.0
0.0
0.10149632326323499
0.22246369785900005
0.3166834161152463
0.4033686970762495
0.48430587494382105
0.5578454590980672
0.6218813091077341
0.674521369471108
0.6930842313738649
0.6882200155197901
0.6698819261321659
0.6444575197481542
0.6159794789106369
0.5869331786280062
0.5587943236414883
0.5323860078539917
0.5081150817656567
0.48612795077473425
0.4048849675775697
0.3110295668425147
0.21783445991242134
0.13020908491812289
0.05109497020694104
0.0
0.0
-0.10936480439839963
-0.2277232266524008
-0.321407168814082
-0.40786434430915436
-0.48852021265206336
-0.5616611192327505
-0.6251817592121318
-0.677207011250003
-0.693820117809532
-0.6877858470137569
-0.6687829700631038
-0.6430172165345633
-0.6144012819017544
-0.5853417880483857
-0.5572631273479539
-0.530955296065389
-0.5068040966309145
-0.4821456303054465
-0.3991168601598788
-0.3050507447803168
-0.21211497538482016
-0.12497534384744186
-0.04650574045747072
0.0
0.0
0.11771612231151424
0.23322284062438003
0.32629825726176026
0.41248672601619235
0.49282497072084885
0.5655303236637417
0.628498289999375
0.6796370901937834
0.6943709669923831
0.687215723117757
0.6675825231752844
0.641499880086735
0.6127636216393214
0.5837037321827542
0.5556947308336546
0.5294944988635446
0.5054684647748224
0.47595404276441355
0.39203508040278157
0.298078994134213
0.20562103803881027
0.11917679643701552
0.04156654970218841
0.0
0.0
-0.12713547600476066
-0.23943934791692112
-0.3318398890644076
-0.417737022426419
-0.4977290832206987
-0.5699551598631429
-0.6323111917126982
-0.6810106427362086
-0.694261334710527
-0.6862445885425464
-0.6661497063359638
-0.6398585743236518
-0.6110705873906523
-0.5820527246264462
-0.5541387098547549
-0.5280603402742842
-0.5041666645875865
-0.46995634033661193
-0.3851781841120809
-0.29133070277014406
-0.19933725903905924
-0.11356804850969707
-0.03679141155885508
0.0
0.0
0.13638048793789082
0.2455856976818781
0.3373520764219558
0.4229873750222001
0.5026615825658485
0.5744367690613651
0.6362087155011464
0.6825074995849563
0.6942923361742764
0.685418207732337
0.6648578731923313
0.6383500352314285
0.6094998563590537
0.5805126913596005
