0.0
-0.13199999999999995
0.0
-0.3427131733333334
-0.11852016583111107
-0.19590341660368576
-0.016164508631181518
-0.22658803931981358
0.0
-0.24431041789150504
-0.020408008496492214
-0.3053168197412948
-0.11332227238510428
-0.5029561556504711
-0.4558761187731
-0.6631415747357232
-0.6750535379477182
-0.7200549397222767
-0.6880978810977614
-0.6369412640665619
-0.5797180565331925
-0.5203123837905222
-0.460703711494813
-0.40245992754761845
-0.3470107238404391
-0.2956691911640064
-0.24960471808003995
-0.20981048743812886
-0.1770753328616083
-0.151962523828744
-0.13479634006502228
-0.10014246198947499
-0.0012277574961100449
0.17634266318882189
0.29842022243768773
0.4383928083601758
0.5586813675823499
0.6595765247042182
0.7424942219904364
0.7731050704006625
0.7718626562018063
0.7520709463117305
0.7222908940266258
0.6879482653469887
0.6524063775432757
0.6176805762907275
0.5714248531530067
0.4657257658158985
0.3493796861581249
0.2352926855009036
0.12868010384564915
0.032876308530467524
0.0
0.0
-0.07889651349153431
-0.211810764188533
-0.3126387391081339
-0.40555958334596665
-0.4931675649940114
-0.5737464875085592
-0.644941686170373
-0.7045826403332398
-0.7341963692558169
-0.7340317418583537
-0.7164835784722788
-0.6895321517066605
-0.6582391466693885
-0.6257458281363945
-0.5939379081126398
-0.5638873987392945
-0.5361453722523842
-0.5109351595679269
-0.4882791618853055
-0.4304152472309611
-0.33459376905121174
-0.233998559339188
-0.13790537616819687
-0.05037074265229574
0.0
0.0
0.12000128819965294
0.2475284840859226
0.34741127085768
0.4388849087275155
0.5236268977363201
0.599881353689771
0.6654678206995647
0.7092514382062391
0.7184263428000042
0.7069982964566295
0.6840257234099492
0.6552913098851967
0.6244179831649729
0.5936127930786566
0.5641617495635586
0.5367581055026961
0.5117193648697042
0.48913004743892946
0.4109577502425554
0.3185492359599177
0.22622222542662868
0.13909380185930045
0.06014655768641182
0.0
0.0
-0.08586476390361777
-0.21355519997066302
-0.309577372800128
-0.39719201581859725
-0.4790087360059151
-0.5535246234968566
-0.6186360995472648
-0.6724218112027871
-0.6929361051138354
-0.689217845606364
-0.6715064206414625
-0.646378674514591
-0.6179919139972088
-0.58891305752451
-0.5606707148900748
-0.5341219029562548
-0.5096948622607704
-0.4875491563714814
-0.4057079272987521
-0.31091960239380184
-0.21679705286490586
-0.12833913991781112
-0.0485211890784156
0.0
0.0
0.10154019379897888
0.22225463421909258
0.3163835934931079
0.403026583845263
0.4839461976575596
0.5574875386769673
0.6215424700574856
0.6742172706910167
0.6930627399012539
0.6883644836842455
0.6701171507496515
0.6447357098838635
0.6162708914631984
0.5872198794697668
0.5590660402748928
0.532637380466691
0.5083438482387889
0.4863337545595057
0.40794622808393477
0.3145088324553261
0.22114194014152438
0.13315076604536907
0.053571577502192824
0.0
0.0
-0.10358895718370248
-0.22448526109279499
-0.3188961204538657
-0.4057710944482492
-0.4868377408180871
-0.5604326063632936
-0.6244469872542158
-0.6769906212657457
-0.6945365995691674
-0.6890165559834145
-0.6702614774740424
-0.6445773552523434
-0.6159425273841045
-0.5868062400739978
-0.5586202487084049
-0.5321918324726734
-0.5079174525388389
-0.48593673668248905
-0.4051673148929133
-0.31136201305469163
-0.21812076719073573
-0.13042336585708658
-0.051228198111795506
0.0
0.0
0.10751839280070069
0.22665870871326105
0.32055206532858194
0.4071195096581416
0.4878825407865771
0.561144305664693
0.6247993943636718
0.6769688095957188
0.6938539756809667
0.687977143045697
0.6690580480167497
0.6433294864711299
0.614721948439053
0.5856536764282539
0.5575565820463418
0.5312254647599944
0.5070491391016746
0.48450036531109114
0.40177415153821117
0.307572562972068
0.2143567260230076
0.1268628553291009
0.047989896683248906
0.0
0.0
-0.11363693001588876
-0.23062788477308227
-0.32404800855166166
-0.41040172194669144
-0.4909212930138851
-0.5638584521483984
-0.6271081485663985
-0.6788042765741666
-0.6943130321964085
-0.6876127894394177
-0.6682283686532532
-0.6422634565182609
-0.6135633736866464
-0.5844904880356866
-0.5564403286593367
-0.5301842482274166
-0.5060961693308056
-0.4799739656698493
-0.39661785682635
-0.3025246420774552
-0.20968467891306974
-0.122722079515383
-0.04449570369964882
0.0
0.0
0.12025819462054887
0.2349859100971409
0.32792333840972226
0.414064834818488
0.49433416939289626
0.5669281996023104
0.6297423793330704
0.6801500460693778
0.6944350548110878
0.6870149375776401
0.6672356184433273
0.6410824430153067
0.6123228043300228
0.5832680690197362
0.55528066598702
0.5291107142004675
0.5051187385512342
0.47503609924203694
0.3909769954296771
0.29699722502276216
0.20456617597933935
0.11818403927038187
0.0406654877809734
0.0
0.0
-0.127926071140206
-0.2400838239509184
-0.33249194328945864
-0.4184113635466107
-0.49841119506765347
-0.5706247824047774
-0.6329477651006165
-0.6813448589373551
-0.69440471442335
-0.6862704022117748
-0.6661057600525125
-0.6397757632692628
-0.6109686125816898
-0.5819439091099949
-0.5540305421604987
-0.527957166063145
-0.5040708086702628
-0.46985470149315395
-0.3850575172162573
-0.2911918254626624
-0.1991842895457927
-0.11340602278456907
-0.03662564583335591
0.0
0.0
0.1361430212058954
0.2455324359020915
0.33736789960140284
0.42304695298611905
0.5027573979784752
0.5745641911040632
0.6363630059664221
0.6826300467660988
0.6943911165977564
0.6854988937379403
0.6649245494549888
0.6384056849503323
0.6095466921883987
0.5805523815487246
0.5527161358557426
0.5267438799078628
0.5029683435582322
0.4646422987924308
0.3791097694443776
0.2853569233958021
0.19377128525193682
0.108595694849599
0.03255292496870654
0.0
0.0
-0.1442854088442311
-0.2509278074931469
-0.34219553926928115
-0.42763744515471913
-0.5070629334133496
-0.5784689849589711
-0.6397511612120804
-0.6839197597290237
-0.6944003115144802
-0.6847598737992358
-0.6637801035580988
-0.6370732999854627
-0.6081613992329967
-0.5791952961596154
-0.5514334259952839
-0.5255593343101822
-0.5018916665021818
-0.45952077735414554
-0.3732718509372066
-0.2796380124533492
-0.188474631507163
-0.10389785192991517
-0.02858514043804415
0.0
0.0
0.1522327178568494
0.25620901896797327
0.3469299756993077
0.4321453406817779
0.5112962233497694
0.5823134215542056
0.6430924018227601
0.6851971436707153
0.6944179014466372
0.6840409935260524
0.6626617969099861
0.6357694427513773
0.6068048116986909
0.5778657951981113
0.5501764689666534
0.5243983731049047
0.5008363012025009
0.45449584695606454
0.3675414858353324
0.27402178568198793
0.18327035718215878
0.09927915568744507
0.024681252256237643
0.0
-0.004176139022396469
-0.15985185096038732
-0.26182693402936513
-0.35205241679701016
-0.4369558403896445
-0.5157129156409377
-0.5862131705419175
-0.6463605749376888
-0.6862893454594868
-0.6941927353712788
-0.683056091703924
-0.661275231889488
-0.6342074665305726
-0.6052070396556616
-0.576315290002072
-0.5487197224976206
-0.5230585362484559
-0.49962190593234285
-0.4492953493140488
-0.36162362387194635
-0.26821131270835996
-0.17787046718442356
-0.09446883241977726
-0.020594878489212723
0.0
0.016074941204314575
0.16742400067932986
0.26841745616630386
0.35819222626660163
0.44260138609047506
0.5207182284201252
0.5904322717274935
0.6496719432560298
0.6870896926520174
0.6934924980794547
0.6815093898643546
0.6593001873658572
0.6320665384457913
0.6030605818361191
0.5742571850177295
0.5468010280483668
0.5213031218481954
0.4980367447617723
0.4443244476343201
0.35598737099384653
0.2626138540849887
0.17258642237646946
0.08967060258888679
0.016417578408647146
0.0
-0.02801881698413397
-0.17501600736525502
-0.27501694536895804
-0.3643331869278311
-0.4482411615146597
-0.5257114459162076
-0.5946336269874628
-0.6529607247405195
-0.6878744068872197
-0.6927813559003713
-0.6799550096056359
-0.6573196762930034
-0.6299216687832577
-0.6009112411961474
-0.5721969385275726
-0.5448807163919483
-0.5195464654320208
-0.4964506136796568
-0.43950516786394417
-0.3505301007064995
-0.2571919830000395
-0.16746395060702557
-0.0850140540862974
-0.012357822355641757
0.0
0.03947362390078096
0.18225633714938577
0.28128357064629544
0.37014357432573486
0.45355729050598687
0.5303965956983412
0.5985513459190595
0.655998348586482
0.6885407598035811
0.6920344555360808
0.6784146370743211
0.6553816385774826
0.6278340842093563
0.5988253915321047
0.5702010983032199
0.5430225975299471
0.5178480555837448
0.49491793938225614
0.4348363645698924
0.34523652211263184
0.2519260787395331
0.1624822898319379
0.08047902700673674
0.00839740248933378
0.0
-0.05054397670508681
-0.1892422075559071
-0.2873228102090898
-0.37573804473903744
-0.4586712291894657
-0.5348987398369204
-0.6023106970303107
-0.6589069028766588
-0.6891688242236504
-0.6913039164567512
-0.6769218432187273
-0.6535073804703889
-0.6258170193252893
-0.5968109889253389
-0.5682741983109534
-0.5412290134642181
-0.5162088542725848
-0.4934388368557073
-0.43034678135416815
-0.3401468882956956
-0.2468628098048977
-0.15769187078074917
-0.07611755288682173
-0.004587925395228246
0.0
0.0611919411599639
0.19596535410932628
0.29313747899858544
0.3811264399302041
0.4635986748691081
0.5392387230636548
0.605936941739073
0.661715233187361
0.6897807179241404
0.6906069837123229
0.6754902916275624
0.6517078910072862
0.6238794323620673
0.5948754233991447
0.5664223974331011
0.539505141311786
0.5146332443743017
0.49201703813617403
0.4259144481623764
0.3351222751736224
0.24187219148177685
0.15297977504934565
0.07183765099033092
0.0008607281697257246
0.0
-0.0717345438233167
-0.20264807691364714
-0.29893179974961537
-0.38650500643119906
-0.46852445397790476
-0.5435841911655316
-0.6095749560765772
-0.6645406672100083
-0.690398844185603
-0.6899096688540981
-0.6740545112560576
-0.6499021067385435
-0.6219346126128041
-0.592932385905226
-0.5645633037093774
-0.5377743920820683
-0.5130512936295517
-0.49058948227175436
-0.4210208318235565
-0.32956246052529836
-0.23636527498310167
-0.14780139763453104
-0.06715794872703944
0.0
0.0
0.08092741562099584
0.2087313514938978
0.3043598752612212
0.3916472944454348
0.4733244084764092
0.547909592412514
0.613294485374577
0.6675427250461814
0.6911886066112427
0.6893737542298255
0.6727672669252719
0.6482310082839343
0.620110643550612
0.5910969630881924
0.5627995032730431
0.536127674601346
0.5115432125407509
0.4892267096289579
0.4160667743053863
0.32387751628139205
0.230688009816586
0.14241903381944493
0.06225099246246622
0.0
0.0
-0.08959157950823632
-0.2145100336468843
-0.30954203224813964
-0.39657341470679797
-0.47793680320771537
-0.5520798447646462
-0.6168951526069794
-0.6704650669034835
-0.6919731896546581
-0.6888764105827454
-0.6715424980865512
-0.646633679937081
-0.6183638931271416
-0.5893374781900456
-0.5611076527973395
-0.534547508248646
-0.5100956901469336
-0.4879184122625976
-0.4113357617007907
-0.31844039734504864
-0.22524780207806527
-0.13725062036298571
-0.05752814401828546
0.0
0.0
0.0979531398747395
0.22009682403818556
0.3145585011260089
0.4013469422417825
0.48241109115013425
0.5561303697931033
0.6203982656852146
0.6733151019088602
0.692754163744336
0.6884157315364954
0.6703763492482261
0.6451052924239525
0.6166891694284881
0.5876487490368546
0.5594827969025682
0.5330292815216353
0.5087045125275809
0.48666078823387615
0.40680854227780483
0.3132393322367346
0.22004466367842473
0.13230808342770778
0.05301224970361865
0.0
0.0
-0.10595906069951413
-0.22544806980465293
-0.31936458131139894
-0.40592094870901985
-0.4866989197928867
-0.5600126250947085
-0.623756397612805
-0.6760477858204553
-0.6935034462661457
-0.6879747382590733
-0.6692590506172226
-0.6436407028747135
-0.6150842511371005
-0.5860303552738182
-0.5579255849313117
-0.5315742407608853
-0.5073712214928918
-0.48473085627480655
-0.4020777143860246
-0.30797197924959213
-0.21484295576162893
-0.12741850650801165
-0.048594661853440774
0.0
0.0
0.11384073923192253
0.23069411611571486
0.3240631790972554
0.4103838548382578
0.49087487103599825
0.5637858425999095
0.6270119207810004
0.678687599774533
0.6942140772726185
0.6875284061678687
0.6681560955795325
0.6422013394512174
0.613509838055696
0.5844442481503351
0.5564003223911902
0.5301495893258253
0.5060661120710837
0.47875486323308897
0.395236221783829
0.30122637821473464
0.20854829674381797
0.12178593559977931
0.043783986978318326
0.0
0.0
-0.12282669655223058
-0.23657809768133703
-0.32927735457698937
-0.41529983639425333
-0.4954434691729275
-0.567883108882336
-0.6305146298610093
-0.6803380817444878
-0.6942738861566746
-0.6866567101240403
-0.6667775930223561
-0.640585677999352
-0.6118246106979452
-0.582790297337478
-0.5548352056485661
-0.5287031299945695
-0.5047506642662004
-0.47266770251230583
-0.3882750402068371
-0.2943743166418527
-0.2021668992133441
-0.11608907952674971
-0.038932818756674176
0.0
0.0
0.1322032180505619
0.24280505944081626
0.3348563437480833
0.42060888584304884
0.5004259716390829
0.5724044292478171
0.6344401051484001
0.6818272330585802
0.6942766871476259
0.6857913630173299
0.6654421689031643
0.6390327070006233
0.6102108524175127
0.5812098929711622
0.5533417105543907
0.5273241123726754
0.5034973395733195
0.46685336856445825
0.3816404195451538
0.28786073901100145
0.19611836451995407
0.11070749102286803
0.03436926776138066
0.0
0.0
-0.14115254574128916
-0.24877255993200714
-0.3402186424037563
-0.42572363903656874
-0.505237395122714
-0.5767823624334337
-0.6382542341722743
-0.6833008737657649
-0.694320607341024
-0.684998452502425
-0.6641943801032463
-0.637572508271054
-0.6086889081014889
-0.579716825523466
-0.5519292114088995
-0.5260189317458795
-0.502310520668185
-0.46128354909358493
-0.3752879914668508
-0.28163059607145247
-0.19034014161466795
-0.10557392511119795
-0.030024143458842703
0.0
0.0
0.14969327998948234
0.2544688154375805
0.34533776023493135
0.4306066529451996
0.5098308826884946
0.5809619540937112
0.6418954348955426
0.6847056917080412
0.6943594388403306
0.6842378911084
0.6629994238789942
0.6361748502648509
0.6072325056628909
0.5782882561737296
0.5505778488753136
0.5247703161276919
0.5011751835149659
0.455945100598676
0.3691982626630754
0.2756572079917759
0.18479922364727433
0.10065037797173429
0.02585595058561567
0.0
-0.001099226773574935
-0.15784667161564866
-0.260051468591972
-0.35037639346153715
-0.4353945437748671
-0.5143077335119539
-0.5850055608526937
-0.6453857338369016
-0.686010463816812
-0.694332193002229
-0.6834339092784175
-0.6617761314544991
-0.634758874263272
-0.6057644174283625
-0.5768523728264986
-0.5492220375384128
-0.5235191147951984
-0.5000384590152327
-0.45073370643515387
-0.3632571768629027
-0.26982803229868224
-0.17938932252248868
-0.09583996701473976
-0.021779736777906275
0.0
0.012995119330526494
0.16544449808010475
0.26668230631308054
0.35656707232297774
0.44109926578711933
0.5193784970991775
0.5892942857533242
0.64876872622638
0.6868572647678514
0.6936617279793089
0.6819059674343496
0.6598126153322278
0.6326247594504136
0.6036217285455499
0.5747960980791659
0.5473039630354198
0.5217635870803611
0.4984527611405113
0.44553467887431414
0.3573615971568064
0.2639869985721213
0.1738923686880413
0.09086673248875093
0.017469876511136795
0.0
-0.025285194190542565
-0.1732624997672944
-0.2734825542833992
-0.362898129287292
-0.44691660311628034
-0.5245319195613032
-0.5936336603293598
-0.6521692258149074
-0.6876724926309581
-0.6929323740992774
-0.6803056969152067
-0.6577720077046606
-0.6304140608769695
-0.6014060199988472
-0.5726720006060729
-0.545323994588167
-0.5199522686379482
-0.49681721722113464
-0.44057772445396337
-0.35174607675628133
-0.2584044449383565
-0.16861442946312277
-0.08606511406500977
-0.013279733425273985
0.0
0.037048115506651075
0.1807118610430354
0.2799394700290795
0.36889198518798216
0.4524072450482674
0.5293779307673752
0.5976938549712479
0.6553268005562629
0.6883827524674857
0.6921830976116938
0.678736020344479
0.6557901903523944
0.6282761108486483
0.5992681076889181
0.5706253279155752
0.5434179305368785
0.5182096454314794
0.4952443953915166
0.4358021629498936
0.34633224128600626
0.25301874561433724
0.163519058861257
0.08142609741159715
0.009227942837151878
0.0
-0.048336893218417165
-0.18784071114949366
-0.28610558097053257
-0.3746063319250047
-0.4576329102453691
-0.5339806602801859
-0.6015396614396618
-0.6583051423061413
-0.6890303901945142
-0.6914419716463579
-0.6772154777573234
-0.6538793449418148
-0.6262188579933736
-0.5972131290077668
-0.5686593564425076
-0.5415878207228493
-0.5165369635117273
-0.49373501912393175
-0.4312264447327938
-0.3411445583855025
-0.24785709988412075
-0.15863464387867474
-0.0769780875168842
-0.005341873103369449
0.0
0.0591634054175664
0.19467847262010168
0.2920205822187225
0.38008857287445547
0.4626469648063769
0.5383977424433689
0.6052312252842134
0.6611651121663356
0.6896550918076931
0.6907346226677844
0.6757603914562522
0.652049663726584
0.6242484797467902
0.5952446531667276
0.5667759799088573
0.5398344995834831
0.514934403091236
0.49228887887453754
0.42682809684956274
0.3361585295727142
0.24289768512073406
0.15394339008238309
0.07270785595647175
0.0016131086778468223
0.0
-0.06957323485452746
-0.20125688496084873
-0.29771339149862724
-0.3853662295291872
-0.4674750164678337
-0.5426520318218767
-0.6087878454861954
-0.6639217796999192
-0.6902578298562814
-0.690053749073729
-0.6743589392695727
-0.6502871889351102
-0.6223503666785528
-0.5933483135024383
-0.5649615864048168
-0.538145376759867
-0.513390507585462
-0.4908956689972964
-0.42205742711423766
-0.33074764462890827
-0.23754831612161048
-0.14892328088375822
-0.06818137979965636
0.0
0.0
0.0791382216291574
0.2075328238549826
0.30328181843855156
0.39062011966205235
0.4723604287777823
0.5470356935100337
0.6125373692457463
0.666925248743921
0.691016971391697
0.6894698133052859
0.6730155609484628
0.6485576136382771
0.6204690475605622
0.5914586456085927
0.5631476686560093
0.5364530909197107
0.5118414589758047
0.48949636367092936
0.4170421148189026
0.324998369216979
0.23180942452768882
0.14348434653649023
0.0632243906578075
0.0
0.0
-0.08789604477190485
-0.2133763601389186
-0.3085236921085736
-0.3956042060205541
-0.4770282592021074
-0.5512573138150907
-0.6161837942237908
-0.6698863823949922
-0.6918156735611426
-0.6889715775302324
-0.6717811714735575
-0.6469459776869209
-0.6187058628008832
-0.5896821855612662
-0.5614392514693824
-0.5348573032303621
-0.5103795338542787
-0.4881749897608635
-0.4122526012886467
-0.31949444088921003
-0.22630346926565242
-0.13825469976605856
-0.05844686872907741
0.0
0.0
0.09634177418059303
0.2190182402315054
0.3135888488488505
0.400423426130749
0.48154472675073956
0.5553453030141798
0.6197184757958832
0.6727611045351407
0.6926008066908873
0.6885028916643655
0.6706002525778638
0.6453995005746913
0.6170118827136517
0.5879743402203554
0.5597961768882019
0.5333221592883277
0.5089729208803658
0.48690345435922056
0.4076762394005279
0.31423636056570475
0.22104262172573436
0.13325665969162648
0.05387957407806687
0.0
0.0
-0.10443272586700705
-0.22442672817802478
-0.31844662111301547
-0.40504685468845003
-0.4858791077993959
-0.55926994764527
-0.6231135458776403
-0.6755241667716027
-0.6933591503151848
-0.6880581236245222
-0.6694718440958624
-0.6439199915030349
-0.6153904566180275
-0.5863392154294806
-0.5582228173837114
-0.5318520007166105
-0.507625758419115
-0.4856856005581619
-0.40329124632736557
-0.3091984075639443
-0.21600239869123017
-0.12846862533032344
-0.04950459622881713
0.0
0.0
0.11217957714555205
0.22960417176131834
0.3230961857917982
0.4094715740713154
0.4900266657667849
0.5630248484891355
0.6263611171911987
0.6781664092933142
0.6940825126104357
0.6876299964095896
0.6683895137681528
0.6425017859847793
0.6138366100906052
0.5847724520045418
0.5567153590634203
0.5304434947990995
0.5063351369573078
0.48001378424450153
0.3966751107964877
0.30264123604644644
0.2098643723074628
0.12295919002994798
0.04478134444009946
0.0
0.0
-0.12090791727470873
-0.23530628104921827
-0.3281402323762391
-0.41422008281044453
-0.4944327063866046
-0.5669688539536392
-0.6297243214506669
-0.6800491649974498
-0.6942901092555466
-0.6868504427073717
-0.6670667252210564
-0.6409181872662832
-0.6121682651106676
-0.5831257979270662
-0.5551516297136215
-0.5289949126091886
-0.5050156068822077
-0.47389011624779454
-0.3896728619936238
-0.29575025170507624
-0.20344836944357975
-0.11723313646200283
-0.039907097035543834
0.0
0.0
0.13032237429599114
0.24155422793932335
0.33373435309756433
0.4195400592931787
0.49942174753378393
0.5714919088402496
0.6336464199241255
0.6815224652861738
0.6942704505920666
0.6859597347854465
0.6657053280702012
0.6393399938841695
0.610530798980469
0.5815235817335412
0.5536383607073709
0.5275981549045731
0.5037464867731439
0.4680103933222055
0.3829599120037943
0.28915524428738965
0.19731949850744723
0.1117752048314655
0.03527364800918456
0.0
0.0
-0.1393750078500301
-0.24758564874127642
-0.33915111922142716
-0.42470471187749576
-0.5042782834786872
-0.5759090441277025
-0.6374927190359214
-0.6830056842052372
-0.6943103466713609
-0.6851550280935992
-0.6644417075121928
-0.6378622821054645
-0.6089911069647687
-0.5800133867854388
-0.5522098270311981
-0.5262782621813905
-0.5025463557893635
-0.4623917420794066
-0.37655200249964754
-0.28287033514247134
-0.1914900036661287
-0.10659554859174761
-0.030888907734891835
0.0
0.0
0.14799641806472477
0.2533369412920146
0.34432048207282695
0.42963624188078475
0.5089179691093719
0.5801312618508871
0.641171711996223
0.6844264999147702
0.6943517653961716
0.6843891117804066
0.6632369866328359
0.6364527007836536
0.6075220292809619
0.5785722438740689
0.5508464867911499
0.5250185278849694
0.5014008760273346
0.45700497820681013
0.37040736602885593
0.2768433485335168
0.1858996401624686
0.10162834660464105
0.02668405639520835
0.0
0.0
-0.15625653760996122
-0.25884560062291906
-0.34927075735837215
-0.4343580308050814
-0.5133596421784075
-0.5841725686699738
-0.6446922807023967
-0.6857845550042772
-0.6943889688497262
-0.6836533505312136
-0.6620812064772038
-0.6351009428733013
-0.606113495366028
-0.5771906502194967
-0.549539574244557
-0.5238109907074245
-0.5003028956515557
-0.4518459520626109
-0.3645223276462376
-0.27107059729109134
-0.18054465369222455
-0.0968698168660534
-0.022655345618248918
0.0
0.010468559677868666
0.16383728422150926
0.26528387513657026
0.35526460740983395
0.43990196815334043
0.5183173176052118
0.5884001740822848
0.6480674357712572
0.686688654173079
0.6938113964750249
0.6822351250630937
0.6602325505558337
0.6330797915532118
0.6040778425227434
0.5752333830079795
0.5477115943096836
0.5221365083526656
0.49878950046405335
0.44654920544105997
0.3585119007439663
0.26513206048003296
0.1749765550050645
0.091854718127091
0.018333762480588336
0.0
-0.022831466736216527
-0.17169877464831937
-0.2721207378985488
-0.36162913226169147
-0.44574952862228945
-0.5234969347985071
-0.592760921729595
-0.6514838412674193
-0.6875053839614609
-0.6930750685124255
-0.6806232280336587
-0.6581780954646228
-0.6308545393044819
-0.6018477888299684
-0.5730956742294405
-0.5457190238689428
-0.5203137150400038
-0.4971436295088633
-0.4415645477338603
-0.3528636205613397
-0.2595151638160739
-0.16966430898895515
-0.08702002608561751
-0.01411282554308474
0.0
0.03472132585148621
0.17924157023532714
0.2786672172671739
0.3677126217562692
0.4513284782483233
0.5284275150000345
0.5968994842382078
0.6547113312570514
0.6882488785365739
0.6923361873302546
0.6790501650063399
0.6561849875955698
0.6287011645169358
0.599692695486291
0.5710315278983126
0.5437960608366051
0.5185552494768729
0.4955562583317761
0.43675013887653746
0.34740732224936627
0.25408861674113553
0.1645316206547522
0.08234832967455702
0.010033797584667145
0.0
-0.04609567596602779
-0.18642584073476776
-0.28488205695972324
-0.37347263106273687
-0.4565963186332627
-0.5330677948113827
-0.6007770872342857
-0.657714770769431
-0.6889022338118528
-0.6915892169193213
-0.677517275132192
-0.6542585240562014
-0.6266270497347585
-0.5976208479423528
-0.5690494032500475
-0.5419509050110723
-0.5168688100923718
-0.49403446409590956
-0.43213312110313884
-0.34217240810939514
-0.24887976755563473
-0.15960237557933368
-0.07785935316050138
-0.00611180554029335
0.0
0.05701802276795384
0.19332323372896387
0.2908480587628195
0.37900170366369024
0.46165279029077994
0.5375218015435053
0.6044990102328608
0.6605976633785793
0.6895308058305408
0.6908744466403834
0.6760484898166751
0.6524120621327846
0.624638807047727
0.5956346369773504
0.5671491238118835
0.5401818881739439
0.5152519286659655
0.492575416690225
0.42771235193459956
0.33716094620521947
0.2438939096961779
0.15488472924020036
0.07356362114323838
0.002359186562167992
0.0
-0.06747651667581031
-0.19992925668120978
-0.29656303230962544
-0.3842988664190316
-0.46649786158655815
-0.541790320685092
-0.6080667478746541
-0.663362095987666
-0.69013528196274
-0.6901917172084396
-0.6746431621243681
-0.6506446977046306
-0.622735420714773
-0.5937330250021992
-0.5653296835059624
-0.5384880655759056
-0.5137037365735138
-0.49117832900898034
-0.4230255729714464
-0.33184687586676603
-0.23863633747582075
-0.1499456387394218
-0.06910452845664028
0.0
0.0
0.07746895096805304
0.20641387671528053
0.30227491946404195
0.38966048873172926
0.47145964460818424
0.546218918656464
0.6118295896092215
0.6663478575438831
0.6908567407790874
0.6895600409818724
0.673248206551739
0.6488635050983335
0.6208046632320158
0.5917973006175202
0.5634736493576407
0.536757761315945
0.5121206848834478
0.48974881635850886
0.41798023323410993
0.326076512728649
0.23288677255778123
0.14450617518242076
0.0641563171891068
0.0
0.0
-0.08625712003497937
-0.21228371007831573
-0.3075441484565619
-0.39467332001521394
-0.47615692517987573
-0.5504698037459891
-0.6155041900365188
-0.6693352224477586
-0.6916687936869513
-0.6890670640933301
-0.6720141259426731
-0.6472492740224687
-0.6190372981427774
-0.5900159128416125
-0.5617600782111567
-0.5351569074499611
-0.5106539610075579
-0.48842300461553867
-0.4131447656217677
-0.32051996650219255
-0.22733006948759676
-0.13923055739679024
-0.059339166817568095
0.0
0.0
0.0947614858978742
0.21796166002692471
0.31263967300852136
0.3995198697311009
0.48069747598381296
0.5545779357418164
0.6190544090728239
0.6722203611746674
0.6924515599464547
0.6885886468047964
0.6708195899330633
0.6456874915494939
0.6173276797873776
0.5882929020473735
0.5601027613598565
0.5336086680469927
0.5092354810489419
0.4871408259839921
0.40852976680371844
0.3152168007152117
0.22202336482415502
0.13418820471821785
0.054730635349795276
0.0
0.0
-0.10292432165133086
-0.22341834295316298
-0.3175408869441617
-0.4041848100010419
-0.4850709627798025
-0.5585382114787487
-0.6224805674745173
-0.6750090486640152
-0.6932179291972088
-0.6881412837828462
-0.6696824947527904
-0.6441961088497854
-0.6156930255048397
-0.5866443224098515
-0.5585163887128914
-0.53212630951545
-0.5078771140581517
-0.48591282704460836
-0.40410987464029896
-0.31013899710240134
-0.2169434525714078
-0.12936262869382548
-0.05032150831976151
0.0
0.0
0.11073374412928849
0.2286380003294926
0.3222285961825538
0.40864599244701316
0.4892528467805148
0.5623243392121313
0.6257553107263415
0.6776735866297513
0.6939477180167729
0.6877100414447446
0.6685916098917043
0.6427665371760162
0.6141266557905442
0.5850648944143654
0.5569967236089973
0.5307063849846784
0.5065760214687299
0.4811088143942
0.3979293235861321
0.30387888838464727
0.21102040234847294
0.12399479456850668
0.0456670867568013
0.0
0.0
-0.11926846061283827
-0.23423612596238705
-0.3271941045153587
-0.41332974598269195
-0.49360689421152637
-0.5662299535093632
-0.6290945704474318
-0.6798375027027684
-0.6943316416912335
-0.6870380688150045
-0.6673316646525133
-0.6412169735964445
-0.6124740698129186
-0.5834226536913217
-0.5554305934521461
-0.5292515249518427
-0.5052482172163867
-0.47495024532028784
-0.390886208319227
-0.29694640415082224
-0.2045643560072287
-0.11823149431764494
-0.04075947341029261
0.0
0.0
0.1286854424370407
0.24046793048003512
0.3327612702249989
0.41861393687807746
0.4985523168973624
0.5707025628893126
0.6329605837466613
0.6812595680215964
0.6942657666025703
0.6861060471988162
0.6659335797198743
0.6396063593107909
0.6108080579279591
0.5817953727821257
0.5538953620849216
0.5278355537221311
0.5039623086794505
0.46900991068672354
0.38409930670797787
0.2902726486198449
0.19835590325240912
0.11269608359754969
0.03605323484261028
0.0
0.0
-0.1378369049864846
-0.24655839388016593
-0.33822705792319785
-0.4238226173881813
-0.5034478791175954
-0.5751528222242496
-0.6368332005736241
-0.6827497944671291
-0.6943010940703386
-0.6852902063582784
-0.664655465796482
-0.6381128107677431
-0.6092524203048691
-0.5802698490082098
-0.5524525138132771
-0.5265025494700699
-0.502750328182914
-0.46335284634350704
-0.3776481560981595
-0.2839452273311568
-0.19248672829634225
-0.10748085601481264
-0.0316380065136667
0.0
0.0
0.1465251143634208
0.2523559621006355
0.34343909626738356
0.4287956630727194
0.5081273812320267
0.5794120715540786
0.6405453452874328
0.6841852680455006
0.6943457448329375
0.684520711497262
0.6634433416720109
0.6366939084493919
0.6077732993535416
0.578818669535814
0.5510795691553996
0.5252338729159405
0.5015966744010163
0.45792542018541404
0.37145742059543113
0.2778734405005249
0.18685525665888092
0.10247759402097471
0.02740312772449595
0.0
0.0
-0.1548441641145476
-0.2579036404825794
-0.34842424020721524
-0.4335505516796016
-0.5126000303751813
-0.583481387276904
-0.6440901145068141
-0.6855521342331149
-0.694382396025995
-0.6837789533492612
-0.6622786408164801
-0.6353319029558328
-0.6063541801857658
-0.5774267450667875
-0.5497629151677879
-0.5240173541262798
-0.5004905393686512
-0.4527272525763267
-0.36552761364081787
-0.2720566768324735
-0.1814593492239977
-0.09768260822826505
-0.023343456079613037
0.0
0.008454503342087666
0.16254941798093328
0.2641589402854343
0.354213622817513
0.43893280998558387
0.5174551556324967
0.5876701953683012
0.6474907023415063
0.6865427059728838
0.6939232539720985
0.6824927685008304
0.6605643401962411
0.633440726217988
0.6044403980027206
0.5755814160102217
0.548036296776833
0.5224337318153891
0.49905799465378253
0.44735023330385365
0.35942008492598343
0.2660365893136032
0.17583359114421024
0.09263635211113609
0.01901791256080862
0.0
-0.020876632621237567
-0.17044998369980816
-0.27103130054981495
-0.36061257352129505
-0.44481333523053873
-0.5226653504436387
-0.5920581880945196
-0.6509301850432531
-0.6873671686302466
-0.6931853678501604
-0.6808739538329831
-0.658500132683411
-0.6312044821375686
-0.6021990976475937
-0.5734327916058178
-0.5460334697689058
-0.5206015044393424
-0.49740357249746553
-0.44234980351332404
-0.3537526081458463
-0.2603984435917124
-0.17049893565230442
-0.08777888806748116
-0.014774605725608278
0.0
0.03287196027330258
0.17807325339749097
0.2776564798927936
0.3667758613882738
0.4504718058761906
0.5276729744995518
0.5962690681259765
0.6542231838105836
0.6881433825427863
0.6924586609472336
0.6793005473350157
0.6564993856325196
0.6290395334112745
0.6000306262885196
0.5713547844738539
0.5440969553832047
0.5188302464312489
0.49580439788890673
0.43750517122917265
0.3482637087055808
0.2549409347732666
0.16533835479803977
0.0830831635205803
0.010675968132345531
0.0
-0.04431013187533453
-0.18529887986719248
-0.2839076623257398
-0.37256988418771925
-0.45577100388243086
-0.5323410991755335
-0.6001701561003342
-0.657245041614674
-0.6888005140325526
-0.6917067546592047
-0.6777578443197103
-0.6545606793238046
-0.6269522793150466
-0.5979456764591566
-0.5693601381957262
-0.5422401512868651
-0.5171331658105173
-0.4942730045510815
-0.4328551922047703
-0.34299096837969734
-0.24969420007995308
-0.16037305984832523
-0.07856118009568319
-0.006724971837674162
0.0
0.05530888588422894
0.19224355186940287
0.289913927383861
0.3781357999542929
0.4608607238159236
0.536823918876347
0.6039156210002333
0.6601455308814819
0.6894317259028468
0.6909857768234691
0.6762779494166444
0.6527007190359487
0.6249497191480886
0.5959452805299266
0.567446356407643
0.5404586068468367
0.5155048605445274
0.4928036653207456
0.4284041886446262
0.3379451909390782
0.24467409249312472
0.15562288355119283
0.07423569949441182
0.0029462303807152312
0.0
-0.06584042116083966
-0.19889587735830033
-0.295669073734213
-0.38347029188274667
-0.46574003161129107
-0.54112270319529
-0.6075087740694926
-0.6629298009454079
-0.6900408671566025
-0.6902986528252585
-0.6748631238018759
-0.6509212815700071
-0.6230332710262753
-0.5940305866382816
-0.5656143805924599
-0.5387531026897552
-0.513945984013146
-0.49139693138811197
-0.42377412408750464
-0.33269566799144645
-0.23947524040637244
-0.15073266283904427
-0.0698139171146631
0.0
0.0
0.07618144180197386
0.2055502513352001
0.30149743033996057
0.3889192645471042
0.47076367087298915
0.5455876519523779
0.6112823496989124
0.6659011925345113
0.6907324935908712
0.6896293870145749
0.673427652261396
0.6490995926690533
0.6210637565799122
0.5920587746897776
0.5637253575458419
0.5369930266784941
0.5123363096470139
0.4899437710223569
0.4187070375554555
0.3269118689718529
0.23372145904126113
0.14529776829087088
0.06487817480825582
0.0
0.0
-0.0849882071753578
-0.21143791170937065
-0.30678601222862817
-0.3939529264663093
-0.4754826982917779
-0.5498605255399415
-0.6149784943179044
-0.6689089983751402
-0.6915554733632358
-0.6891413145594522
-0.6721947497301726
-0.6474843132147192
-0.6192940875925331
-0.5902744480918951
-0.5620086021716015
-0.5353889811281618
-0.5108665259106581
-0.4886151069581144
-0.4138356294634812
-0.321314122484729
-0.22812509093026975
-0.13998631795176317
-0.06003025000685315
0.0
0.0
0.09353734461490401
0.21714316147807686
0.3119043502200681
0.3988198656301898
0.4800410700835792
0.5539833939971331
0.6185398733638594
0.6718013445778722
0.6923358202838795
0.688654959097409
0.6709893912430207
0.645910485589689
0.61757222396965
0.5885395976275087
0.5603401876782579
0.5338305509269564
0.5094388195579796
0.4873246588040234
0.4091907437375837
0.31597604175175315
0.22278282281139608
0.13490954791736023
0.05538963876241029
0.0
0.0
-0.10175615523906889
-0.22263740065474724
-0.3168394375285116
-0.4035171931946416
-0.48444508677170384
-0.5579715091002885
-0.6219903473714056
-0.6746101053047283
-0.6931085584024728
-0.68820568985305
-0.6698456385197903
-0.6444099546309889
-0.6159273571756734
-0.5868806196889405
-0.5587437518899603
-0.5323387543480509
-0.5080717822647256
-0.486088807858102
-0.40474393523939
-0.31086752287834296
-0.21767233632643754
-0.13005506765011746
-0.05095423465400657
0.0
0.0
0.1096138903897283
0.22788967466861504
0.3215566319622814
0.40800656940967284
0.4886535193872965
0.5617817956872292
0.6252861200037743
0.6772919071550604
0.6938433353520498
0.6877720537774041
0.6687481510433084
0.6429716040687488
0.6143513121953392
0.5852914057542669
0.5572146537471653
0.5309100053484722
0.5067625971221007
0.4819569760207385
0.39890078143287394
0.30483751914863305
0.21191581188188308
0.12479692758801977
0.04635314287045782
0.0
0.0
-0.11799857871479255
-0.23340721340365242
-0.3264612615407334
-0.4126401180816194
-0.49296724594912233
-0.565657625114802
-0.6286067864647062
-0.6796735563360149
-0.6943638115371892
-0.6871833979490883
-0.6675368781011429
-0.6414484037109608
-0.6127109361087599
-0.5836525884217676
-0.5556466695999019
-0.5294502884383366
-0.5054283895332802
-0.47577139634491045
-0.3918260368618803
-0.29787291321133924
-0.2054287689829063
-0.11900479356462983
-0.041419697773858274
0.0
0.0
0.12741750086328277
0.23962650412958203
0.3320075393948107
0.4178965817951743
0.4978788750784098
0.5700911539192042
0.6324293521330141
0.6810559360468069
0.6942621411144649
0.6862193801864267
0.6661103809164981
0.6398126824237559
0.6110228187205807
0.5820058980525151
0.5540944313987908
0.5280194391333342
0.5041294809139518
0.46978413228295557
0.38498187646501836
0.29113818402873354
0.1991586959853292
0.11340938972483236
0.036657096268892964
0.0
0.0
-0.1366454909970519
-0.2457626850806091
-0.33751128409520614
-0.4231393519413191
-0.5028046535253596
-0.5745670588510838
-0.6363223439750005
-0.6825515864622836
-0.6942939297191328
-0.6853949171797831
-0.664821044057132
-0.6383068709403996
-0.6094548340134374
-0.5804685048635182
-0.5526404990991219
-0.5266762824378187
-0.5029083251902707
-0.4640973241410699
-0.37849724388553263
-0.2847778454641498
-0.1932587968601358
-0.1081666196436798
-0.03221826165202184
0.0
0.0
0.14538542667811272
0.25159608652945503
0.34275636754617794
0.42814454440976996
0.507514986474537
0.5788549824099126
0.6400601584576815
0.6839984094843992
0.694341082612668
0.6846226508614366
0.6636031869486294
0.6368807507137418
0.6079679359221145
0.5790095534844605
0.5512601171922002
0.5254006813973198
0.5017483418201573
0.45863840843392634
0.3722708085703341
0.2786713647932633
0.18759549076043194
0.10313543269267236
0.0279601297492931
0.0
0.0
-0.1537501143454889
-0.257173982326402
-0.3477685144119197
-0.4329250657997518
-0.5120116236555396
-0.5829459881754137
-0.6436236682888915
-0.6853720985399443
-0.6943773056021881
-0.6838762481541786
-0.6624315773499627
-0.6355108089667022
-0.6065406190482988
-0.5776096283898905
-0.549935919034078
-0.5241772068914963
-0.5006358915061913
-0.45340992679250725
-0.36630632957656095
-0.27282051480324276
-0.18216789136552136
-0.09831221299305283
-0.023876480157621754
0.0
0.006894367006138158
0.16155180677408246
0.26328754008213107
0.3533995065701184
0.43818207868640735
0.5167873063220033
0.587104738481624
0.6470439529592893
0.6864296522938471
0.6940099022073581
0.682692345662668
0.6608213525589618
0.633720314877215
0.6047212421029804
0.5758510106064334
0.5482878189599089
0.522663968096049
0.49926597655279015
0.44797072989361353
0.3601235874835199
0.2667372601824897
0.17649747278701156
0.09324182516180643
0.01954787195631366
0.0
-0.0193623641637799
-0.16948263628461332
-0.27018739309568657
-0.3598251200360297
-0.4440881351059471
-0.5220211834701206
-0.5915138325083222
-0.6505013089564289
-0.6872601040208715
-0.6932708092336154
-0.6810681732172237
-0.6587495917263826
-0.6314755575554059
-0.602471231143858
-0.5736939319907095
-0.5462770481870005
-0.5208244339896557
-0.49760493144818113
-0.4429580852571722
-0.3544412435198772
-0.26108265744076825
-0.1711454612969357
-0.08836672411142632
-0.015287239327140115
0.0
0.03143938526899817
0.17716823985025903
0.2768735323700191
0.36605021882715166
0.4498082020076924
0.5270884851572786
0.5957807293587952
0.6538450507036322
0.6880616626012412
0.692553533011792
0.6794945012563839
0.656742927990953
0.6293016442763275
0.6002923977645295
0.5716051888303529
0.5443300374226987
0.5190432674039268
0.49599661430372977
0.43809004285952713
0.3489270923682408
0.25560116683764045
0.16596327608381706
0.08365238852199237
0.01117341319012008
0.0
-0.04292699146601439
-0.1844258996197365
-0.2831528649472001
-0.37187058756794794
-0.45513168875942395
-0.5317781776628696
-0.5997000080836264
-0.6568811747121652
-0.6887217189154755
-0.6917978033898151
-0.6779441971115306
-0.6547947386349205
-0.6272042127028237
-0.5981972991498253
-0.5696008435378149
-0.5424642108027875
-0.5173379442912792
-0.4944577856921305
-0.4334145323088425
-0.3436250521650164
-0.2503250863283931
-0.16097005720186094
-0.07910483823736533
-0.007199950481268633
0.0
0.05398493054778486
0.19140719388115812
0.2891903178109858
0.37746504190363417
0.46024716263283083
0.5362833156933269
0.6034637083297104
0.6597952941315457
0.6893549754754141
0.6910720170932823
0.6764556966688038
0.6529243224830394
0.6251905621992767
0.5961859155397236
0.5676766028275162
0.5406729624829465
0.5157007901224453
0.4929804744186883
0.4289401090798686
0.3385526937897281
0.24527844879538468
0.156194683111605
0.07475631431777587
0.003400974510918975
0.0
-0.064573044431318
-0.19809538575276578
-0.29497658236560687
-0.3828284493142935
-0.46515299028095736
-0.5406055436287144
-0.6070765483435006
-0.6625949303828254
-0.689967730315493
-0.6903814889827098
-0.6750335138477689
-0.6511355331114584
-0.623263996282031
-0.5942610882656121
-0.5658349168846907
-0.538958409677819
-0.5141336373227524
-0.4915662684082893
-0.4243539782017974
-0.3333531723231454
-0.24012508419274883
-0.15134231942291393
-0.07036343451830679
0.0
0.0
0.07518409129587023
0.20488125641088817
0.300895159674665
0.38834508602744455
0.4702245449876864
0.545098650456444
0.6108584383624261
0.6655551901043261
0.6906362474111041
0.689683104988722
0.673566657334532
0.6492824745248784
0.621264459517646
0.5922613218140027
0.5639203396643442
0.5371752715965983
0.5125033402569131
0.49009478983690863
0.4192700462839611
0.3275589659067953
0.2343680371303766
0.1459109646770847
0.06543735155551816
0.0
0.0
-0.08400526134063913
-0.21078272572777845
-0.30619873254059954
-0.3933948836413511
-0.4749604178464095
-0.5493885567035257
-0.6145712715064428
-0.6685788299018622
-0.6914676914052604
-0.6891988316899538
-0.6723346674641101
-0.6476663830777486
-0.6194930059847963
-0.5904747188404942
-0.5622011178110273
-0.5355687537832148
-0.5110311863628885
-0.48876391637126804
-0.4143707977331015
-0.3219293045969353
-0.22874094343995166
-0.14057175752904233
-0.06056558812492903
0.0
0.0
0.09258907998865357
0.21650912259256747
0.31133474234047376
0.39827761691117036
0.47953259413566557
0.5535228402943514
0.6181412952674091
0.6714767590813924
0.6922461641587321
0.6887063270531258
0.6711209255625185
0.6460832249346696
0.6177616568374601
0.5887306970436247
0.5605241067834967
0.5340024295154863
0.5095963329983074
0.4874670624243471
0.4097027607557615
0.31656417774957735
0.22337112685463176
0.1354683268320925
0.05590012697593236
0.0
0.0
-0.10085125044615462
-0.2220324539702059
-0.3162960689763369
-0.40300003263865375
-0.483960260184537
-0.5575325205940712
-0.621610604859488
-0.674301069126025
-0.6930238357867031
-0.6882555811896398
-0.6699720157075302
-0.6445756074624569
-0.6161088791289359
-0.5870636642726583
-0.5589198757876255
-0.5325033219454276
-0.5082225794319124
-0.4862251290815914
-0.40523510203520213
-0.31143186589132527
-0.21823695663449616
-0.1305914564596642
-0.05144436784916645
0.0
0.0
0.10874641013619901
0.2273099938665259
0.3210361035740402
0.4075112486351771
0.48818925819087455
0.5613615213850668
0.6249226675054562
0.6769962441163615
0.693762476691643
0.6878200908434308
0.6688694136320884
0.643130456492362
0.6145253393790877
0.5854668698380945
0.5573834705130624
0.5310677372320197
0.5069071255406579
0.4826139935677649
0.3996533088159333
0.3055801101885421
0.21260942939664298
0.12541828963780222
0.04688458742455785
0.0
0.0
-0.1170148808690458
-0.23276510685685892
-0.32589357408125746
-0.4121059066335474
-0.4924717505954518
-0.5652142782421927
-0.6282289308457618
-0.6795465573901219
-0.6943887315100498
-0.6872959753183254
-0.6676958440887766
-0.6416276781029322
-0.6128944215681407
-0.5838307044315817
-0.5558140502347505
-0.5296042580404516
-0.5055679577225884
-0.4764074905792751
-0.39255406312954666
-0.2985906217062114
-0.20609837552767213
-0.1196038200096862
-0.04193113218970375
0.0
0.0
0.12643530593669225
0.2389747038469126
0.3314236713459117
0.417340891764134
0.4973572019062285
0.5696175337124948
0.6320178403044445
0.6808981951298175
0.6942593326889631
0.6863071721621085
0.6662473377355086
0.639972508020326
0.611189180457792
0.5821689787950731
0.5542486379287888
0.5281618836445837
0.5042589787737723
0.4703838733045973
0.3856655480256875
0.29180866014293266
0.19978056927162915
0.11396194333474172
0.03712486991526885
0.0
0.0
-0.13572257710223232
-0.2451462992548086
-0.33695681889689755
-0.4226100689559702
-0.5023063869135753
-0.5741133046280921
-0.6359266153460168
-0.6823980471343383
-0.6942883799543196
-0.6854760301098044
-0.6649493071825892
-0.6384571972199716
-0.6096116312537508
-0.5806223911293179
-0.5527861195417981
-0.5268108625009033
-0.5030307155889822
-0.4646740245516559
-0.3791549791151066
-0.2854228226800304
-0.19385687010773323
-0.10869783785137133
-0.03266774902603517
0.0
0.0
0.14450258184846387
0.25100745841623834
0.34222750027991305
0.42764016348258366
0.5070406025387582
0.5784234402779235
0.6396843145561725
0.6838536618441
0.6943374710882347
0.6847016169203781
0.663727009097747
0.6370254857411598
0.6081187087092902
0.579157419351082
0.5513999764735755
0.5255298975035725
0.5018658290916049
0.4591907158930516
0.3729008894254463
0.2792894668982704
0.188168903876405
0.10364501921456888
0.028391604418409128
0.0
0.0
-0.1529026223125533
-0.2566087617242503
-0.3472605645949424
-0.43244054095838524
-0.5115558217252134
-0.5825312479374264
-0.6432623415442369
-0.6852326361386214
-0.6943733623731607
-0.6839516163662102
-0.6625500477331928
-0.635649396281561
-0.6066850415924615
-0.5777512966794157
-0.5500699343252086
-0.5243010348458094
-0.5007484867297524
-0.4539387518880261
-0.36690955219591775
-0.2734122123909614
-0.18271675472540383
-0.0987999284943038
-0.024289380629574628
0.0
0.005685826764091073
0.16077901964271243
0.2626125207395207
0.3527688615340525
0.4376005340145089
0.5162699651543053
0.5866667143341682
0.6466978841064317
0.6863420766705868
0.6940770231901082
0.6828469456347309
0.6610204439953087
0.6339368947607529
0.6049387944979802
0.5760598487126071
0.5484826574955446
0.5228423177716369
0.49942708714795164
0.448451389877955
0.3606685470106813
0.26728002617646585
0.17701174046270896
0.09371084734562146
0.019958398423497017
0.0
-0.01818935487387008
-0.16873329260277903
-0.26953367065069145
-0.35921512895902913
-0.4435263678237295
-0.5215221875143565
-0.5910921542067737
-0.6501690854176999
-0.6871771677518425
-0.6933369953442364
-0.6812186228568404
-0.6589428320823093
-0.6316855427678046
-0.6026820359833741
-0.5738962211526427
-0.546465733188983
-0.5209971236021422
-0.4977609116630693
-0.4434292831739712
-0.3549746863807294
-0.26161267522168163
-0.17164628437677376
-0.08882208401878992
-0.015684344593815458
0.0
0.03032965877659749
0.17646718231098424
0.2762670317661733
0.36548810880293714
0.4492941494890838
0.5266357177272745
0.5954024437816405
0.6535521345769213
0.687998359262234
0.6926270244832679
0.6796447452610656
0.6569315850641606
0.6295046852130973
0.6004951757976509
0.571799161464997
0.5445105915388874
0.5192082814630467
0.49614551236966575
0.43854310642981026
0.3494409743126238
0.2561126074351121
0.16644736362331813
0.08409333162378779
0.011558752846641748
0.0
-0.04185555885562778
-0.18374965626965464
-0.28256817049523636
-0.3713288860926312
-0.4546364512089396
-0.5313421174779301
-0.5993358137399484
-0.6565993097190718
-0.6886606812540322
-0.6918683331636105
-0.6780885529971568
-0.6549760497854025
-0.6273993697855608
-0.5983922155548027
-0.5697873029537017
-0.5426377757353008
-0.5174965734083817
-0.49460092411737017
-0.43384781820382284
-0.3441162373283594
-0.2508137945591224
-0.16143251381898563
-0.07952597629339442
-0.007567886813192717
0.0
0.05295934491156731
0.19075931950431782
0.2886297826008033
0.3769454474720986
0.45977187504794614
0.5358645441215154
0.6031136397672006
0.6595239875641485
0.6892955217065437
0.69113882205289
0.6765933863808997
0.6530975341295389
0.6253771282918839
0.5963723204755729
0.5678549603705562
0.5408390104267493
0.5158525645480249
0.4931174374008007
0.42935525322182827
0.3390232883650932
0.24574660593578465
0.1566376205741327
0.07515960215617519
0.00375323643080383
0.0
-0.06359128670620062
-0.19747529482106926
-0.2944401524833504
-0.38233125389948275
-0.4646982459683187
-0.5402049323610771
-0.6067417300261719
-0.6623355270400291
-0.6899110757658453
-0.6904456569890458
-0.6751655043918624
-0.6513015004210544
-0.6234427247508042
-0.5944396435033438
-0.5660057525986842
-0.5391174481994859
-0.5142790006405094
-0.49169744323873865
-0.4248031550285404
-0.3338624999315697
-0.24062847765425444
-0.15181458236430184
-0.07078911138651045
0.0
0.0
0.07441150604450875
0.20436302775584814
0.3004286181429561
0.3879003057295206
0.46980691778013345
0.5447198514881024
0.6105300606822165
0.665287163596145
0.6905616914972039
0.6897247169542082
0.6736743358977193
0.6494241416957603
0.6214199315694638
0.5924182224420763
0.5640713801541535
0.5373164453714292
0.5126327284558039
0.4902117746962978
0.4197061740426324
0.3280602315560914
0.2348689008620485
0.1463859696847338
0.06587051091686182
0.0
0.0
-0.08324383448707245
-0.2102751939975222
-0.30574380358226494
-0.3929626026580568
-0.4745558397489307
-0.5490229518727181
-0.6142558213844093
-0.6683230689714467
-0.6913996921957248
-0.689243386625019
-0.6724430530090593
-0.6478074212489522
-0.6196470956610944
-0.5906298561029121
-0.5623502476738761
-0.535708012450567
-0.5111587385489302
-0.48887918974562006
-0.41478535922552606
-0.3224058478245661
-0.22921800598262576
-0.14102526106904667
-0.06098028118807679
0.0
0.0
0.09185451850293386
0.21601797219773256
0.3108935026290049
0.39785757063572846
0.47913870952045357
0.5531660780547257
0.6178325416661113
0.6712253229341736
0.6921767131484803
0.6887461186059669
0.6712228169992845
0.6462170353356792
0.6179083986698114
0.5888787298470326
0.5606665774477231
0.5341355731420901
0.5097183488402047
0.4875773736307216
0.41009938841811533
0.3170197700398161
0.22382684931911961
0.13590117802021143
0.0562955703684485
0.0
0.0
-0.10015027711851199
-0.22156383948863084
-0.3158751552349331
-0.4025994205980227
-0.48358469525375025
-0.5571924635668848
-0.6213164420104619
-0.6740616780652232
-0.6929582064583737
-0.6882942288977496
-0.6700699122360413
-0.6447039283835325
-0.6162494928693033
-0.5872054574999032
-0.5590563079908443
-0.5326308022032779
-0.5083393925959991
-0.4863307286345858
-0.40561557833088224
-0.3118690272403744
-0.21867433278671555
-0.1310069634299958
-0.05182404347873121
0.0
0.0
0.10807442726498767
0.2268609512881824
0.32063288268301277
0.40712755451103017
0.48782962398553825
0.5610359610844584
0.6246411235138598
0.6767672123929451
0.6936998405284911
0.6878573021637676
0.6689633481997818
0.6432535095616233
0.6146601473889761
0.5856027909248871
0.557514242337064
0.5311899222887273
0.5070190826961796
0.4831229441014579
0.40023624486528586
0.30615534917227744
0.21314673164353243
0.12589962008051364
0.047296264389000475
0.0
0.0
-0.11625287147355395
-0.23226770694527116
-0.3254538219972164
-0.4116920863286031
-0.4920879212352204
-0.564870845059214
-0.627936229654153
-0.6794237281310882
-0.694394147238637
-0.687376055048597
-0.6678161108608734
-0.641766282725179
-0.6130378216976592
-0.5839707867318208
-0.5559462180778801
-0.5297261646793225
-0.5056786704682472
-0.476915977963457
-0.3931358034020263
-0.2991636810096433
-0.20663255095036687
-0.12008119436847609
-0.04233817556674481
0.0
0.0
0.12565121911205446
0.2384542222459518
0.3309574340642062
0.41689722582006833
0.49694080544393177
0.5692396379217998
0.6316896837507157
0.6807732466242725
0.6942583888197941
0.6863786872723342
0.6663581175783313
0.6401014918603581
0.6113232921216866
0.5823003630104437
0.554372823587699
0.5282765667584076
0.5043632192550761
0.47086684807641377
0.3862164437906234
0.2923492874891781
0.20028237948807137
0.11440819922302126
0.037503059078655365
0.0
0.0
-0.13497923159847652
-0.24465030471404736
-0.33651092999276566
-0.422184626272248
-0.5019060508234827
-0.5737489105937814
-0.6356090120538229
-0.6822751186813919
-0.6942843865548195
-0.6855416651665623
-0.6650528048287134
-0.6385783907187179
-0.6097379882078152
-0.5807463723112479
-0.5529034234090394
-0.526919261851364
-0.5031292896626899
-0.4651373478655583
-0.37968340185199806
-0.28594104072380905
-0.19433745843477326
-0.10912476566161892
-0.03302905973484781
0.0
0.0
0.14379265022470644
0.25053402346880876
0.3418020694658367
0.427234382719425
0.5066589092334235
0.5780761692593297
0.6393818106346316
0.6837370341896687
0.6943343712870511
0.684764949643675
0.6638264362191464
0.6371417497672048
0.6082398448892036
0.5792762323918448
0.5515123634446686
0.5256337364725452
0.5019602455646631
0.45963461635843694
0.3734072764682047
0.27978620053343695
0.188629696117124
0.10405449244276949
0.028738281662095647
0.0
0.0
-0.1522216495918918
-0.25615460640387955
-0.346852432704585
-0.43205123646149735
-0.5111896014525973
-0.5821980260438198
-0.6429720424783072
-0.6851206124241794
-0.6943702311424705
-0.6840122119452072
-0.6626452743576766
-0.6357607844339646
-0.6068011155160008
-0.5778651546058939
-0.5501776401712067
-0.5244005524273778
-0.5008389762814137
-0.4543638232377976
-0.36739443129257776
-0.27388783210050416
-0.18315794745767897
-0.09919197273714261
-0.024621289735632476
0.0
0.0047144095877562076
0.1601578708662527
0.2620699634237661
0.3522619764163978
0.43713311881458106
0.5158541587414951
0.5863146639035535
0.6464197472531262
0.6862717032181401
0.6941309861644009
0.6829712186620028
0.6611804757776902
0.6341109816334036
0.6051136618367816
0.5762277108371849
0.5486392664577007
0.5229856729045532
0.49955658555892085
0.44889394718340686
0.3611704316538111
0.26777618907066375
0.1774773612264004
0.09413068779705587
0.020320699416144866
0.0
-0.01715564056168639
-0.16807652179948876
-0.26896287537743
-0.358684050738949
-0.44303869169957255
-0.5210904943617459
-0.5907290187670765
-0.6498849525934273
-0.6871098659155154
-0.6933991943498862
-0.6813537965299635
-0.6591148555511837
-0.6318717468493923
-0.6028685768353054
-0.5740749996021056
-0.5466323505148937
-0.5211495298259933
-0.4978985159377663
-0.4438468117325646
-0.35544778874492833
-0.2620830815110723
-0.17209109802531858
-0.08922682688295153
-0.01603761679897278
0.0
0.029335905794111744
0.17583717887891537
0.2757205153732542
0.3649804442926675
0.44882877722791426
0.526224629675527
0.5950576155565743
0.6532834850426111
0.6879369723548089
0.6926892981246606
0.6797765796542685
0.6570984180023107
0.6296848390961354
0.6006754225468273
0.5719717719200333
0.5446713776853976
0.5193553020044601
0.49627822092126894
0.4389457405488301
0.34989733402757445
0.25656651818507703
0.16687673188531246
0.08448417310315058
0.011900047988876367
0.0
-0.04090399048236998
-0.18314862160362905
-0.2820482315940223
-0.3708469908503834
-0.4541957225838266
-0.5309538818318913
-0.5990113747608835
-0.6563479946174483
-0.6886059585951685
-0.6919307553247633
-0.6782167243876568
-0.6551371500798465
-0.6275728269473452
-0.598565488288211
-0.5699530750109796
-0.542792094456608
-0.5176376191160398
-0.49472820043486365
-0.4342338677104915
-0.3445539362779707
-0.25124930335338425
-0.16184463550259598
-0.07990127920551908
-0.007895777856012004
0.0
0.05204606276560064
0.19018255920351212
0.2881308870219537
0.37648307583361484
0.4593490123474658
0.5354920511068506
0.6028023567474112
0.6592828591584268
0.6892429156114082
0.6911985575138625
0.6767161805976377
0.6532519154397298
0.6255433695287499
0.5965383949501776
0.5680138516117504
0.5409869273000076
0.5159877612704828
0.49323943716169977
0.42972493627953495
0.33944236787462756
0.24616354223010706
0.15703212542258466
0.07551882238367986
0.004067037144460509
0.0
-0.06271674471611932
-0.196922903702577
-0.29396227454499735
-0.3818883160366064
-0.46429311433848836
-0.5398480140192412
-0.606443412640977
-0.6621043831935988
-0.6898605441234859
-0.6905027588906045
-0.6752830279352694
-0.6514492958654489
-0.6236018930464146
-0.5945986623634515
-0.5661578993837605
-0.5392590900965805
-0.5144084642954132
-0.4918142710175939
-0.42520315325532154
-0.33431605383757984
-0.24107673968129495
-0.15223511620959113
-0.07116815505430359
-0.0002850858787440541
0.0
0.0734840299794626
0.2037655052501956
0.29990502418251463
0.3874107643345449
0.46935565030799453
0.5443188932814814
0.6101913715460442
0.6650207278570579
0.6905009954207355
0.6897867625399718
0.6738054153359003
0.6495899441810575
0.6215989380749043
0.5925973024843815
0.564242862393516
0.537476173918327
0.5127787777616347
0.49034360388829673
0.4201625621939381
0.3285821311373989
0.23538935133346955
0.1468788861226235
0.06631949059939596
0.0
0.0
-0.08244694705455125
-0.2097430020277039
-0.30526608690816015
-0.39250812427391435
-0.47412994593524693
-0.5486374932450676
-0.613922564781514
-0.6680520668552633
-0.6913256768791599
-0.6892875695862714
-0.6725543786248769
-0.6479532082820945
-0.6198067879152067
-0.5907908554698955
-0.5625051410884516
-0.5358527312032477
-0.5112913406322833
-0.48899905800519616
-0.41522300433137166
-0.3229086354624674
-0.2297206484590387
-0.1415023120969274
-0.06141570744685808
0.0
0.0
0.09108619197569215
0.21550515177553195
0.3104333872183577
0.3974200171448338
0.4787288609405552
0.5527953471442563
0.6175122562654207
0.6709651538713183
0.6921064031690138
0.6887896862236568
0.6713310302486921
0.6463583845353686
0.6180630683652787
0.5890345794716942
0.5608164665670486
0.5342755860572083
0.5098466201676873
0.4876933149610524
0.410517038943259
0.3174997497386028
0.22430718671577504
0.13635762125048456
0.0567127753244492
0.0
0.0
-0.09941162248991081
-0.22107011374328972
-0.3154317159182338
-0.4021773753430427
-0.48318903261495877
-0.5568341974074197
-0.6210065093083704
-0.6738094275868395
-0.692888900888479
-0.6883347201920613
-0.6701727972704921
-0.6448388616007547
-0.6163973850746625
-0.5873546076869057
-0.5591998290978144
-0.5327649123602785
-0.5084622847248521
-0.48644182603750274
-0.4060153481578952
-0.3123282977576867
-0.21913379297618168
-0.13144341985353925
-0.05222283405905083
0.0
0.0
0.10736798208768644
0.22638875286740567
0.32020879128300256
0.40672394479549373
0.4874512714673451
0.5606934022492279
0.624344819925872
0.6765261053327623
0.6936337703366984
0.6878962724979646
0.6690619994668976
0.6433828053728335
0.6148018229926593
0.5857456515016173
0.5576516995534464
0.5313183591014343
0.5071367716224646
0.4836581972893419
0.400849299412414
0.3067602892838788
0.21371175399367143
0.1264057594350757
0.04772913484847578
0.0
0.0
-0.11545167011672369
-0.23174474664940126
-0.32499148722867605
-0.41125702742844805
-0.49168440493160914
-0.5645098105325201
-0.6276285428831411
-0.6791785416048417
-0.6943339520017825
-0.6874264630548532
-0.6679289604195061
-0.6419107832358978
-0.6131946410092722
-0.5841281092658607
-0.5560971220656982
-0.5298668816660002
-0.5058074343214938
-0.4775254953598213
-0.39383204675203093
-0.2998475335551392
-0.20726781429308017
-0.12064662774545003
-0.0428178781215956
0.0
0.0
0.1247162414631835
0.23783289513568628
0.3304008559088363
0.41636791729428735
0.4964445388796421
0.5687899260595353
0.6313000111236491
0.6806287513756331
0.6942632422907647
0.686470553314129
0.6664968793437043
0.6402617202263116
0.6114892205720982
0.5824625406962948
0.5545258912457837
0.5284177832735316
0.5044914894647324
0.4714620845632678
0.3868969003967697
0.2930187233950321
0.20090545083780337
0.11496403286554385
0.0379759505568959
0.0
0.0
-0.13406255311652499
-0.24404076545623127
-0.33596424078518305
-0.42166389677896277
-0.5014168518762111
-0.5733044461552663
-0.635222499570862
-0.6821268854013001
-0.6942816329491539
-0.6856239891779365
-0.665181301677287
-0.6387283699720101
-0.609894114070656
-0.5808994264239171
-0.5530481533108011
-0.5270529552714807
-0.5032508335249343
-0.4657033644474071
-0.38032892705360927
-0.2865743055949951
-0.19492499580229905
-0.10964698232717116
-0.033471324739446556
0.0
0.0
0.1429223922403202
0.24995323712600756
0.3412798907096595
0.4267361071085169
0.5061900039965019
0.5776493296207947
0.6390097469841894
0.683593017225316
0.6943296783111871
0.6848418221107252
0.6639476630129312
0.637283707144601
0.6083878520793266
0.579421457699155
0.5516497678526375
0.5257607108872255
0.5020757112882366
0.46017770421505616
0.37402671528585246
0.2803937108354956
0.18919312457859538
0.10455504208654888
0.029161931024773186
0.0
0.0
-0.1513893102237989
-0.2555995382788729
-0.3463536432749555
-0.4315754826302236
-0.5107420855993714
-0.5817908649147369
-0.6426173646348805
-0.6849838550362142
-0.6943665742823811
-0.6840864418194277
-0.662761822943434
-0.6358970744076006
-0.6069431194212828
-0.5780044366139652
-0.5503093898922958
-0.5245222819714364
-0.5009496602482064
-0.454884075858713
-0.3679879146727708
-0.2744700032013381
-0.18369799792460056
-0.09967188027237986
-0.025027603323813402
0.0
0.003525526230288595
0.15939772688774598
0.2614060336136485
0.3516417246663237
0.43656118819594314
0.5153454012915897
0.5858839417833263
0.646079487549233
0.6861856636735977
0.6941970822134865
0.6831233417996728
0.6613763481478862
0.6343240463342663
0.6053276760981836
0.5764331483667889
0.5488309298413381
0.5231611145492443
0.4997150681978938
0.44949876971882397
0.36185645593925236
0.2684507582615915
0.1781059646739958
0.09469267841165263
0.02080043933115551
0.0
-0.015788350680185886
-0.16721148525778198
-0.26821330663087395
-0.35798822076334746
-0.44240119430508484
-0.5205277254920555
-0.5902573611133025
-0.6495179648930154
-0.6870267586517285
-0.6934854191710099
-0.6815352323629739
-0.6593441533529272
-0.6321192126680018
-0.6031160942341706
-0.5743119863814885
-0.5468530759765787
-0.521351341058444
-0.49808067064775974
-0.44440140714483567
-0.3560766270730585
-0.2627086824318663
-0.17268298527000298
-0.08976570578070256
-0.016508278778819954
0.0
0.02800529683606784
0.1749913870885966
0.2749853102176214
0.36429635204431243
0.44820056278284576
0.5256684982551945
0.5945897618565054
0.6529173610117682
0.68785003126357
0.69276910935671
0.6799503689638842
0.6573196754986814
0.629924377693726
0.600915416994033
0.5722017928203336
0.5448857598092255
0.5195514041122113
0.4964552804763675
0.4394817539671211
0.35050454213559795
0.2571701820120686
0.16744748507705703
0.08500344902113406
0.012353230208547242
0.0
-0.03963781686838297
-0.18234842245370095
-0.28135572517751856
-0.3702049641889504
-0.45360837212394106
-0.5304363144222617
-0.5985786665665956
-0.6560125914336636
-0.6885326223098218
-0.6920135951229458
-0.6783872365205645
-0.6553515876718964
-0.6278037676702733
-0.5987962133687271
-0.5701738298862251
-0.5429976078572983
-0.5178254629238271
-0.4948977105312632
-0.43474881017521116
-0.3451378360099657
-0.2518302988044856
-0.1623944381738373
-0.0804019654989997
-0.00833321236070017
0.0
0.05082835768108723
0.18941372134742446
0.2874659590297273
0.3758669134326095
0.45878558286118787
0.534995823822438
0.6023877729949453
0.6589618319809469
0.6891731164660049
0.6912784536360624
0.6768800898549042
0.6534578949062317
0.6257651295402079
0.596759909039401
0.5682257708145821
0.541184201203199
0.5161680652988148
0.49340213781123826
0.430217842623269
0.34000115400840286
0.24671949844760016
0.15755820018914105
0.07599787483587919
0.0044855497741038974
0.0
-0.06155040153673941
-0.19618618146074993
-0.29332491607841377
-0.381297545983353
-0.4637527560030551
-0.5393719477809842
-0.6060454932725214
-0.6617960450013753
-0.689793086816696
-0.690578854199331
-0.675439711238285
-0.6516463574028674
-0.6238141275137944
-0.594810702484654
-0.566360778961624
-0.5394479637218118
-0.5145810998362975
-0.4919700577341419
-0.4257364890054658
-0.3349207882357769
-0.24167441062856976
-0.152795809805628
-0.07167352321670728
-0.0007209803071216436
0.0
0.07220052587523723
0.20294217674608203
0.2991857237693529
0.3867397367787804
0.4687384113056432
0.5437718112885304
0.6097307138096828
0.6646600308761245
0.6904211738791355
0.6898743779740508
0.6739870757052551
0.6498187759501876
0.6218455544526867
0.5928437827748316
0.5644787467165714
0.5376958057986403
0.5129795472551599
0.4905247915828806
0.42078442255946574
0.3292928147237156
0.23609788917526608
0.14754982776353762
0.06693054051832205
0.0
0.0
-0.0813611328906585
-0.20901768669944437
-0.3046149036542369
-0.39188852884766057
-0.4735492320876201
-0.5481118172504502
-0.6134679702946418
-0.6676822631027419
-0.6912243587963554
-0.6893473700394478
-0.6727057208170639
-0.648151553582997
-0.6200241202987608
-0.591010003461353
-0.5627159990806225
-0.5360497512281693
-0.5114718730966014
-0.4891622590156441
-0.41581995635520524
-0.32359439512115956
-0.23040609640475146
-0.14215273482138496
-0.06200924637492547
0.0
0.0
0.09003936144879393
0.2148065943378808
0.3098067225385673
0.39682415819225536
0.4781708060094509
0.5522906372784008
0.6170763156423742
0.6706111478511554
0.6920109946082152
0.6888493693443876
0.6714787404316183
0.6465512002214787
0.6182739988626408
0.5892470893176067
0.5610208316657556
0.5344664750460024
0.5100214945114371
0.48785137544676294
0.4110865415621603
0.3181542829137477
0.22496224394920517
0.13698012789220546
0.05728180225404475
0.0
0.0
-0.09840431553404902
-0.2203968303776926
-0.31482701183008177
-0.4016018465262864
-0.48264948003399477
-0.5563456392115727
-0.6205838590694241
-0.6734654332809976
-0.6927943636830812
-0.6883898995207532
-0.6703130567370682
-0.645022823463948
-0.6165990200979841
-0.5875579607414136
-0.5593955090855429
-0.5329477622641979
-0.5086298402639268
-0.48659330063117423
-0.40656032535958786
-0.3129543782013804
-0.2197601260019811
-0.13203838924835765
-0.052766453416418946
0.0
0.0
0.10640487292016892
0.22574497548904976
0.31963058839507497
0.4061736572793404
0.48693541149542025
0.5602263358737619
0.6239408111118866
0.6761973454717607
0.6935436591301121
0.6879493768503712
0.6691964759200533
0.6435590654708254
0.6149949643083878
0.5859404107523662
0.5578390939502154
0.5314934569292169
0.5072972174133071
0.4843879508617814
0.4016851245489431
0.3075850481397281
0.21448208640141314
0.12709580888068267
0.04831928834962036
0.0
0.0
-0.11435935923358187
-0.2310317769457007
-0.32436117291592764
-0.41066390114555607
-0.49113428348445826
-0.5640176075553437
-0.6272090721762923
-0.6788442808629337
-0.6942518957495848
-0.6874951952914067
-0.6680828205580639
-0.642107793369981
-0.6134084449750214
-0.5843425985267642
-0.5563028599971733
-0.5300587306693463
-0.5059829866333364
-0.47835649337060016
-0.39478128566779663
-0.30077988054854704
-0.20813391738696424
-0.12141752770136618
-0.04347189594439871
0.0
0.0
0.1234415160026468
0.23698579367024425
0.3296420317940498
0.41564627201982496
0.49576794222926746
0.5681768009122975
0.6307687419076684
0.6804317500035301
0.6942698587313626
0.6865958002558786
0.6666860626286119
0.6404801705154674
0.6117154422460643
0.5826836487342342
0.5547345789773314
0.5286103135362672
0.5046663691411384
0.4722736077602343
0.3878246092411508
0.2939314068930185
0.20175492255159339
0.115721835157163
0.03862067258833567
0.0
0.0
-0.13281278578541056
-0.2432097402906892
-0.33521890281784156
-0.4209539511147286
-0.5007498936446407
-0.5726984772247835
-0.6346955401958563
-0.6819247880264998
-0.6942778778037982
-0.6857362261141118
-0.6653564892131328
-0.6389328459898674
-0.6101069702519129
-0.5811080947568656
-0.5532454727581317
-0.5272352280065242
-0.5034165420099738
-0.46647505192766836
-0.3812090138019162
-0.28743767694086675
-0.19572602375376633
-0.11035895420294356
-0.03407429320833395
0.0
0.0
0.14173591356765372
0.2491614138895054
0.3405679710399706
0.4260567761940375
0.5055507156539315
0.577067392058256
0.6385024890845123
0.683396669992079
0.6943232803891026
0.6849466275643628
0.6641129395386351
0.6374772469779618
0.6085896399848022
0.5796194528614454
0.5518371002593166
0.525933823395276
0.5022331332418112
0.4609181314270568
0.3748712367966387
0.28122196945735234
0.18996128357501657
0.10523747430270187
0.029739520075445225
0.0
0.0
-0.15025452740138096
-0.2548427775419319
-0.3456736109830777
-0.43092685628574234
-0.5101319579450792
-0.5812357555027783
-0.6421338091262553
-0.6847974047399105
-0.6943615886427157
-0.6841876442598647
-0.6629207212518587
-0.6360828874417707
-0.607136722632497
-0.5781943288848947
-0.5504890129038728
-0.5246882438203907
-0.5011005629393006
-0.45559337016149715
-0.36879704923566564
-0.2752637149947143
-0.18443428391238353
-0.10032616948228408
-0.025581557110571307
0.0
0.0019046439989033603
0.15836137299526523
0.26050085476119206
0.3507960949536896
0.4357814378269674
0.514651779019092
0.5852967101624283
0.6456155892395108
0.6860683603085609
0.6942871952397209
0.683330741175957
0.6616433937125447
0.6346145313288433
0.6056194556933977
0.5767132347460459
0.5490922370302944
0.5234003055843364
0.49993113791496513
0.45032336374665644
0.3627917576098515
0.26937044245150144
0.17896298076380823
0.0954588768771017
0.021454500048777414
0.0
-0.01392423520433586
-0.16603212452272595
-0.26719137067425447
-0.35703955037985
-0.4415320525355253
-0.519760465995671
-0.5896143194812136
-0.6490176266360788
-0.686913453108122
-0.6936029751018489
-0.6817825956751731
-0.6596567700078536
-0.6324565989644707
-0.6034535508526511
-0.5746350859189686
-0.5471540053984887
-0.5216264834775262
-0.4983290140473096
-0.4451575232561436
-0.3569339633968609
-0.263561604987971
-0.17348994377253113
-0.09050039454582409
-0.01714996296923267
0.0
0.026191190820345656
0.17383826395308916
0.2739829570573878
0.3633636844459362
0.44734407703989143
0.5249102880034006
0.5939519063809375
0.6524182002321363
0.6877314988014619
0.6928779212170858
0.6801873072692144
0.657621330280171
0.6302509562932823
0.6012426170830927
0.57251539532213
0.5451780409466502
0.5198187629109796
0.49669667732061284
0.44021253603127075
0.35133238856500376
0.2579931962918784
0.16822563014067565
0.08571141175895805
0.012971083095383931
0.0
-0.037911559769753606
-0.1812574587435349
-0.28041158599686766
-0.3693296473516833
-0.45280759891937783
-0.5297306810029239
-0.5979887272520215
-0.655555314388459
-0.6884326381661146
-0.6921265360238444
-0.6786197068357414
-0.6556439444315643
-0.6281186242251113
-0.5991107759242714
-0.5704747994104787
-0.54327779768491
-0.5180815626426217
-0.49512881470517356
-0.43545086483452233
-0.34593390461078166
-0.252622407809589
-0.16314402002692086
-0.0810845837896394
-0.008929595360791867
0.0
0.04916818089181535
0.18836551453650233
0.28655941931571993
0.3750268590308019
0.4580174226825543
0.5343192847901581
0.6018225439165187
0.6585241546851935
0.6890779547373806
0.6913873812323964
0.6771035580395699
0.6537387201519376
0.626067469432411
0.5970619136497578
0.5685146940902988
0.5414531575863886
0.5164138855444191
0.4936239582220138
0.43088985400108143
0.3407629836023018
0.247477469832021
0.15827543224192203
0.0766509982995685
0.005056135347826729
0.0
-0.05996024978278419
-0.1951817599614043
-0.2924559636968139
-0.3804921106252942
-0.46301605022899517
-0.538722895617716
-0.6055029838355106
-0.6613756674266023
-0.6897011178691616
-0.690682599898532
-0.6756533278080136
-0.6519150242540089
-0.6241034806102992
-0.5950997906163332
-0.5666373779268935
-0.5397054674580466
-0.5148164651326967
-0.4921824519290307
-0.42646362043074765
-0.3357452620962985
-0.2424892544255996
-0.1535602399671561
-0.0723625246048967
-0.001315263620951579
0.0
0.07045064098857484
0.20181967927888797
0.29820505458578894
0.3858248811312306
0.46789688910235505
0.5430259387135011
0.6091026690623524
0.6641682691485408
0.6903123479635376
0.6899938298117181
0.6742347451390889
0.6501307572310056
0.6221817826508288
0.5931798254362368
0.5648003432043024
0.5379952442708025
0.5132532694047509
0.4907718165883741
0.4216322453686529
0.33026173602501374
0.2370638850430593
0.14846456627772603
0.06776362474032632
0.0
0.0
-0.07988077159782297
-0.20802881698972797
-0.3037271030381603
-0.39104379397797273
-0.47275750701087726
-0.5473951288696228
-0.6128481919709884
-0.6671780855193425
-0.6910862252436448
-0.6894288998989085
-0.6729120555018958
-0.6484219706726261
-0.6203204237169673
-0.5913087822162719
-0.5630034755386382
-0.5363183614825848
-0.511718004783926
-0.48938476160112854
-0.41663381999703686
-0.32452933600579026
-0.23134061231074063
-0.14303949855804038
-0.06281845672061706
0.0
0.0
0.08861214909170981
0.21385420540621503
0.30895234969428875
0.3960117848057844
0.4774099733119541
0.551602533388821
0.6164819693483198
0.6701285083469809
0.6918809178924109
0.688930739236866
0.6716801233612548
0.6468140784264843
0.618561574171715
0.5895368178556032
0.5612994559384882
0.5347267264588509
0.5102599121138318
0.4880668696194838
0.4118629816393263
0.319046650696002
0.2258553262143117
0.13782883181189298
0.05805759379294395
0.0
0.0
-0.09703098824005202
-0.21947889923744954
-0.3140025792931886
-0.40081719054040804
-0.4819138727976176
-0.55567955594752
-0.620007632423135
-0.6729964434001634
-0.692665474942945
-0.6884651290996971
-0.6705042816189867
-0.6452736306745083
-0.6168739222808205
-0.5878352052282586
-0.5596622923798235
-0.5331970534681315
-0.5088582796623964
-0.48679981582758486
-0.4073033283353287
-0.31380795451846805
-0.22061404668073303
-0.1328495498426937
-0.053507605154400006
0.0
0.0
0.10509180335467869
0.2248672717863128
0.31884228667350273
0.40542341440542773
0.48623210593875643
0.5595895538106562
0.6233899995364958
0.6757491257035401
0.6934208046429279
0.6880217774787655
0.6693798164424671
0.6437993723623905
0.615258286465497
0.5862059387458499
0.5580945809577531
0.5317321792219738
0.5075159636281411
0.4853828715193728
0.40282465949042645
0.3087094956987484
0.21553233083271106
0.12803659831169395
0.04912388312190166
0.0
0.0
-0.11287014053950042
-0.23005973883141334
-0.323501824288921
-0.4098552533859609
-0.4903842670232507
-0.5633465551231043
-0.626637180393559
-0.6783885613848714
-0.694140023107258
-0.6875889024338888
-0.6682925881234619
-0.6423763901395716
-0.6136999378710246
-0.5846350257303627
-0.5565833559423874
-0.530320290932668
-0.5062223285538646
-0.47948944717660397
-0.3960754450141179
-0.3020510100350155
-0.2093147322431732
-0.12246854590811851
-0.04436356111318131
0.0
0.0
0.1217035996136866
0.23583088497383803
0.32860747736938883
0.4146624059338864
0.49484549387171506
0.5673408873961272
0.6300444279232165
0.6801631651797182
0.6942788793565139
0.6867665575832179
0.6669439885440626
0.6407779980473157
0.6120238650138635
0.5829850997484026
0.5550190965774416
0.5288728026049628
0.5049047940138902
0.4733800102819466
0.3890894152364382
0.2951757278532473
0.20291306276221677
0.11675499646363083
0.0394996641982554
0.0
0.0
-0.13110889644266882
-0.2420767494628247
-0.334202734937888
-0.41998603587074823
-0.4998405859722973
-0.5718723202458188
-0.6339771020987993
-0.6816492554897265
-0.6942727581691329
-0.6858892460520233
-0.6655953338107449
-0.6392116214859133
-0.6103971709714794
-0.5813925859096002
-0.5535144912346531
-0.5274837323184722
-0.5036424631991677
-0.46752714381774174
-0.3824088934865537
-0.2886147674267793
-0.19681811742253408
-0.1113296319133124
-0.03489635946224222
0.0
0.0
0.1401183097822009
0.24808186960920503
0.33959736450556166
0.4251306000358369
0.5046791321465653
0.5762739986111202
0.6378109112941802
0.6831289769984632
0.6943145576844967
0.6850895156772683
0.6643382718094836
0.6377411124601592
0.6088647506018536
0.5798893925842575
0.5520925027517198
0.526169838972111
0.5024477568620094
0.46192760415385503
0.37602262807253434
0.28235118847570906
0.1910085648528573
0.10616787866781664
0.03052698491263764
0.0
0.0
-0.14870740394143214
-0.25381103625491186
-0.3447464785913086
-0.4300425416711191
-0.5093001311066122
-0.5804789386237134
-0.641474546352091
-0.684543204886135
-0.694354791394875
-0.6843256201497978
-0.663137357682948
-0.636336218474502
-0.6074006745218573
-0.5784532214072471
-0.5507339046749388
-0.5249145104371399
-0.5013062984236142
-0.4565603973619149
-0.36990019517670336
-0.27634583406781904
-0.1854381106380148
-0.10121820465080832
-0.026336798450402543
0.0
0.0
0.1569386773814141
0.25930054525815327
0.3496796060333276
0.43474802499681575
0.5137265171730308
0.5845063927276949
0.6449831116630695
0.6858968025039284
0.6943921343814891
0.6835926771310409
0.6619858398725215
0.6349893844123186
0.6059972406886345
0.5770766131512879
0.5494316978416891
0.5237113148596381
0.5002122617641089
0.45142022150105404
0.3640367002210143
0.270594246819792
0.18010278629728493
0.09647717633280695
0.02232293503345452
0.0
-0.011441481458895675
-0.16445939791059017
-0.26582727691060265
-0.35577228252335363
-0.44037011273297516
-0.5187337737479893
-0.5887527755556075
-0.6483460090321559
-0.6867591390282304
-0.6937573503474002
-0.6821106588096395
-0.6600722695090426
-0.6329054333251083
-0.6039027025051527
-0.5750652590660787
-0.5475547410441735
-0.5219929295681627
-0.49865980000459753
-0.44616225854110064
-0.3580731903290322
-0.26469511536307744
-0.17456255138805965
-0.09147713809258044
-0.018003272977819867
0.0
0.02377579455928741
0.17230203243743267
0.27264701655462986
0.36212020551462554
0.4462017798295671
0.5238986524794249
0.5931003953612405
0.6517512998506904
0.6875721544126306
0.6930217882218649
0.6805021114023249
0.6580225300532142
0.6306854932630631
0.6016780827317242
0.5729328234515353
0.5455671248979729
0.5201746929470455
0.49701805912196345
0.44118521405567585
0.35243417756523715
0.25908847863301204
0.16926112718280156
0.08665344437431938
0.013793141501599479
0.0
-0.03561470351451784
-0.17980595163990257
-0.279155476176422
-0.3681651442618702
-0.4517423123241342
-0.5287920118795708
-0.597204019967099
-0.6549471408611999
-0.6882998400197827
-0.6922770231542178
-0.6789292117834812
-0.6560331102402092
-0.6285377075686894
-0.5995294502189245
-0.5708753713839876
-0.543650706832001
-0.5184224059088088
-0.4954363888508888
-0.43638540086719957
-0.346993622468997
-0.2536768824387934
-0.16414190698334313
-0.08199334945700268
-0.009723580916107963
0.0
0.04695823311544986
0.1869702501645478
0.2853527646732756
0.3739087270903064
0.45699500872671045
0.5334188440473698
0.6010702807885141
0.6579416850284264
0.6889513714092558
0.6915324364088651
0.6774010610818586
0.6541125592847276
0.626469938372388
0.5974639303890265
0.5688992940301448
0.5418111765179385
0.5167411056927114
0.4939192304878896
0.431784303706933
0.3417769788273816
0.24848633236577947
0.15923007432651098
0.077520315509681
0.005815598044011869
0.0
-0.05784367419932113
-0.19384480716852895
-0.291299319402905
-0.37942000472205484
-0.46203542191815017
-0.537858934720485
-0.6047808337882101
-0.6608160793034974
-0.6895786690830876
-0.6908206649668232
-0.6759376421910069
-0.6522726174897806
-0.6244886113847006
-0.5954845710669199
-0.5670055364891474
-0.540048210738858
-0.5151297421758311
-0.4924651542021879
-0.4273781384044145
-0.3367820920936159
-0.24351701790388242
-0.15452814070929013
-0.073238952757358
-0.0020755968472489367
0.0
0.06826688617369014
0.20042846418773755
0.29699488795547746
0.3846991360903419
0.4668639557252271
0.5421128346887292
0.6083362948824961
0.6635709297465925
0.690180891815584
0.6901400582797435
0.6745369023415435
0.6505110847737289
0.6225915343637793
0.5935892781248475
0.565192151281318
0.5383600307500271
0.5135867110477521
0.49107272600358604
0.4226639602722609
0.3314368383989811
0.23823107736575505
0.14956544049344092
0.06876183466495882
0.0
0.0
-0.07809092628712236
-0.2068310803059559
-0.30265051190402437
-0.39001856209202135
-0.4717958581461867
-0.5465238732188373
-0.6120939521378461
-0.6665636339237003
-0.6909167623844901
-0.6895265408771863
-0.6731615191061611
-0.6487494549100193
-0.6206794993433118
-0.5916709866537067
-0.5633520531457524
-0.5366441083762218
-0.5120165200067638
-0.4896546368787117
-0.41762912519643036
-0.32567296493949927
-0.23248354836823856
-0.1441237687936136
-0.06380759899387363
0.0
0.0
0.0868701131153845
0.21269230269068604
0.3079103927324466
0.39502133132596784
0.47648263403327606
0.5507641368327624
0.6157581456482595
0.6695411247744161
0.6917235369364128
0.6890311947297318
0.6719268692392283
0.6471357300652338
0.6189132469715044
0.5898910183073156
0.5616400199863172
0.5350447961141046
0.510551274071864
0.48833020283879586
0.41281101924891217
0.32013632119960383
0.22694600613152638
0.1388654604495212
0.05900531460995774
0.0
0.0
-0.09535285139971372
-0.21835706513577047
-0.31299489703699424
-0.39985803177155177
-0.48101457632573624
-0.5548651503639662
-0.6193029738927461
-0.6724227820481877
-0.6925074720555678
-0.6885566122121737
-0.6707375612759121
-0.6455797662480298
-0.6172095439251639
-0.5881737268811366
-0.5599880640471627
-0.5335014795527764
-0.5091372510804697
-0.4870520189398759
-0.4082104579107033
-0.3148500217905882
-0.22165648111790598
-0.1338397337690526
-0.05441227992007565
0.0
0.0
0.10348864715392223
0.22379560563672032
0.31787974765838867
0.40450732661859146
0.4853733149652462
0.5588119776694318
0.6227173861002151
0.6752017727197743
0.6932707646888708
0.6881101700387647
0.6696036821747822
0.644092802822759
0.6155798230274064
0.5865301703777511
0.5584065526275684
0.5320236802826853
0.5077830724745458
0.4858278130890116
0.4038035683517992
0.3097870559429517
0.21659133849389395
0.12902812063426805
0.05001584665427994
0.0
0.0
-0.11127473089046211
-0.2289995066785544
-0.3225532132966488
-0.4089548893274283
-0.4895423739684628
-0.5625864348465109
-0.6259819705735926
-0.6778579709319226
-0.6939981438761491
-0.6876800840701951
-0.6685159868898563
-0.6426674720292379
-0.6140181272107226
-0.5849554697423855
-0.5568914444052016
-0.5306080186469975
-0.506485889208601
-0.48069907839324677
-0.39746002476812237
-0.30341578618061454
-0.2105878415256333
-0.12360729444736454
-0.04533566191214848
0.0
0.0
0.1198819244380423
0.23463656307010547
0.3275481316129281
0.4136628964174591
0.49391590011036723
0.5665064380298318
0.629330212633131
0.6799167030729274
0.6943161008253236
0.6869678621441757
0.667232528636234
0.6411051726457833
0.6123596427144733
0.5833115751454374
0.5553262098122485
0.5291555048390102
0.505161178261508
0.47455355759304846
0.390432188980201
0.2964988192952093
0.20414676899840972
0.11785792321335481
0.04044052736671838
0.0
0.0
-0.1292979691640868
-0.2408744130085836
-0.3331253881311073
-0.4189604821063624
-0.498877648169833
-0.5709979268628708
-0.6332172150383878
-0.6813579400439437
-0.6942675180053133
-0.686051297433193
-0.6658481692619254
-0.6395066871880628
-0.6107043096702364
-0.5816936706538957
-0.5537991941871198
-0.5277467209785389
-0.5038815498629767
-0.4686358938325107
-0.38367294820248593
-0.2898545192023996
-0.19796808404984362
-0.11235149427022682
-0.03576151689817586
0.0
0.0
0.13841246237731503
0.24694279095977706
0.33857283939526295
0.4241526944558775
0.5037586134206333
0.5754357972348666
0.6370799890438725
0.6828455462775096
0.6943045550607798
0.6852396218409497
0.664575476975355
0.6380190626895659
0.609154636738577
0.5801738808156868
0.5523617004419163
0.5264186212181127
0.5026740017794384
0.46299319825606
0.3772379722097744
0.283542999734551
0.1921137514576403
0.10714957203478201
0.031357692393801165
0.0
0.0
-0.1470756835449395
-0.2527230486827873
-0.3437689141435912
-0.4291102105119774
-0.5084232216228183
-0.5796811944770944
-0.6407797330803342
-0.6842755371116025
-0.6943479970824348
-0.6844714658298836
-0.6633661223696521
-0.6366036472344383
-0.6076792728068041
-0.5787264558346421
-0.5509923486072881
-0.525153289779269
-0.501523405726457
-0.4575809842475913
-0.3710644827738432
-0.27748797299827327
-0.1864976585882584
-0.10215980018158559
-0.027134046843260137
0.0
0.0
0.15537268626389814
0.25825612946295856
0.34874101335806357
0.4338527162916796
0.512884282493181
0.5837400320570025
0.6443154489857132
0.6856391072753295
0.6943848551393846
0.6837319514060457
0.6622047590324512
0.6352454756342208
0.6062641138359275
0.5773383963553913
0.5496793391022614
0.5239401311980704
0.5004203215175719
0.4523974609325632
0.3651514254065116
0.2716876759647671
0.18111706110360154
0.09737845380019926
0.023085958612951096
0.0
-0.009208186350203235
-0.16303135189068227
-0.26457990318109875
-0.3546069125238326
-0.4392954791875279
-0.5177777855460148
-0.5879433607385498
-0.647706521550784
-0.6865973208281742
-0.6938813952508346
-0.6823963551829659
-0.6604401806288575
-0.6333056603157602
-0.6043047256127723
-0.5754511781200824
-0.5479147894512281
-0.5223225074520313
-0.4989575211132138
-0.4470504788907133
-0.3590802313320903
-0.2656981036756841
-0.17551287793883652
-0.09234385539298755
-0.018761895579193874
0.0
0.021608157470393352
0.17091729757796317
0.27143898206767214
0.3609929828053401
0.44516367066481966
0.522976539737987
0.5923211597095656
0.6511373699031636
0.6874188902465191
0.6931440921431872
0.6807801287860653
0.6583796220239674
0.6310735288685462
0.6020676332340557
0.5733066378321935
0.5459157999699991
0.5204938098597575
0.4973062984146934
0.44205594992302005
0.3534199366838992
0.2600679081160354
0.17018660689549192
0.08749491155128268
0.014526958605046797
0.0
-0.03356402004443507
-0.17851045456505577
-0.27803471242928607
-0.3671264105853901
-0.4507923849256109
-0.5279553342714524
-0.5965049787100638
-0.6544058553643255
-0.6881828604606599
-0.6924128293905977
-0.6792068505250158
-0.6563817332451154
-0.6289129108018618
-0.5999041676341225
-0.57123381713844
-0.5439843562510547
-0.5187273385594433
-0.4957115404490061
-0.43722262676777884
-0.3479432360243344
-0.2546219845918906
-0.1650364628304138
-0.08280817775970109
-0.010435658400792969
0.0
0.044978310416606965
0.1857206061516925
0.2842722958829089
0.3729077059933882
0.45607984934597795
0.532613039801892
0.600397278963383
0.6574208213462083
0.6888385790057693
0.6916627701080401
0.6776678195204898
0.6544476080778195
0.6268305733173131
0.5978241205556387
0.5692438563324469
0.5421319108225852
0.5170342397830623
0.49418373899857027
0.4325849817063964
0.3426846501051204
0.24938942649751317
0.1600846575851602
0.07829854536669002
0.0064955153511638
0.0
-0.055948472846962194
-0.19264758639304938
-0.2902634944980283
-0.3784598351307295
-0.4611571278704605
-0.5370850777947839
-0.6041339345943908
-0.6603147260563771
-0.6894688031128946
-0.690944115181084
-0.6761920818478471
-0.6525926988890619
-0.6248333707551981
-0.5958290326394664
-0.5673351271205953
-0.5403550542070958
-0.515410209312776
-0.49271825096381483
-0.42814529190007555
-0.33765171358691987
-0.24438213520108681
-0.15534665403156794
-0.07398419670858775
-0.0027265489381870095
0.0
0.06645267569063176
0.19928258527155404
0.29600360802510645
0.3837803583441302
0.46602362425015975
0.5413725367902664
0.6077175771424818
0.6630915729040875
0.6900761986878461
0.690258635668213
0.6747808104095703
0.6508177792143812
0.6229218104165772
0.5939192340608856
0.5655078421492307
0.5386539213411237
0.5138553309453012
0.4913151267004747
0.42349400350241423
0.33237803551540307
0.23916130864834276
0.15043814503797748
0.06954845183226843
0.0
0.0
-0.0766632499027827
-0.2058734347809718
-0.3017883800938823
-0.3891966433212074
-0.471024116138487
-0.5458238827247452
-0.6114871361936784
-0.6660683421684463
-0.6907789889681564
-0.6896034365032123
-0.6733605005728812
-0.6490112446317916
-0.6209667993912388
-0.5919609265967297
-0.5636311640166093
-0.5369049863384436
-0.512255619157288
-0.4898708156394488
-0.4184350547709525
-0.3265992641804025
-0.23340910489824152
-0.14500154044958308
-0.06460804320880485
0.0
0.0
0.08546305655746517
0.2117544242242085
0.3070697200246172
0.3942225102831145
0.47573500573041755
0.5500885280416743
0.6151752187889516
0.6690684988165551
0.6915978797771847
0.6891135287210325
0.6721271571454756
0.6473963574404767
0.6191979924952971
0.5901776996875129
0.5619156001677664
0.535302135107743
0.510786980414759
0.48854321890969343
0.4135770960690309
0.3210169353593591
0.2278275799440544
0.13970349908984975
0.05977163456119612
0.0
0.0
-0.09399543992376236
-0.2174494580863755
-0.3121795209792255
-0.3990818195057164
-0.48028670873689966
-0.5542058819864608
-0.6187324216783658
-0.6719581479515623
-0.6923791320860824
-0.688630143851636
-0.6709258485850494
-0.6458270372764008
-0.6174807112150236
-0.5884472797833382
-0.5602513385564782
-0.5337475184349156
-0.5093627266973667
-0.4872558653168838
-0.4089433944340312
-0.31569192027869386
-0.22249862015771144
-0.13463960850057977
-0.05514302800647519
0.0
0.0
0.10219330393352169
0.2229296431704604
0.31710193238405004
0.4037670272802564
0.48467930070322246
0.5581835792024942
0.6221737964415621
0.6747593969900415
0.6931494868856585
0.688181587944244
0.6697845872101703
0.6443299297271706
0.6158396660887394
0.5867921930374428
0.5586586685392213
0.5322592537079198
0.5079989339549018
0.48602295270373025
0.40450665842779954
0.31059489551042685
0.21739957500065576
0.1297959446240907
0.05071745716279173
0.0
0.0
-0.11003295973831317
-0.2281697115397724
-0.3218080930087993
-0.40824585295903937
-0.4888777984254584
-0.5619848251821634
-0.625461699563983
-0.6774347384370571
-0.6938823972048472
-0.6877488476444965
-0.6686895705350865
-0.6428948643603606
-0.614267241741612
-0.5852066411512873
-0.5571331003840828
-0.5308338069596478
-0.5066927771694995
-0.4816395786910243
-0.39853724444214045
-0.3044787822866625
-0.21158073354505252
-0.12449675500338094
-0.04609640835408435
0.0
0.0
0.11847379139576988
0.23371740740761252
0.326735504572339
0.41289818925187954
0.4932066138365336
0.5658718006938013
0.6287893240012108
0.6797349080098614
0.694351772995826
0.687129013166474
0.6674600835310296
0.6413617983932727
0.6126222964747098
0.5835665427046814
0.5555658100142519
0.5293759075624328
0.5053609658079067
0.4754641068167697
0.3914743360663555
0.29752619680867237
0.20510529005792538
0.1187154110429616
0.04117262991547614
0.0
0.0
-0.12789198750303488
-0.23994138106229163
-0.33228959907657174
-0.4181650290129686
-0.49813088915788595
-0.5703199541848837
-0.6326281485828942
-0.6811321387999058
-0.6942634978311778
-0.6861769689313104
-0.6660442187127187
-0.6397354725866518
-0.6109424513519982
-0.5819271156932752
-0.554019936065668
-0.5279506258910102
-0.5040669220443269
-0.46949440455711816
-0.38465160289802885
-0.2908142850243867
-0.19885827642678305
-0.11314245767420386
-0.03643112040628069
0.0
0.0
0.13709133967907705
0.2460604537126772
0.33777913961148903
0.4233950422311939
0.503045360175511
0.5747862620977182
0.6365135157500463
0.682625759478063
0.6942966107441608
0.685355732491811
0.6647590816727882
0.6382342501097732
0.6093790871389554
0.5803941642460692
0.5525701516021245
0.5266112684163703
0.5028491998501246
0.4638187270588931
0.3781794998499167
0.2844662646726268
0.1929698748156442
0.10790999447069036
0.03200111966887696
0.0
0.0
-0.14581191847378056
-0.2518804457424312
-0.3430118570075339
-0.4283882048130751
-0.5077441556894553
-0.5790634552609588
-0.6402417241586369
-0.6840683353409973
-0.6943428272969466
-0.6845845033012179
-0.6635433699468605
-0.636810830950183
-0.6078950993889156
-0.578938121249875
-0.5511925528433472
-0.5253382586392855
-0.5016915851221706
-0.45837159529505145
-0.3719664240324879
-0.27837276704657726
-0.1873184817307683
-0.1028892575285204
-0.027751689488562922
0.0
0.0
0.15415952762756713
0.2574470336505449
0.3480138989035377
0.4331591339653325
0.5122318161257375
0.5831463442323106
0.6437982209249108
0.6854394711607873
0.6943792105290122
0.6838398386708178
0.6623743457223439
0.6354438590896152
0.6064708502416115
0.5775411901307351
0.5498711778470721
0.524117387085271
0.5005814980980743
0.45315445770291035
0.3660149199314902
0.27253467276335863
0.18190274202968315
0.09807660345763648
0.023677012869592257
0.0
-0.007478198367572408
-0.16192513101043965
-0.2636136338670319
-0.3537041636573284
-0.4384630159739188
-0.5170372276631943
-0.5873163427173467
-0.6472111346901007
-0.6864719590317793
-0.6939774768619636
-0.6826176602620143
-0.6607251738631312
-0.6336156877213566
-0.6046161451384491
-0.5757501234107906
-0.5481936947896442
-0.5225778094972032
-0.49918814594787037
-0.44773852879402776
-0.3598603240425053
-0.266475056411173
-0.17624903621300533
-0.09301524614472491
-0.019349551521531186
0.0
0.019929030946716275
0.16984463527058005
0.27050319860378635
0.36011979944237055
0.444359518172786
0.5222622424585978
0.5917175402611715
0.6506618021813948
0.6873001695422021
0.6932388355137795
0.6809954927925929
0.6586562396176026
0.6313741162063904
0.6023693938427699
0.5735962085117907
0.5461858967153292
0.520741009699675
0.4975295792686801
0.44273045516934956
0.3541835436427454
0.26082661217886505
0.1709035196465608
0.08814674517687787
0.015095402513990358
0.0
-0.03197548088821045
-0.17750691237739225
-0.2771665255705766
-0.3663217674686738
-0.4500565346420221
-0.5273072116969972
-0.595963474604656
-0.6539865549872277
-0.6880922436885063
-0.6925180301593433
-0.6794219201715136
-0.656651790011303
-0.6292035576239245
-0.6001944381177413
-0.57151148296644
-0.5442428138848454
-0.5189635510821073
-0.49592468342580515
-0.4378711732579297
-0.3486788421362379
-0.2553540959911853
-0.16572941917309725
-0.08343937417402163
-0.010987260202703991
0.0
0.04344458776814869
0.18475258470841463
0.28343532385620496
0.3721322770832293
0.45537093210735413
0.5319888331320282
0.5998759460228844
0.657017340325094
0.6887512054809722
0.6917637312981503
0.6778744605066612
0.654707149382814
0.6271099346461539
0.5981031373617085
0.5695107672201595
0.5423803636561014
0.5172613124586979
0.494388637227843
0.4332052170660085
0.34338776647690017
0.25008899721685207
0.16074664993143434
0.07890139147050063
0.007022204832141471
0.0
-0.05448037872415756
-0.191720174257621
-0.28946110567877725
-0.37771605177005185
-0.46047676839061025
-0.5364856192399352
-0.6036328222727709
-0.6599263590951078
-0.6893836968813275
-0.6910397444148765
-0.6763891804127677
-0.6528406460045914
-0.625100434347354
-0.5960958655407068
-0.567590440427888
-0.5405927467037452
-0.515627469709486
-0.492914309237234
-0.4287395579012903
-0.3383253551687941
-0.24505228767018294
-0.15598070531168706
-0.0745614907778989
-0.003230800983079485
0.0
0.06504731986716267
0.19839494427862772
0.2952357252373076
0.3830686384831883
0.4653726718292134
0.5407990741492212
0.6072382950752118
0.6627202450407157
0.6899950994520256
0.6903504901849442
0.6749697507917445
0.651055356285668
0.6231776546925976
0.5941748303620269
0.5657523881908604
0.5388815800667559
0.5140634140394306
0.4915028994137902
0.4241369862394888
0.33310712223634287
0.2398819008214761
0.15111417483424605
0.0701577951054072
0.0
0.0
-0.07555731800697862
-0.20513160648705067
-0.3011205403186325
-0.3885599540791749
-0.4704262957056359
-0.5452816437155967
-0.6110170736992572
-0.6656846705104771
-0.6906722644829888
-0.6896630027449948
-0.6735146391062199
-0.6492140368059766
-0.6211893528255794
-0.5921855249938028
-0.5638473738069764
-0.5371070722314387
-0.5124408343627833
-0.49003827584800985
-0.41905935817062934
-0.32731681045617744
-0.23412607584136547
-0.1456814954289255
-0.06522809743949937
0.0
0.0
0.08437309756301689
0.21102790824730538
0.30641850328902814
0.3936037134234284
0.47515586469509025
0.5495651760323742
0.6147236616942732
0.6687023849538437
0.6915005410115506
0.6891773077327586
0.6722823077013464
0.6475982492210776
0.6194185671018345
0.590399773881185
0.5621290749547285
0.5355014795836096
0.5109695674246422
0.4887082291803537
0.41417052802550447
0.3216990922530519
0.2285104802211716
0.1403526753831849
0.060365254857088615
0.0
0.0
-0.09294393787258398
-0.21674639148453895
-0.3115478999771868
-0.3984805362519635
-0.4797228750907414
-0.5536951878729798
