0.0
-0.04799999999999993
0.0
-0.10119082666666668
-0.015433967502222312
-0.09652654552253653
0.0
-0.14274708319899598
0.0
-0.18385054642170712
0.0
-0.2733010655751391
-0.13151630552482996
-0.5229652349581468
-0.41560879302122283
-0.6678289931280024
-0.7479304043528173
-0.8278306047794297
-0.853038216024649
-0.845229830441472
-0.8184732604953938
-0.7817925645324141
-0.7408812220033175
-0.6992447324941836
-0.6589612473677643
-0.6211866788329108
-0.5864890325116855
-0.5550687416729245
-0.5269030255117101
-0.5018397181850612
-0.47965758539706904
-0.4601044962052733
-0.4429210336125062
-0.42785459402419657
-0.38149069098833016
-0.30233307090802797
-0.18099369383987646
-0.03991656891654824
0.0
0.1846549209444614
0.36503699776474424
0.4994145801197337
0.618552050217946
0.7258435703768104
0.8193458833186666
0.8700349353313306
0.8763825177992562
0.8565638518677566
0.8223096932840698
0.7810867177577431
0.7375528000927046
0.6945267393723668
0.6536330456984685
0.6157294519764438
0.5811892966251199
0.5500871025772749
0.47556492325206484
0.3792503843265868
0.28068322283883007
0.1862218913319078
0.09927764849913187
0.022388543718354137
0.0
0.0
-0.06746357204373762
-0.17944029250404686
-0.2661388232297933
-0.3470247047414333
-0.4240389633094952
-0.49561485675835093
-0.5596621914727993
-0.6142405725098593
-0.6577406553509686
-0.6704739490314746
-0.6631699707155472
-0.6444758619618489
-0.6199275323393169
-0.593007733126614
-0.5658515737729934
-0.5397160428961646
-0.5152916750338602
-0.46898419068748726
-0.3743870690532191
-0.2721420438193618
-0.17314374256100806
-0.08186926709934136
-0.0011822300235633104
0.0
0.019154664980569197
0.16500217200898828
0.26412795660049293
0.3531146015534001
0.43727400081381373
0.5155495016515824
0.5857782620353895
0.6458452648636819
0.6896471331699155
0.6996691465788397
0.6895361188222876
0.6680648895427101
0.6408882563562813
0.611539203637539
0.5821736841612583
0.5540514769295634
0.5278552448905922
0.5039014882645011
0.4738821943847797
0.3903909702629694
0.2970467055542894
0.20521433958429913
0.11936084016233095
0.04228468058756629
0.0
0.0
-0.14931306045510864
-0.2566944811198819
-0.34896546099800413
-0.43531932547183094
-0.5154690366070828
-0.5873754437657177
-0.6489171332077268
-0.6906436197426418
-0.6994110934366795
-0.6885564247540326
-0.6667055574538613
-0.6393652138325299
-0.6099855373674843
-0.5806684233842183
-0.5526387094202644
-0.5265567715300506
-0.5027251642168836
-0.455250916515457
-0.36843396079670643
-0.2752834176593427
-0.18490593520617493
-0.10123776178523315
-0.026893891771775563
0.0
0.003805998607373129
0.15826435673405273
0.25956496904515314
0.34928633424458316
0.4337894141494767
0.5122446496629458
0.5825463396910915
0.6426024544456114
0.68371944115477
0.6924263985703151
0.68183440202866
0.6604237415617773
0.6336085028758153
0.6047811073605119
0.576008581132193
0.5484957263532145
0.5228924015045538
0.49949665066207505
0.4472068779946706
0.35906751366476447
0.2655735608041921
0.17530268344208344
0.09206874458441229
0.018442046485145663
0.0
-0.027376277250688863
-0.17407607323896346
-0.27386811483896684
-0.3630294272329767
-0.4468317741473293
-0.5242460205410437
-0.593161788929727
-0.6515308304843977
-0.6871268391988383
-0.6924641631489211
-0.6799026893747488
-0.6574242739439763
-0.6301134436441288
-0.601145745153535
-0.5724463907751441
-0.5451282551450911
-0.5197823250509495
-0.4966695893404635
-0.43978877426210194
-0.3508700926695941
-0.25757652319220103
-0.16787967185855684
-0.08544685941695869
-0.012793424786045754
0.0
0.0411776647433191
0.18309703798550925
0.2818601919294848
0.3705697413363005
0.4538486733256831
0.5305519945505224
0.5985696606262785
0.6558820479345143
0.6883250167996451
0.69176984323343
0.678132775226134
0.6551017291002249
0.6275672577210843
0.5985775901062332
0.5699749803746276
0.5428187904620525
0.5176659738267277
0.49475631402842424
0.4335544050561943
0.3438040769657431
0.25057749071646257
0.16129404828136384
0.0794895634455291
0.007631500226358293
0.0
-0.05478065053950215
-0.1917414259793865
-0.28937058588199005
-0.377552318871108
-0.4602530726625971
-0.5362112707477136
-0.6033174024469665
-0.6595803230179822
-0.68913959182627
-0.6908655822257227
-0.6762632957773722
-0.6527483265383677
-0.6250316559038186
-0.5960437696013458
-0.567550309831044
-0.5405613161057301
-0.5156024609496356
-0.4928941178712919
-0.4279752024662651
-0.33746240845515857
-0.2442450474047198
-0.15527805798087596
-0.07398699137439611
-0.0027990439188098765
0.0
0.06712112206353094
0.1996217206305755
0.2962431031785828
0.3839628316156251
0.46615400084062386
0.5414493130887127
0.6077393861841062
0.6630585461344253
0.6899878527405235
0.6901417527482225
0.674652248902128
0.6506878827028513
0.6227966765138186
0.5938022205681674
0.5654005635516653
0.5385569051424903
0.5137684473454525
0.4912378675719097
0.4226981419678798
0.3314790682348474
0.2383083548710026
0.14968036761336106
0.06891102775388316
0.0
0.0
-0.07857635158139803
-0.2071010252755733
-0.30285990009269664
-0.39019477406258296
-0.4719404730547932
-0.5466340142399817
-0.6121668178229072
-0.6665974857963307
-0.6908877034415609
-0.689461981866202
-0.6730789825732345
-0.6486599410630168
-0.6205897300023611
-0.5915848982628373
-0.5632717875344078
-0.5365706679342035
-0.5119501989224915
-0.4895953031989587
-0.41712181313277624
-0.32509942383840834
-0.23193671705330515
-0.1436347166640134
-0.06339256115974479
0.0
0.0
0.08822026440574066
0.21353676810405883
0.3086341034157237
0.395686136944232
0.4770846106514084
0.5512877843346544
0.6161881071932491
0.669864947219342
0.6917740897217072
0.6889200011149622
0.6717259599877181
0.6468909990099315
0.6186533658411472
0.5896333777946882
0.561394680656316
0.5348171084861706
0.5103436097100624
0.4881430924105192
0.41193019192720864
0.31913303750071076
0.225963663571496
0.13795611304889005
0.05819925627884759
0.0
0.0
-0.09719386142422501
-0.2195440009409896
-0.31403465296381805
-0.4008293072727271
-0.48190876031788565
-0.5556582128287055
-0.6199711001868046
-0.6729461382453864
-0.6926194154365481
-0.6884235142575604
-0.6704670380273757
-0.6452405289531131
-0.6168446517517443
-0.5878094209914038
-0.5596396442650651
-0.5331772031682405
-0.5088409102325167
-0.48678463632146657
-0.4070969748321707
-0.3135762475389786
-0.22039679429522224
-0.13265951686751004
-0.053351046689709275
0.0
0.0
0.105655087683489
0.22521296128018453
0.319134235902564
0.40568839551675445
0.48646902090090954
0.5597924222607563
0.6235529136499229
0.6758674020022826
0.6934311186235746
0.6879686014024701
0.6692918310188395
0.6436948123246622
0.6151485080814103
0.586097796725211
0.5579920086329149
0.5316372360186763
0.5074295267418307
0.4848155280333026
0.40217922398005784
0.3080853442471786
0.21496395618811265
0.1275430017276326
0.04871855438316092
0.0
0.0
-0.11388511815906846
-0.23069724660630228
-0.32405014087584455
-0.4103605129269035
-0.49084328522972115
-0.5637474517157639
-0.6269681703792064
-0.6786400328644632
-0.6941831360183156
-0.6875084944567172
-0.668143474687924
-0.6421935148895973
-0.6135051483987516
-0.584441589369751
-0.5563989630837053
-0.5301490469077498
-0.5060660698595945
-0.47862059849176924
-0.39508639761127173
-0.30108900539218586
-0.20843189665971618
-0.12169432258044215
-0.04371930441969479
0.0
0.0
0.12313511921619749
0.23675795249593187
0.32942316981312036
0.4154277529750104
0.4955537283175352
0.5679731818456207
0.6305820251308093
0.6803469363635328
0.6942481752385993
0.6866119099314578
0.6667235561683451
0.6405285525075045
0.6117681187959202
0.5827365857730623
0.5547854094947293
0.5286577450764076
0.5047097919328477
0.47239442821603306
0.38796509601182044
0.2940758370599611
0.20189643756640252
0.11585563488034546
0.038742697348585875
0.0
0.0
-0.13269388902131873
-0.24311358267680722
-0.33512221605486775
-0.4208545028870229
-0.5006498552735752
-0.5726008673140551
-0.6346034022546005
-0.6818785176310171
-0.6942603682585877
-0.6857362599793891
-0.6653667669852167
-0.6389486676852507
-0.6101253545394998
-0.5811271912020293
-0.55326417032166
-0.5272528948604668
-0.5034328531437501
-0.4664951114697382
-0.38123325126702157
-0.28746544223849824
-0.19575637669498364
-0.11039085673471574
-0.03410667744021016
0.0
0.0
0.141750951801159
0.2491589194267414
0.34055810835447486
0.42604201661142593
0.5055320260723795
0.5770455094008604
0.6384781667546878
0.6833793626881278
0.69431080830523
0.6849375113912611
0.6641061721741429
0.6374721400585823
0.6085857206605956
0.5796163943173192
0.55183467490864
0.5259318713112029
0.5022315408343548
0.46087279179444435
0.3748204940427575
0.2811749449091278
0.18992082084612338
0.10520490295686735
0.029715631413284205
0.0
0.0
-0.15035654111708643
-0.25490224924899246
-0.3457218519780679
-0.4309692242717343
-0.5101685438674927
-0.5812657300674735
-0.6421563520432143
-0.6848007957770901
-0.694353650297851
-0.6841734282586005
-0.6629034456486446
-0.6360645621234214
-0.6071185661607585
-0.5781770456957044
-0.5504729771277627
-0.5246736207266335
-0.5010873887707044
-0.4555050320142313
-0.36869699617834206
-0.2751675297635263
-0.18434730468832403
-0.10025128216713866
-0.02552077282581082
0.0
0.0021503975378976414
0.15851145513269305
0.2606274559486208
0.35091113352778625
0.4358845614964847
0.5147404662249382
0.5853684456501533
0.6456683688104279
0.68607565573394
0.6942676166526232
0.683296303518622
0.6616017476982377
0.634570452530675
0.6055758368448428
0.576671745578937
0.5490537618016134
0.523365232105454
0.49989954752639776
0.4501821683901019
0.3626319997282752
0.2692148999244328
0.1788198415468225
0.09533284077696977
0.021349010981295546
0.0
-0.014282894834773713
-0.16625387264374622
-0.26738020064116574
-0.3572124312954505
-0.44168822495290355
-0.5198960311074753
-0.5897253878933864
-0.6491010551677228
-0.6869275989892623
-0.6935760563574993
-0.6817328437226299
-0.6595958062117007
-0.6323916885736187
-0.6033891051605045
-0.5745736612937309
-0.547096965860336
-0.5215744385171923
-0.4982821065053962
-0.44500426085892375
-0.35676048223204765
-0.2633900500525478
-0.17332881591471438
-0.09035494182235776
-0.01702424802246122
0.0
0.026588602242377884
0.1740875074365343
0.27419745383419414
0.3635617006256455
0.44752447696833286
0.5250684913718375
0.5940833405747017
0.6525191160784636
0.68775235651113
0.6928511350459989
0.6801338399483998
0.6575545624402702
0.6301792697114043
0.6011711165833933
0.5724470541824102
0.5451144607617865
0.5197606758783061
0.49664427666887917
0.44004648313192885
0.35114442784963906
0.2578069980300842
0.16805035454028233
0.08555276118632454
0.01283349779532729
0.0
-0.03832507247020964
-0.18151655154565144
-0.28063436732891933
-0.36953513853602893
-0.45299462224792575
-0.5298944767988695
-0.5981245485267094
-0.6556592756568
-0.6884532517822181
-0.6920975950967543
-0.6785630608683152
-0.655573535615192
-0.6280431820144533
-0.5990356130790051
-0.5704030066626659
-0.54321103623125
-0.5180205879534365
-0.4950738210731801
-0.4352788797466779
-0.34573901359336046
-0.252428956477084
-0.16296149514966357
-0.08091893448655946
-0.008785479420811829
0.0
0.049589843064182404
0.18863021270242372
0.2867873553856673
0.37523735839939204
0.45820924364329196
0.5344875362009567
0.6019623461193367
0.6586315051638673
0.6890998469644967
0.6913584317722458
0.6770461522110222
0.6536671451195973
0.6259906734531023
0.5969853452658702
0.5684415255398496
0.5413850963968199
0.5163517109976928
0.4935678742553678
0.43071650600484296
0.3405665536359737
0.24728236346713486
0.1580911902851319
0.0764836229939699
0.004910336377267149
0.0
-0.06038071886698235
-0.195446266291264
-0.29268409660098854
-0.380703058148677
-0.4632085271254055
-0.5388919820315332
-0.6056437705015871
-0.6614841189202302
-0.6897238116045374
-0.6906542428370459
-0.6755963669824502
-0.6518437891587818
-0.6240269487056515
-0.5950234307362489
-0.5665643765307044
-0.5396375421426899
-0.5147544023953347
-0.4921264609473448
-0.4262686206815936
-0.3355242130043951
-0.24227104725413273
-0.1533558368879812
-0.07217861493481229
-0.0011569860714496921
0.0
0.07092720152707013
0.20212444673002608
0.2984707308039243
0.3860723110432079
0.4681241066408712
0.5432269395683209
0.6092714869368493
0.6642999520681588
0.6903406986592932
0.6899606248590525
0.6741670084323924
0.6500457440794408
0.6220903072832609
0.5930884790835393
0.564712969640671
0.5379139187547005
0.5131789458370932
0.4907047532974946
0.42139929811994764
0.3299956185350651
0.2367988504282752
0.14821390940882567
0.06753567228165253
0.0
0.0
-0.08029156266674212
-0.20830256876766204
-0.3039724814514563
-0.3912769948045127
-0.4729758281173439
-0.5475925091900189
-0.6130186134006251
-0.6673164134587798
-0.691123646054295
-0.6894057943250925
-0.6728545883573677
-0.6483468883023021
-0.6202382575692456
-0.591225984898186
-0.5629238423026313
-0.5362439737552483
-0.5116498543100195
-0.48932316143677834
-0.4164063607057313
-0.32426811835203273
-0.23107972205369876
-0.14279217314609094
-0.06259300582955737
0.0
0.0
0.0890139173616489
0.21412187385431114
0.30919220992232443
0.3962396731838017
0.4776232425140024
0.5517952532580148
0.6166482546632159
0.6702633408814158
0.6919169540862677
0.6889075408235539
0.6716233217363239
0.6467400760619652
0.6184806840094959
0.5894553565331153
0.5612211367414961
0.53465358388222
0.510192913433428
0.4880063175848406
0.4116433236765168
0.3187942573615018
0.22560288256881564
0.13758910167033545
0.05783863529751655
0.0
0.0
-0.09742151176974295
-0.21973962354460053
-0.31423656551848933
-0.40103976165036187
-0.4821224186396015
-0.5558682778239721
-0.6201707723069296
-0.6731290829642644
-0.6927017117939609
-0.688443520660628
-0.6704498134905749
-0.6452022964609992
-0.6167957818667243
-0.5877564239840211
-0.5595864982238707
-0.5331262376557244
-0.5087933926772827
-0.48674115978897536
-0.4070912495226207
-0.31356435335773086
-0.2203704499270835
-0.13261826624174156
-0.05329640304390286
0.0
0.0
0.1054679811848322
0.22511851185233012
0.3190678088892879
0.4056379604200211
0.48643315074727206
0.559771502808417
0.6235472980785319
0.6758770287456973
0.693455711288636
0.6880008848787305
0.6693272285005197
0.6437305180929559
0.6151828704429724
0.5861299084098153
0.5580214358236327
0.5316638399048271
0.507453346718972
0.48509685155285454
0.4024970962778168
0.30838635848112
0.21523061970838545
0.12776643980489116
0.04889295206271471
0.0
0.0
-0.11329929574979564
-0.2303396911529389
-0.3237492206059321
-0.41008798276101355
-0.4906000586836402
-0.5635395626839054
-0.6268015967255717
-0.6785194972158317
-0.6941720414230734
-0.6875617868060514
-0.6682320952059856
-0.6422989859160919
-0.6136159600250407
-0.5845507919435984
-0.5565025666611092
-0.5302449602519282
-0.5061533998048843
-0.47916222037612
-0.39570168042069853
-0.3016839629133732
-0.20897384028920526
-0.12216520685600617
-0.04410630249593546
0.0
0.0
0.12220627684371274
0.23616476338280976
0.3289064590640405
0.4149466666143509
0.4951119446003225
0.5675822762497106
0.6302535183259398
0.6802405903768073
0.6942761085984369
0.6867170706063352
0.6668693307397443
0.640691825879426
0.6119346451368114
0.5828979067239537
0.5549368074706228
0.5287968883879312
0.5048358417390875
0.47305947405650617
0.3887230045641672
0.2948152953077541
0.20257764327362704
0.11645582629677648
0.03924519410055052
0.0
0.0
-0.13160304320087363
-0.2424052041916953
-0.33449724627157523
-0.4202665086864664
-0.5001040278577585
-0.5721116230025715
-0.6341851504190101
-0.6817289664117934
-0.6942741190513423
-0.6858447924466482
-0.6655260212317832
-0.6391307486030794
-0.6103129974475182
-0.5813100762149098
-0.553436473629897
-0.5274116668453739
-0.5035769485644765
-0.4672216525219529
-0.3820604999794751
-0.2882730199200798
-0.19650108054916746
-0.1110478779994187
-0.034657781129314974
0.0
0.0
0.1405883351370221
0.24839546082616296
0.33987925573701483
0.4253995486651665
0.5049321930145122
0.5765043219673704
0.6380116393216629
0.6832066165035036
0.694317000873549
0.6850479399750508
0.6642727629713923
0.6376644217144762
0.6087848017606197
0.5798109521657809
0.5520182900433218
0.5261012616552907
0.5023853965793881
0.4616340190643348
0.375687775730733
0.2820228041990367
0.19070403142223935
0.1058973557220715
0.030298049505634778
0.0
0.0
-0.14915758721062197
-0.25411119115572034
-0.34501616288999365
-0.4302997446925815
-0.5095420443415896
-0.5806990132976764
-0.6416662273772125
-0.6846170750254068
-0.6943567081842015
-0.684285434399745
-0.6630742986419
-0.6362624919505976
-0.6073238638529846
-0.578377886852918
-0.5506626464458213
-0.524848673133055
-0.5012464359980559
-0.45627883247871814
-0.36957900236076313
-0.27603077755462974
-0.1851458649351592
-0.10095852232053486
-0.02611695732935304
0.0
0.00033853995875843257
0.15735999207664841
0.2596261898336082
0.3499789483862925
0.43502793028342734
0.513981478903921
0.5847291992760651
0.6451672417387563
0.6859549455565964
0.6943742202424669
0.6835311099286699
0.6619014061484559
0.6348951991451435
0.605901379091683
0.5769838626725502
0.5493447216097479
0.5236314217737221
0.5001399140071376
0.4511199741248746
0.36369532150073824
0.2702589300088464
0.1797909390351123
0.09619911075566276
0.022086411439865575
0.0
-0.012123666171090203
-0.16489293015574583
-0.26620421561427177
-0.3561231499554384
-0.4406924594992359
-0.5190192748863233
-0.5889931074281947
-0.6485342519743927
-0.6868039548715544
-0.6937164926223106
-0.6820215109835336
-0.6599587239045237
-0.6327824840304556
-0.6037795072920338
-0.5749471765656686
-0.5474446825546695
-0.5218922529299135
-0.4985688979040463
-0.4458878076674667
-0.35776201212317377
-0.26438539818973006
-0.17426935124243842
-0.09121000869149543
-0.01776975631816191
0.0
0.024439275621600948
0.17272464761872966
0.27301492962036333
0.36246294484713826
0.44651690094484364
0.5241780135141918
0.5933358577739029
0.6519360906413454
0.6876169929225957
0.6929829814901485
0.680416111603353
0.6579126388277213
0.6305663381367697
0.6015586014394184
0.5728182495467501
0.5454603053941038
0.5200769596454766
0.49692980211673804
0.44091822248424384
0.35213180718278114
0.25878795349484063
0.16897706421897013
0.08639507851792141
0.01356773870263521
0.0
-0.03624473717294549
-0.18020404040565546
-0.27949992882856706
-0.36848443718757223
-0.4520343614586077
-0.5290493045351154
-0.5974190596933626
-0.6551137409882143
-0.6883360723522792
-0.6922355747818626
-0.6788441663433799
-0.6559262327179883
-0.6284226402181254
-0.599414509548899
-0.570765408830651
-0.5435483432344196
-0.5183288476148852
-0.4953519646748421
-0.4361287204475756
-0.3467025345120182
-0.2533872179890716
-0.163867772588771
-0.08174368435106752
-0.009505436011902263
0.0
0.047565336586268936
0.18735349540112853
0.2856841693158904
0.37421579436898017
0.4572757664321154
0.5336660834861635
0.6012768073076475
0.658101564591232
0.688986062879561
0.6914925378637504
0.6773193043056638
0.6540098455906995
0.6263593682892905
0.5973534898315913
0.5687936412461471
0.5417128276457454
0.516651218523559
0.4938381201391969
0.43153863891364225
0.341498483007552
0.24820924674856343
0.1589678804515104
0.0772815560598253
0.005607010003202115
0.0
-0.058425132061191265
-0.19421209295974148
-0.29161707333250136
-0.37971453618809103
-0.4623048245482161
-0.5380962883797409
-0.6049792310334635
-0.6609698192931687
-0.6896123201711978
-0.6907827483566623
-0.6758595478204228
-0.6521743913335875
-0.6243828192483759
-0.595378874196015
-0.5669044049864062
-0.5399540603552413
-0.5150436858488174
-0.49238749654084973
-0.4271427361417363
-0.3365152441047234
-0.2432515495473433
-0.15427697087782338
-0.07301026425223563
-0.0018758409452484803
0.0
0.06882366734541254
0.20078012984387336
0.29729910511184326
0.3849811010838023
0.46712184480891494
0.5423400231431152
0.6085261704628576
0.663718035922229
0.690213019896521
0.6901036683552559
0.6744620505386663
0.6504169649107948
0.6224901777345906
0.5934880197736782
0.5650952706808284
0.5382698403282221
0.5135042758149626
0.4909983370377806
0.42240922605428
0.33114799328256034
0.23794559957436828
0.14929761915115683
0.06852043457102368
0.0
0.0
-0.07852909690179932
-0.20712499027047834
-0.3029151062345761
-0.39027081362872357
-0.4720327091489306
-0.5467387023629529
-0.6122801846621272
-0.6667156383287336
-0.6909590431366263
-0.6895029390372729
-0.6731004488443268
-0.6486691087542884
-0.6205913241681896
-0.5915820014720652
-0.563266391621387
-0.5365640427594118
-0.5119431385329501
-0.48958828988729053
-0.41738176359993095
-0.3253886591740689
-0.232199471999559
-0.14385436041005506
-0.06356192587747794
0.0
0.0
0.08730199199918087
0.2129801700231174
0.3081684224060881
0.3952665140664605
0.4767121029726853
0.5509714996815728
0.6159370605657407
0.6696861840728144
0.6917621014008576
0.6890059207939984
0.6718653920323819
0.6470557331755497
0.6188258477876695
0.5898030252155403
0.5615554344242203
0.5349658095333227
0.5104789273902834
0.4882648206500964
0.41257587396097695
0.31986601924523866
0.22667541043480383
0.13860822863425937
0.058770097462662416
0.0
0.0
-0.09576951781916324
-0.21863565922879138
-0.3132451792818679
-0.4000962917889859
-0.4812379961500597
-0.5550675128814108
-0.6194781042216387
-0.6725654000846986
-0.6925468643508638
-0.6885340399366674
-0.6706797647748123
-0.6455038647832302
-0.6171263076240616
-0.5880897584511473
-0.5599072507069164
-0.5334259568207905
-0.5090680403669391
-0.4869894474355673
-0.4079854737993002
-0.31459159069085857
-0.22139797681715667
-0.13359420369805813
-0.05418796975155071
0.0
0.0
0.10388627758995317
0.224061428179122
0.3181185111121455
0.4047345734097142
0.4855863533474408
0.5590048738057114
0.6228842484253727
0.6753375654660547
0.6933079915500493
0.6880882460769665
0.6695481495547357
0.6440200121380841
0.615500059368868
0.5864497377519073
0.5583291611168543
0.5319513668209976
0.5077168099678547
0.48576791154032417
0.4035877379953918
0.3095390703858534
0.2163432315242998
0.12879241971539257
0.04980047197059967
0.0
0.0
-0.11165592815494682
-0.22925423520100957
-0.3227819480005286
-0.4091725467296662
-0.48974638261591014
-0.5627711141524256
-0.6261416805578897
-0.6779878921431137
-0.6940336744103321
-0.6876589744795468
-0.6684627001421742
-0.6425976673897492
-0.6139416544537036
-0.5848783656423617
-0.5568172613757972
-0.5305387066654229
-0.506422379230173
-0.48041036067846077
-0.39712933664101735
-0.3030894648226305
-0.21028304133593437
-0.1233342463356327
-0.045102127173540285
0.0
0.0
0.12031420188442127
0.2349187305001893
0.3277975958774754
0.4138976497024101
0.4941336397686285
0.5667012613711506
0.6294962563475077
0.6799725106727459
0.6943051494099811
0.6869183907243673
0.6671626723143957
0.6410263920775582
0.6122790116906026
0.5832333037124882
0.5552526559615365
0.5290878443539551
0.5050998463493589
0.47427402923468653
0.3901122616581363
0.2961834263001276
0.20385251440341307
0.11759468490396768
0.040215781114703725
0.0
0.0
-0.12972959244756327
-0.2411608445003462
-0.33338196663907055
-0.41920467762260377
-0.49910689488261967
-0.5712060566858824
-0.6333980514022001
-0.681427257919695
-0.6942687515213385
-0.6860127170531212
-0.665787983662749
-0.6394364520598278
-0.6106312023158358
-0.5816220051665354
-0.5537314284775718
-0.527684124076174
-0.5038246423451743
-0.4683723370541864
-0.3833725081149591
-0.28955987801084093
-0.19769480157192254
-0.11210867453290269
-0.035555953919841676
0.0
0.0
0.13881803941410717
0.24721366291892607
0.3388164999219793
0.42438528841824064
0.5039775770211652
0.5756351996491412
0.6372538918939662
0.6829130187911476
0.6943069934306793
0.6852039762337901
0.6645191112048318
0.6379530012831807
0.609085731700854
0.5801062550455388
0.5522977071302252
0.526359479643459
0.5026202169930666
0.4627397643136296
0.3769489271355424
0.28325956133308366
0.1918509253493802
0.1069161258116183
0.03116016328570846
0.0
0.0
-0.14746365542620618
-0.25298172480504744
-0.34400132781431125
-0.4293318633897275
-0.5086316920426992
-0.5798708377273422
-0.6409448993455763
-0.6843391469075579
-0.6943495838823661
-0.6844367634966732
-0.6633117078155704
-0.6365400424310087
-0.6076130147027017
-0.5786614752153884
-0.5509308865456076
-0.5250965049365096
-0.5014717751995054
-0.4573382682559807
-0.370787588659898
-0.27721634311572796
-0.1862456677207357
-0.10193585849827491
-0.0269444321067515
0.0
0.0
0.15574512434366083
0.2585045205768413
0.34896423619367817
0.4340656447305845
0.5130845883280974
0.5839222929150619
0.6444742367727002
0.6857003949521486
0.6943865878109883
0.6836988300272817
0.6621526960670998
0.6351845721354906
0.6062006460149832
0.5772761389306343
0.5496204448656675
0.5238857138841251
0.5003708405318483
0.4521650632923547
0.3648863330254297
0.2714276484274721
0.18087585756200025
0.09716412236373786
0.02290450545372595
0.0
-0.009739292941168265
-0.1633709616976341
-0.2648765477415066
-0.35488405623089964
-0.4395510451378416
-0.5180051365091539
-0.5881358549244594
-0.6478586049423871
-0.6866358066478514
-0.6938518980268675
-0.6823284144097334
-0.6603526876291783
-0.6332104818504892
-0.6042091197834473
-0.575359401892201
-0.5478291654963127
-0.5222441297132712
-0.4988867192815421
-0.44683924720582324
-0.3588407424668548
-0.2654595788191786
-0.17528687704095153
-0.09213773819334321
-0.018581485040208442
0.0
0.022123651081948748
0.17124660592598098
0.2717262684103233
0.361261050811228
0.44541054609008435
0.5231958294961981
0.5925064712435313
0.6512833694173589
0.6874553374574304
0.6931150057279818
0.6807140117535899
0.658294700104392
0.6309812482301396
0.6019749924110902
0.5732177393365588
0.5458328799960059
0.5204179192612934
0.4972377509704062
0.44184887590020094
0.3531855083176688
0.2598349849649624
0.16996651375534078
0.08729479781107105
0.014352445638546332
0.0
-0.03405170438496738
-0.17881854372924483
-0.2783012472323491
-0.3673734373223435
-0.451018292122101
-0.5281543088922923
-0.5966712212638584
-0.6545345811543134
-0.6882106798696973
-0.6923805325117077
-0.6791408237341423
-0.6562988253287206
-0.6288236817125957
-0.599815054087708
-0.5711485732470313
-0.5439050093108694
-0.5186548209082205
-0.49564610518898944
-0.4370235217312776
-0.34771740351858993
-0.25439722498457773
-0.1648237239177694
-0.08261439928019637
-0.010266315635168458
0.0
0.045449166729867874
0.18601779087194273
0.2845292481127995
0.3731457643308801
0.45629748843752366
0.5328046725486347
0.6005573292377412
0.6575446908138037
0.6888654028059359
0.6916317747562878
0.6776043802523584
0.6543679283046296
0.6267448087594919
0.5977384617713931
0.569161914094764
0.542055635250236
0.5169645279676883
0.494120834788059
0.4323945679686976
0.34246879170137656
0.24917465662787314
0.15988142437703656
0.07811347020671304
0.006333820465366277
0.0
-0.05639918157050339
-0.19293230430268846
-0.2905098299062567
-0.37868817849809977
-0.46136599993169414
-0.5372691130543858
-0.6042877772999287
-0.6604339556410009
-0.6894949308966198
-0.6909147567276455
-0.6761315720592515
-0.6525165784717147
-0.6247513815351333
-0.5957471142453374
-0.567256745273629
-0.5402820819958097
-0.515343509809742
-0.49265806056786277
-0.4279628506287746
-0.33744490379916414
-0.24417639658736243
-0.15515199858817535
-0.07380696588961806
-0.0025717422245788296
0.0
0.0668841239562637
0.19955509357691228
0.29623935020628145
0.38399885833734493
0.46622346845870444
0.5415485914096874
0.607864718053076
0.6632055715638108
0.6901010963505674
0.6902304360484091
0.6747228051605498
0.6507448423685231
0.622843265490256
0.5938407652657637
0.5654327658166541
0.5385840294635303
0.5137914488428621
0.4912574799430965
0.4232966059008657
0.3321542037374421
0.23894008472730574
0.1502306019045695
0.06936138166439351
0.0
0.0
-0.07700277436349526
-0.20610117830823582
-0.30199340891121473
-0.38939210882347924
-0.4712076487930983
-0.5459903517095916
-0.6116314467667373
-0.6661861304911317
-0.690811753684234
-0.6895851494718117
-0.6733131795676265
-0.6489489868153636
-0.6208984748105866
-0.5918919742078783
-0.5635647869563607
-0.536842945358003
-0.5121987575292872
-0.489819404849401
-0.4182433916858972
-0.32637897524468074
-0.23318899259693038
-0.14479279216999685
-0.06441768465054193
0.0
0.0
0.08579767743544417
0.21197746692875735
0.30726964561710335
0.3944124828668398
0.47591280384719115
0.55024919874816
0.6153138482273305
0.6691808969108776
0.6916277630736256
0.6890939483548625
0.6720795254292974
0.6473343760224507
0.6191302753918942
0.5901095222069285
0.5618500627327462
0.5352409357232265
0.5107309256254762
0.4884925602350363
0.41339491054353417
0.3208075109935605
0.22761792736127268
0.13950419988320573
0.059589391228936306
0.0
0.0
-0.09431825449880549
-0.21766530182885863
-0.31237343068450146
-0.3992664154201091
-0.4804598074969935
-0.5543626667344678
-0.6188681082758722
-0.6720686454939991
-0.6924096534116164
-0.688612656823276
-0.6708810707912254
-0.6457682321947489
-0.6174162232140974
-0.5883822244455954
-0.5601887275884448
-0.5336890063800953
-0.5093091049222017
-0.48720738732744473
-0.40876909016051544
-0.3154917030716867
-0.2222983457462495
-0.13444938523457825
-0.054969244188035365
0.0
0.0
0.10250135773948899
0.22313558320408478
0.3172869095708261
0.4039430825618814
0.48484434863518167
0.5583330226241039
0.622303070940779
0.6748646011612778
0.6931783287234191
0.6881646035941771
0.6697415650320149
0.6442735370703462
0.6157778711590636
0.5867298797640879
0.5585987112528209
0.5322032304954539
0.5079475985653457
0.48597654531270773
0.40433945209290284
0.3104027780316473
0.21720736312508226
0.12961334350886217
0.05055060269961771
0.0
0.0
-0.11032827328082573
-0.22836705042693173
-0.32198529482601457
-0.40841447342719456
-0.48903584537929634
-0.5621278978168703
-0.6255854285324317
-0.6775353900553944
-0.6939099236561205
-0.6877324945362834
-0.6686482894967504
-0.6428407867351352
-0.6142079982216527
-0.5851469084723219
-0.5570756306305602
-0.5307801107974008
-0.5066435758208133
-0.4814159122800095
-0.3982810639194996
-0.30422598436362364
-0.21134460752644302
-0.12428522668639136
-0.04591549036788492
0.0
0.0
0.1188086685693813
0.2339359977232247
0.3269287606298634
0.413080049174757
0.4933752937600055
0.5660227278728283
0.6289179561977863
0.6797781418585805
0.6943432895651849
0.687090688804394
0.6674059672377712
0.6413007685740519
0.6125598330952804
0.5835059072302792
0.5555088291499598
0.5293234921739884
0.5053134530472643
0.4752475632407255
0.39122649635540097
0.2972818695459461
0.2048773379930927
0.11851148634227916
0.04099852389689264
0.0
0.0
-0.12822635307008695
-0.24016327140453336
-0.33248836345814176
-0.4183542008384792
-0.4983084807290707
-0.5704811872337909
-0.6327682382692758
-0.6811858380457626
-0.694264453891945
-0.6861470821800593
-0.6659975949273022
-0.6396810636547937
-0.6108858173423776
-0.5818715986226518
-0.5539674400157655
-0.5279021339486712
-0.5040228374903448
-0.46929023657598534
-0.38441886270328296
-0.29058603691529894
-0.1986465740287466
-0.1129543535598244
-0.03627187767320837
0.0
0.0
0.1374055244090119
0.24627028803565987
0.33796789448522685
0.4235752244011149
0.5032149835364952
0.5749407322430965
0.6366482324212184
0.6826780283944663
0.694298500031346
0.6853281194659462
0.6647154174518723
0.6381830749977067
0.6093257091379051
0.5803417772192303
0.5525205784840371
0.5265654537406986
0.5028075348643192
0.46362240271133676
0.37795558906824184
0.28424669706275507
0.19276627457993278
0.10772915349106975
0.03184810206602219
0.0
0.0
-0.14611246262986433
-0.2520808306032535
-0.34319189766592506
-0.428559909661707
-0.5079056487539841
-0.5792103638214293
-0.6403696715412719
-0.6841176113338371
-0.6943440567557848
-0.6845576211272889
-0.6635012175521495
-0.6367615592487098
-0.6078437722715561
-0.5788877837266452
-0.5511449409774137
-0.5252942699968263
-0.5016515892909652
-0.45818357495773937
-0.37175192753621705
-0.2781623484398454
-0.18712327646008214
-0.10271578055014269
-0.027604803889332535
0.0
0.0
0.15444803674920698
0.2576394499710683
0.34818681870528084
0.4333240792739075
0.5123869833812653
0.5832875329812715
0.6439212262815313
0.6854869479181785
0.6943805529094715
0.6838141813002493
0.6623340152116528
0.6353966802335486
0.6064216849163709
0.5774929624280407
0.5498255554312595
0.5240752327134056
0.5005431676504069
0.45297443138967464
0.36580956669636205
0.2723332429597924
0.1817158941517939
0.0979105719588414
0.023536450423057395
0.0
-0.0078896180384663
-0.16218820857727323
-0.2638434286431349
-0.35391885222322417
-0.4386609894522845
-0.5172133445381656
-0.5874654579407873
-0.6473289458528576
-0.6865017721330843
-0.6939546270697251
-0.6825650302644152
-0.6606573977721657
-0.6335419580917463
-0.6045420844398002
-0.5756790292909655
-0.5481273665009648
-0.5225170944608968
-0.4991332995591653
-0.4475748991795373
-0.3596748051305386
-0.2662902842371791
-0.17607396563486677
-0.09285557835173099
-0.019209797247315655
0.0
0.020328354930396003
0.1700997320598258
0.27072574334605776
0.3603274568479148
0.4445507588984603
0.522432114132493
0.5918610909212223
0.6507749000286844
0.6873284032831912
0.6932163039770737
0.6809442756792792
0.6585904553910513
0.6313026315793747
0.6022976301926356
0.5735273438278943
0.5461216632542284
0.5206822215003605
0.49747647939875295
0.44257004669527567
0.3540019453116442
0.2606461798373977
0.17073302596850445
0.08799172838847885
0.014960217175867735
0.0
-0.03235326170666741
-0.17774557126537435
-0.2773729947281427
-0.3665131248759678
-0.45023153197860055
-0.5274613459369886
-0.5960922532137238
-0.6540862715336234
-0.6881137938514496
-0.6924930116807315
-0.6793707730613209
-0.6565875660569688
-0.6291344370146631
-0.6001254070079977
-0.5714454494517638
-0.5441813483956479
-0.5189073758473286
-0.4958739945096241
-0.43771693820261415
-0.34850390286654664
-0.25517998782187357
-0.16556462272231115
-0.08328926525320185
-0.010856080193951373
0.0
0.043809332319904803
0.18498279617948074
0.2836343696136318
0.3723166868720268
0.45553952432318345
0.5321372797768689
0.5999999275974739
0.6571132947687263
0.6887719843465071
0.6917397210611468
0.6778253178705542
0.6546454261781045
0.6270434979127812
0.5980367825615538
0.569447291407144
0.5423212774729306
0.5172073108298382
0.4943399090481991
0.43305771486344125
0.3432205538020923
0.24992262775674357
0.1605892172285423
0.07875802472004019
0.006896949383234374
0.0
-0.05482951573188943
-0.19194072816670102
-0.28965192698015935
-0.37789293572627114
-0.46063856910135753
-0.5366281803757249
-0.6037519950514495
-0.6600187191666543
-0.6894039365473282
-0.6910170022049558
-0.6763423071215988
-0.6527816800890635
-0.6250369222182627
-0.5960324082737359
-0.5675297227104528
-0.5405362195058495
-0.5155758016021116
-0.4928676833446386
-0.4285982316398366
-0.3381651520844396
-0.24489291435445332
-0.15582991745445776
-0.07442420072201732
-0.0031108815259443118
0.0
0.06538153667362501
0.19860603995478612
0.29541834043594595
0.3832378972109646
0.4655274790569269
0.5409354530284927
0.607352276259829
0.6628085529341466
0.6900143861884784
0.6903286456649664
0.6749248176508635
0.650998856537524
0.6231168107017326
0.59411404534369
0.5656942311065956
0.5388274390649177
0.514013928445808
0.4914582439638935
0.4239840743336487
0.332933733382195
0.23971053211100418
0.1509534037924195
0.07001288321931455
0.0
0.0
-0.07582032686310969
-0.20530802549773394
-0.30127936363849517
-0.38871136928812994
-0.47056846727029067
-0.5454105971004144
-0.6111288623177278
-0.6657759139623206
-0.6906976453267345
-0.6896488369096115
-0.6734779824192016
-0.6491658094802497
-0.6211364259460778
-0.592132111788422
-0.5637959555507116
-0.5370590128710584
-0.5123967871303091
-0.4899984510468183
-0.41891088851907093
-0.32714616610987
-0.2339555683186812
-0.14551979091334158
-0.06508063831053115
0.0
0.0
0.08463230780023628
0.21120068573675563
0.3065733733761552
0.3937508735290021
0.47529359399115234
0.5496896377773145
0.6148310494236315
0.6687894528725118
0.6915236897764052
0.6891621400311524
0.6722454103385955
0.6475502360236955
0.6193661108201163
0.5903469609729011
0.5620783071272836
0.5354540721773456
0.5109261452203484
0.48866898701472716
0.41402940011232275
0.32153686408550086
0.22834807526479137
0.14019829054674332
0.06022408215374549
0.0
0.0
-0.09319400241444786
-0.21691359232590196
-0.31169810987575547
-0.3986235313332807
-0.4798569640372917
-0.5538166393616332
-0.6183955584993336
-0.6716838205282564
-0.6923033581096468
-0.6886735581111673
-0.6710370164326455
-0.6459730300579292
-0.6176408127326233
-0.5886087898047194
-0.5604067800498221
-0.533892783737503
-0.5094958511183085
-0.48737621948765114
-0.40937613191340516
-0.316188990649761
-0.22299583255437638
-0.135111867371758
-0.055574473397630886
0.0
0.0
0.10142851251919574
0.22241836504043627
0.3166426977699388
0.4033299426764654
0.48426954355085217
0.5578125626679769
0.6218528523877493
0.6744982112632992
0.6930778825251532
0.6882237542210028
0.6698913964446161
0.6444699332549028
0.615993081599901
0.5869468954184508
0.5588075218172966
0.5323983400366847
0.5081263820352421
0.4861381662622292
0.404921774085948
0.31107185694846945
0.21787677079800896
0.13024928022323332
0.051131699260523536
0.0
0.0
-0.10929979813278434
-0.22767978718038162
-0.32136816203953
-0.4078272265145824
-0.48848542236543413
-0.5616296251868356
-0.6251545232150401
-0.6771848551836646
-0.693814058513606
-0.6877894467617113
-0.6687920571034385
-0.6430291204399271
-0.6144143229563329
-0.585354936779777
-0.5572757779500646
-0.5309671160009763
-0.5068149271400005
-0.48219486515196447
-0.3991732522157289
-0.3051063922375947
-0.2121669529188176
-0.12502190678217648
-0.04654556525542777
0.0
0.0
0.11764240706198142
0.23317472316175156
0.32625571653350394
0.41244669387585486
0.49278783984391283
0.5654971006313837
0.6284699746773738
0.6796275732887326
0.6943728344174468
0.6872241593148048
0.6675944355907637
0.6415133143507178
0.612777371467567
0.5837170796411907
0.5557072738165628
0.5295060368654735
0.5054789235797771
0.47600170968306416
0.39208963642137484
0.2981327769710852
0.20567121626552065
0.1192216856111171
0.04160487500272517
0.0
0.0
-0.12706187337936684
-0.2393905040359925
-0.3317961358132672
-0.417695380748078
-0.49768999065969705
-0.5699196682415473
-0.6322803542993106
-0.6809988221237029
-0.69426112425587
-0.6862511673994718
-0.6661599694529577
-0.639870551155534
-0.6110830540205359
-0.5820649453888207
-0.5541502656113093
-0.5280710146218268
-0.5041763687534377
-0.4700012830588097
-0.38522941632718255
-0.29138094615963145
-0.19938386028416677
-0.11360945515439266
-0.03682646505742461
0.0
0.0
0.13631132764823126
0.24553950764996063
0.3373105265287935
0.4229477122055579
0.5026242440195317
0.5744027661346751
0.6361790608315487
0.6824959938264435
0.6942919202922004
0.6854242860824019
0.6648674848310304
0.6383613002141055
0.609511606255353
0.5805242231165464
0.5526932245105107
0.5267250104121374
0.5029526396011028
0.46430613250492003
0.37873539287002206
0.28501137510051455
0.19347534377776143
0.10835896007343665
0.032381009452158896
0.0
0.0
-0.1450657713059912
-0.25138295945176464
-0.34256487833180865
-0.42796192106804115
-0.5073432242707137
-0.5786987321196985
-0.6399240750620221
-0.6839460000922734
-0.6943397749726697
-0.6846512424373207
-0.6636480197593512
-0.636933155539018
-0.6080225268646787
-0.5790630919059715
-0.5513107566354318
-0.5254474672209914
-0.5017908809348627
-0.4588383847382213
-0.3724989446179864
-0.2788951636440647
-0.18780310887943585
-0.10331994084604976
-0.028116355612834265
0.0
0.0
0.15344325931062852
0.25696933050567233
0.3475845988672724
0.4327496318353697
0.5118465895173758
0.5827958214183474
0.6434928411818982
0.6853216027967594
0.6943758778605098
0.6839035370423584
0.662474472424084
0.6355609878635842
0.6065929107314061
0.5776609228283407
0.5499844425189413
0.5242220418041106
0.5006766593363406
0.45360140073770583
0.36652474094875354
0.27303475325835447
0.1823666206500958
0.0984888022131154
0.02402598078272304
0.0
-0.0064567857151169306
-0.16127200045991535
-0.263043132965878
-0.35317116624722733
-0.43797151634060705
-0.5165999904112614
-0.5869461412207934
-0.6469186503419682
-0.686397943416488
-0.6940342049862374
-0.6827483223302249
-0.6608934384396907
-0.633798732874192
-0.6048000122213085
-0.5759266255052488
-0.5483583649748459
-0.5227285439194972
-0.49932431054927506
-0.44814476449266505
-0.3603209032907412
-0.2669337817678509
-0.1766836758654131
-0.09341164601307522
-0.01969651301537892
0.0
0.01893764771542855
0.16921131823974145
0.26995069703756336
0.35960425797977824
0.44388473364358794
0.5218405098881428
0.5913611536573106
0.6503810193707702
0.6872300749341946
0.6932947735193755
0.6811226471562943
0.6588195590815865
0.6315515877918095
0.6025475581461291
0.5737671756854836
0.5463453661658859
0.5208869604500297
0.4976614078661018
0.4431286938852479
0.354634389438826
0.26127456322649967
0.1713267964334365
0.08853159820426275
0.015431020915167473
0.0
-0.031037581891630306
-0.17691440497387664
-0.276653934124253
-0.36584669326680735
-0.44962207683220934
-0.5269245497337306
-0.5956437618955795
-0.6537389933193838
-0.6880387420928131
-0.6925801423805359
-0.6795489007403298
-0.6568112358575287
-0.6293751601693849
-0.6003658184669486
-0.5716754213248025
-0.5443954114172644
-0.5191030147441256
-0.4960505264579297
-0.438254085507817
-0.34911315578316626
-0.25578634630373753
-0.1661385517122146
-0.08381204266085995
-0.011312934753749851
0.0
0.04253905331697588
0.18418104932211465
0.2829411621473638
0.3716744514174919
0.45495237599927774
0.5316202915024284
0.5995681426931032
0.6567791186587553
0.6886996187505383
0.6918233404041166
0.6779964646592308
0.6548603867320902
0.6272748740554043
0.5982678733591892
0.5696683556892742
0.5425270541939681
0.5173953798084333
0.4945096124287878
0.4335714139703356
0.3438028976601475
0.25050203499002943
0.1611375008304316
0.0792573214792955
0.007333170749332846
0.0
-0.05361359240716149
-0.19117261525801757
-0.28898736245030465
-0.3772769101442988
-0.46007507324135866
-0.5361316892943814
-0.603336957520699
-0.6596970610121196
-0.6893334487971821
-0.6910962054483121
-0.6765055505667773
-0.6529870379584451
-0.6252581129756188
-0.5962534079653552
-0.5677411814995061
-0.540733084166138
-0.5157557437323624
-0.4930300651864567
-0.4290904220798914
-0.3387230839633283
-0.24544795643657097
-0.15635505935707306
-0.07490233445569011
-0.003528519478126449
0.0
0.06421757524836655
0.19787086679945515
0.29478235492325405
0.3826484276619526
0.46498833907920517
0.5404604926081318
0.6069553192554492
0.6625010071144213
0.6899472171624393
0.6904047225648844
0.6750813042238106
0.6511956255990743
0.6233287092566677
0.5943257385177512
0.5658967720961332
0.5390159934298067
0.5141862696356667
0.4916137634354339
0.4245166135603107
0.3335375867302675
0.24030734999813133
0.15151331366886067
0.07051756114717549
0.0
0.0
-0.07490435807756443
-0.204693619164075
-0.300726237003788
-0.38818404253876754
-0.4700733329335892
-0.5449614971075789
-0.6107395412631791
-0.66545814460987
-0.6906092526351825
-0.6896981716095305
-0.6736056449685431
-0.6493337685582153
-0.6213207519427667
-0.5923181314897866
-0.5639750275350154
-0.537226386983935
-0.5125501883907894
-0.49013714704105205
-0.4194279569110504
-0.3277404612861766
-0.2345493869857399
-0.14608295175458125
-0.06559418740240051
0.0
0.0
0.08372956829075673
0.21059896156189473
0.30603401448341955
0.3932383658325378
0.47481393053894383
0.5492561806119989
0.6144570551430146
0.6684862254571693
0.6914430706430958
0.6892149638842382
0.6723739110780045
0.6477174493665024
0.6195487978873478
0.5905308900469947
0.5622551138928901
0.5356191757594629
0.5110773697238044
0.4888056538907642
0.41452089977070794
0.32210184862425595
0.22891367549787267
0.14073595947895956
0.06071573780090633
0.0
0.0
-0.09232311419644565
-0.2163312896862749
-0.31117498080696465
-0.3981255289749188
-0.47938997866267763
-0.5533936658773176
-0.6180295035416461
-0.6713857205292952
-0.6922210177369263
-0.6887207345494074
-0.6711578178271217
-0.6461316742340163
-0.6178147882749914
-0.5887842959085212
-0.5605756917410724
-0.5340506373929964
-0.5096405117916188
-0.4875070032706387
-0.40984636941545705
-0.3167291359821438
-0.2235361322199409
-0.13562505109737624
-0.05604330684202641
0.0
0.0
0.10059744606078638
0.22186278073760066
0.31614366695301044
0.4028549813382196
0.48382427779738174
0.5574093947041514
0.6215040960692789
0.6742143917894499
0.6930000730974789
0.6882695745292088
0.6700074615187593
0.6446220691625232
0.6161597917422136
0.5871150039477517
0.5589692743740152
0.5325494792629951
0.508264874469605
0.48626336395956193
0.40537286270106976
0.3115901507548514
0.21839531927271735
0.13074190083045859
0.051581838614459224
0.0
0.0
-0.10850310244833547
-0.22714740711592565
-0.3208901076760827
-0.40737232287651115
-0.4880590439090433
-0.5612436443864177
-0.6248207276784714
-0.6769133176290059
-0.6937397977504282
-0.6878335641039871
-0.6689034249193622
-0.6431750108389818
-0.6145741498869097
-0.5855160833623915
-0.5574308196219441
-0.5311119772936532
-0.5069476623427355
-0.4827982714458088
-0.3998643749433829
-0.30578838940680275
-0.21280397269971552
-0.12559256699237625
-0.04703364504887529
0.0
0.0
0.1167389768957639
0.23258501116154434
0.32573435117933003
0.4119560729608464
0.49233277587128566
0.5650899299332327
0.6281229512840564
0.6795109371903872
0.6943957209728947
0.6873275506070354
0.6677404302874734
0.6416779603285837
0.6129458848985725
0.5838806617584402
0.5558609965429095
0.5296474428712088
0.505607103297764
0.4765858999632881
0.39275825727396846
0.298791921959455
0.20628618432189988
0.11977183275572345
0.04207457744379488
0.0
0.0
-0.12615982349647942
-0.23879188928788714
-0.3312599101713331
-0.41718503385693834
-0.4972108849231798
-0.5694846944494313
-0.6319024209720959
-0.6808539525344562
-0.6942585449920712
-0.6863317957343232
-0.6662857508831339
-0.6400173353190257
-0.611235840989308
-0.5822147190852093
-0.5542918892122466
-0.5282018359600472
-0.5042952998598008
-0.47055208647260083
-0.38585730172427296
-0.29199671283095424
-0.19995499001625738
-0.11411692155009068
-0.03725606935655225
0.0
0.0
0.13546372158881756
0.24497341761299904
0.33680130452620327
0.42246161760026174
0.5021666349168777
0.57398603730339
0.6358156228276799
0.6823549829852713
0.6942868233765997
0.685498780367734
0.6649852819548665
0.6384993601850109
0.609655609170188
0.5806655525862702
0.5528269626309146
0.5268486090247346
0.5030650432003368
0.4648357753734238
0.37933945828650284
0.2856037235304078
0.19402461550464373
0.1088468319912213
0.03279381960059889
0.0
0.0
-0.14425496475978114
-0.2508423621560487
-0.34207916552349715
-0.42749869656499345
-0.506907549067602
-0.5783024029191959
-0.6395788992334065
-0.6838130635554003
-0.6943364581410808
-0.6847237650317656
-0.6637617382812367
-0.6370660804922618
-0.6081609969091639
-0.5791988922285104
-0.551439203693259
-0.5255661395644265
-0.5018987814917728
-0.4593456250690675
-0.37307761219910374
-0.2794628299159095
-0.18832973268985181
-0.10378794617835907
-0.02851262285543149
0.0
0.0
0.15266492084691616
0.25645023071709927
0.34711809668814886
0.432304643203075
0.5114279800669377
0.5824149231124335
0.6431609979404911
0.6851935202344029
0.6943722563907129
0.6839727553666608
0.6625832758729702
0.6356882667447414
0.6067255486994136
0.5777910312831005
0.5501075224438947
0.5243357656575256
0.5007800670262317
0.4540870748166236
0.3670787418698895
0.27357816956621084
0.18287069791309551
0.09893672115425534
0.02440518944374559
0.0
-0.005346859817239008
-0.16056227113458135
-0.262423193783198
-0.3525919805209324
-0.43743742449194734
-0.5161248631957787
-0.5865438589233776
-0.6466008199803438
-0.6863175137800913
-0.6940958490378598
-0.6828903072694481
-0.6610762844331991
-0.6339976402943465
-0.6049998127980312
-0.5761184228608003
-0.5485373050953967
-0.5228923406363307
-0.4994722748584194
-0.44858620363235674
-0.3608213952656784
-0.26743225919729713
-0.17715598037946045
-0.09384239697229346
-0.020073541385514426
0.0
0.017860353518471567
0.1685231194275968
0.2693503169702889
0.3590440408927773
0.44336880539106277
0.5213822309537505
0.5909738834190362
0.6500759045746609
0.687153906090447
0.6933555589824737
0.6812608204214983
0.6589970314305714
0.6317444386521658
0.6027411617537511
0.573952958476917
0.5465186548682306
0.5210455589530467
0.4978046604232492
0.4435614430422932
0.3551243044833018
0.2617613326703592
0.17178675340247113
0.08894980170015027
0.01579572322661825
0.0
-0.030018406748754584
-0.17627055225643873
-0.2760969226950428
-0.36533045023922706
-0.44914996991877976
-0.5265087271744767
-0.5952963436265183
-0.653469978533027
-0.6879806041732399
-0.6926476371023994
-0.6796868851499929
-0.6569844989100543
-0.6295616333924345
-0.600552050238734
-0.5718535662001203
-0.5445612326970315
-0.519254564002821
-0.496187274754615
-0.438670180042959
-0.3495851060409016
-0.25625605442333677
-0.16658313872588437
-0.08421700573226325
-0.01166683150415164
0.0
0.04155504735573193
0.18355998600812262
0.2824041775338177
0.37117695164406034
0.4544975487920686
0.5312198129121117
0.5992336658424444
0.6565202532567078
0.6886435616339925
0.6918881150966099
0.6781290414079897
0.6550269032737612
0.627454106730358
0.5984468849951818
0.5698396004087112
0.542686456592774
0.517541065122975
0.49464107105936544
0.4339693446469465
0.34425400314651244
0.2509508656562749
0.16156222195956654
0.07964409555507748
0.007671084249878765
0.0
-0.052671692403289255
-0.19057760606863303
-0.2884725657351497
-0.376799713526304
-0.45963856812445303
-0.5357470886026681
-0.6030154538171284
-0.6594478924904023
-0.6892788463308984
-0.6911575592636298
-0.6766320050877636
-0.6531461158986464
-0.6254294556671929
-0.596424602650224
-0.5679049854419045
-0.5408855829467247
-0.5158951336838128
-0.49315585227709613
-0.4294716913324226
-0.33915527901044534
-0.2458779129382922
-0.1567618540536285
-0.07527271485410919
-0.0038520375657341704
0.0
0.06331592689012064
0.1973013739844559
0.2942896965919043
0.38219180234797073
0.46457070094668435
0.5400925703779198
0.6066478214090874
0.6622627705391801
0.6898951855049684
0.6904636545967767
0.6752025246169303
0.6513480503250444
0.6234928538580478
0.5944897240233784
0.566053667974934
0.5391620547423785
0.5143197716122248
0.4917342346754266
0.4249291385020968
0.3340053542763779
0.24076966761123816
0.15194704094685874
0.07090850367764316
6.112773273540817e-05
0.0
-0.07414346686334072
-0.20418851161419527
-0.300274582140414
-0.3877555200882374
-0.46967277021205195
-0.5445999677478655
-0.6104280429812661
-0.6652060416637582
-0.6905420038008064
-0.6897417468600082
-0.6737120822738885
-0.6494723759785752
-0.6214722327936931
-0.592470667241191
-0.5641216711562389
-0.5373633328066274
-0.5126756276773715
-0.4902505144343181
-0.41984307203968896
-0.328217007016778
-0.23502532964609008
-0.14653417999767882
-0.06600555466481296
0.0
0.0
0.08300480417789777
0.2101156470876589
0.305600645712657
0.3928264546011765
0.4744283004239225
0.5489075712526807
0.6141561235216167
0.6682420628926472
0.6913777327975851
0.6892568474227052
0.6724766248737399
0.647851305577198
0.619695130070057
0.5906782646908976
0.5623968093493235
0.5357515088976065
0.5111985890541725
0.48891521073262906
0.4149163094955316
0.3225563142513119
0.2293684875921945
0.1411681462542872
0.06111076683870184
0.0
0.0
-0.09162401888357266
-0.21586404742595178
-0.3107553467014196
-0.39772614961912245
-0.4790155709134256
-0.5530546501421229
-0.6177362278584172
-0.6711470301369876
-0.6921554205796522
-0.6887590226534364
-0.6712551412979798
-0.6462593218910128
-0.6179546989566607
-0.5889253986741816
-0.5607114702991153
-0.5341775133953143
-0.5097567753252945
-0.4876121085451904
-0.41022444642446554
-0.31716347113181387
-0.22397063881013612
-0.13603779676930627
-0.05642042700069799
0.0
0.0
0.09992914503241773
0.2214160254317859
0.31574239370436175
0.40247306377327563
0.4834662375744382
0.5570852030500705
0.6212236535166984
0.6739861608580072
0.692937471040453
0.688306370755942
0.6701007363708674
0.6447443478048268
0.6162937913759199
0.5872501313227323
0.5590992949152341
0.5326709698702051
0.5083761999961128
0.4863640031898089
0.4057353562820721
0.31200663763281017
0.2188120030807177
0.13113774358590458
0.05194353979590584
0.0
0.0
-0.10786279692505041
-0.2267195052199013
-0.32050585356279926
-0.4070066650559867
-0.48771630395989807
-0.560933366151844
-0.6245523868655719
-0.6766950117587356
-0.693680066662357
-0.6878689892151447
-0.6689929097794599
-0.643292248571763
-0.6147025931540728
-0.585645590415568
-0.5575554222918836
-0.5312283994231982
-0.5070543396924961
-0.4832832731477839
-0.40041987908436516
-0.3063365544648169
-0.2133159817562624
-0.12605123403181775
-0.04742593280393011
0.0
0.0
0.11601286461815516
0.2321110477475014
0.3253153226214495
0.4115617567961971
0.4919670397849156
0.5647626887216659
0.6278440535499172
0.6793502741077216
0.6943761098787954
0.6873911506142739
0.6678499119775844
0.641809565702714
0.6130847953415406
0.5840179115160429
0.555991420470601
0.529768315759984
0.5057172411365577
0.4770985550433091
0.39334435802189177
0.2993685233554123
0.20682283809839058
0.12025056389062701
0.042481864584294815
0.0
0.0
-0.1253711548119966
-0.23826810889101988
-0.33079071557146855
-0.4167386756519713
-0.4967921526882791
-0.5691049302307027
-0.6315729603237874
-0.6807299644041311
-0.6942598429724757
-0.6864062054228965
-0.6663996829958987
-0.6401494874240403
-0.6113729950799827
-0.5823489424276403
-0.5544186741350933
-0.528318867355815
-0.5044016418562017
-0.47104514979425155
-0.38642027314312594
-0.2925498156856512
-0.2004690193294848
-0.11457469818620514
-0.03764471291310889
0.0
0.0
0.134704643766701
0.24446771971944814
0.3363471716955748
0.42202864425163333
0.5017595137754289
0.5736157736943244
0.6354932345169249
0.6822307165978236
0.6942835622248947
0.6855663254161755
0.6650912959021266
0.6386233167074313
0.6097847553448789
0.5807922192811001
0.5529467768638596
0.5269593093459999
0.5031656977834738
0.46530689599924896
0.3798767665143115
0.28613073289723473
0.19451345315503255
0.10928119385519036
0.03316153874614103
0.0
0.0
-0.1435319671903926
-0.250360050683569
-0.3416456523596595
-0.4270851256940787
-0.5065184499840258
-0.5779483106042527
-0.6392703599355485
-0.6836938941794042
-0.6943329653594947
-0.6847879764066624
-0.6638627491981909
-0.637184272542654
-0.6082841798806672
-0.5793197340911584
-0.5515535224288626
-0.5256717711944503
-0.5019948329025903
-0.4597972962967266
-0.3735928270322442
-0.27996817793619666
-0.18879846895259522
-0.10420443014976227
-0.0288651841670578
0.0
0.0
0.15197232549412662
0.2559883378419484
0.34670302220679117
0.4319087261865697
0.5110555497548969
0.5820760624497173
0.6428658000533751
0.6850796472597385
0.6943691357451724
0.684034447228872
0.6626801860535873
0.6358016095889346
0.6068436522577829
0.5779068760133915
0.5502171053100956
0.5244370160594733
0.5008721312519058
0.4545196630377573
0.36757220710619526
0.2740622193625031
0.1833197176355964
0.09933572731615418
0.024742999512199132
0.0
-0.00435828389402193
-0.15993017250880237
-0.2618710856772143
-0.35207618227856097
-0.4369617990997424
-0.5157017623226938
-0.5861856426862947
-0.6463178237252144
-0.6862459304063817
-0.6941507850108445
-0.6830167866060547
-0.6612391486424658
-0.634174804396318
-0.6051777690356581
-0.5762892489061779
-0.5486966785305645
-0.5230382258139022
-0.49960405845931155
-0.449075119571515
-0.36137592773124977
-0.26797825381773843
-0.17766565710393206
-0.09429903004435294
-0.020464403766986397
0.0
0.016746073837587555
0.16781740323954056
0.26873834477562025
0.35847561739021055
0.44284773166317815
0.5209219189832511
0.5905877354222955
0.6497750227531108
0.6870849714311235
0.6934250226780215
0.6814081449719477
0.6591835408727976
0.6319458743349878
0.6029427197719476
0.5741459881301955
0.546698468024524
0.5212099816470989
0.49795307971907304
0.4440129387699383
0.35563615497695
0.2622704779890169
0.1722683956938772
0.08938824609378881
0.01617860188009794
0.0
-0.028937326725761825
-0.17558382502743367
-0.2755002873453439
-0.3647755269499102
-0.44864059787759947
-0.5260580425327673
-0.5949174716834792
-0.6531738139215417
-0.687910929467214
-0.6927132052886188
-0.6798286376093382
-0.6571646948799733
-0.6297565920111453
-0.6007473120099408
-0.57204067384348
-0.5447355950702784
-0.5194140436770635
-0.4963312584665378
-0.43910630141874174
-0.3500792210079525
-0.25674734348897643
-0.16704769892811178
-0.08463972031580055
-0.012035797074557028
0.0
0.04052471278255093
0.18290892485964125
0.2818407938167105
0.3706546741001764
0.45401978389097736
0.5307988463979519
0.5988817585962377
0.6562475258147369
0.6885839909782604
0.6919555696853523
0.6782678006770524
0.655201384080651
0.6276420044009114
0.598634601146838
0.5700192013308607
0.5428536552482132
0.5176938870453566
0.4947789765676198
0.4343881168524387
0.34472884131849163
0.2514233384271714
0.16200932689269648
0.08005125796338249
0.008026809770681528
0.0
-0.05168130363703183
-0.18995225662038293
-0.28793171026053765
-0.376298506627639
-0.45918023909425754
-0.5353434080287415
-0.6026781696922985
-0.6591866966350215
-0.6892220075311707
-0.6912224901065251
-0.6767652790193205
-0.6533136158395686
-0.6256097969334385
-0.5966047486897652
-0.5680773312380301
-0.5410460199800607
-0.5160417706862575
-0.4932881735493959
-0.42987258458162
-0.3396097502281334
-0.24633007689247238
-0.15718970920501912
-0.07566232080290643
-0.004192401080077152
0.0
0.062367370859911536
0.19670222123522985
0.29377135613503014
0.38171135301635817
0.4641312519649112
0.5397054101094755
0.6063242173417599
0.6620120216098246
0.6898403375326313
0.6905255529634914
0.6753299618486714
0.6515083249320732
0.6236654671090114
0.5946621782103588
0.5662186712232371
0.5393156665039
0.5144601766436406
0.4918609363617872
0.42536291203905896
0.3344971998266031
0.24125576983929026
0.15240306993654185
0.07131953624887648
0.0004156564690262349
0.0
-0.0730995609943256
-0.2035188801919986
-0.29968956036052075
-0.3872097604713748
-0.46917075861032354
-0.5441550168607527
-0.610053383196974
-0.664912682388628
-0.6904770851683499
-0.6898130074245246
-0.6738598310386842
-0.6496584899050363
-0.6216728111137043
-0.5926711347587151
-0.5643135206843629
-0.5375419638490749
-0.5128389175330396
-0.4903978780030653
-0.4203488382041561
-0.3287950138202741
-0.2356015912663812
-0.1470798642503342
-0.06650252837966747
0.0
0.0
0.08212169537184913
0.2095257364597537
0.30507102733339136
0.39232252671801005
0.4739559952147724
0.5484800289132391
0.6137863926567422
0.6679412934865051
0.6912953274160388
0.6893054825944689
0.6725997126279747
0.6480126218954152
0.6198718890400627
0.5908565004534942
0.5625683028329225
0.5359117478349705
0.5113454184752078
0.48904794427416415
0.4154018191384469
0.32311405227348894
0.2299259718975708
0.1416971438578511
0.06159349987351151
0.0
0.0
-0.09077261769964551
-0.21529590143637903
-0.3102456720932816
-0.397241529763275
-0.4785616976161008
-0.552644163140032
-0.6173816718377029
-0.6708591126558228
-0.6920778238817146
-0.6888075640853489
-0.6713752762966297
-0.6464161417726949
-0.6181262518284153
-0.5890982360229436
-0.5608776833889026
-0.5343327661593629
-0.5098990031411789
-0.48774066140453576
-0.4106876313809479
-0.31769581277008047
-0.22450340672700558
-0.136544090850385
-0.05688322527113722
0.0
0.0
0.09910988735578177
0.22086843416047444
0.3152505790084915
0.4020049777797098
0.4830274116021789
0.5566878515771883
0.620879905966861
0.6737063853439478
0.6928605826125209
0.6883512489592334
0.670214811483453
0.6448939667076365
0.6164577841123672
0.5874155213546023
0.5592584443262713
0.532819684383805
0.508512475377029
0.4864871997009852
0.4061785940960807
0.31251583787696696
0.21932140875551281
0.13162164077130828
0.052385673259908935
0.0
0.0
-0.10707948624026695
-0.22619591169572723
-0.3200355927113774
-0.4065591081719297
-0.4872967474894102
-0.5605534942156052
-0.6242238005553926
-0.6764276265123997
-0.6936067778525822
-0.6879121797135387
-0.6691022813992261
-0.6434356034439673
-0.6148596777711536
-0.5858039909266611
-0.5577078328632734
-0.5313708090187553
-0.5071848325754232
-0.4838767923171838
-0.40109966779139944
-0.3070073427987447
-0.21394250426400552
-0.12661246123616504
-0.04790591318281448
0.0
0.0
0.11512447236541432
0.23153117916838195
0.324802678869323
0.41107935860815165
0.491519618053411
0.5643623729213003
0.627502891958904
0.6790784150156159
0.6943093723499505
0.6874470515462707
0.6679750486642808
0.6419697969048561
0.6132586852094115
0.5841923587436704
0.5561587501146142
0.5299243493370219
0.5058600203778617
0.47777441779084906
0.39411638781599706
0.3001268147052145
0.207527252324043
0.12087754802277563
0.043013786781154584
0.0
0.0
-0.12433440208882404
-0.23757914897339724
-0.33017355290579053
-0.4161517510776072
-0.49624186681442434
-0.5686062666521781
-0.631140871362715
-0.6805697403312941
-0.6942652242214759
-0.6865080705798923
-0.6665535485084654
-0.6403271562157243
-0.6115569844515593
-0.582528772804687
-0.5545884028965802
-0.5284754550133252
-0.5045438740356023
-0.471705173384666
-0.38717479220617723
-0.2932921144165879
-0.2011599069993623
-0.11519102978517701
-0.03816907469596878
0.0
0.0
0.13368818985903852
0.24379183489109302
0.3357409775085428
0.42145123513796406
0.5012170669642821
0.5731229303666041
0.6350646508071127
0.6820663478678918
0.6942805081090233
0.6856576093438591
0.665233778466332
0.6387896200192926
0.6099578743653985
0.5809619322639341
0.5531072596334177
0.5271075544061703
0.5033004708987946
0.4659345206247854
0.38059255383738333
0.2868329253407789
0.19516494081108918
0.1098602509124655
0.03365194175075374
0.0
0.0
-0.14256698687023223
-0.24971604935609965
-0.3410666377625081
-0.42653261600443343
-0.5059985074991624
-0.5774750123409764
-0.6388577997257031
-0.6835342021258948
-0.6943277618369019
-0.6848732162030889
-0.6639971709949437
-0.6373416812976026
-0.6084482969123244
-0.5794807664297293
-0.5517058825935587
-0.5258125661092433
-0.502122866461742
-0.4603994964927987
-0.3742796886321099
-0.28064181269253735
-0.1894232238114753
-0.1047594621742663
-0.02933494572368152
0.0
0.0
0.15104939015758861
0.25537285335315457
0.3461499420758243
0.43138118896838284
0.5105593240801217
0.5816245839098264
0.6424725173414065
0.6849280045282471
0.6943650808521569
0.6841167566422948
0.6628094203536641
0.635952734026014
0.6070011125588898
0.5780613181529098
0.5503631953119602
0.5245719952395352
0.5009948626003523
0.45509654238675856
0.368230287987522
0.2747077566815867
0.18391854971369406
0.09986787022495722
0.025193538165399196
0.0
-0.003039996854511201
-0.15908729084942222
-0.2611348905813602
-0.35138841936223436
-0.43632761680958315
-0.515137629263203
-0.5857080386875859
-0.6459405284981791
-0.6861505258773407
-0.6942240752426714
-0.6831854675283371
-0.6614563406752901
-0.6344110600576317
-0.6054150776144602
-0.5765170472227644
-0.5489092034591762
-0.5232327633536491
-0.49977979109559895
-0.44974577386005726
-0.3621366221521313
-0.26872624631494507
-0.17836268072594652
-0.09492219037461218
-0.020996360839701134
0.0
0.015229961670890912
0.16685821204001156
0.26790718943278613
0.3577040500011543
0.4421408460498784
0.5202978957011396
0.5900647403317422
0.649368090388339
0.6869928183883374
0.6935206326224341
0.6816093291432561
0.6594377965346372
0.632220275505726
0.6032171781365976
0.5744087696725316
0.5469432182901558
0.5214337589691349
0.4981550610096423
0.44462789897529054
0.35633343904993536
0.26296417228068625
0.17292470675378754
0.0899857791275582
0.016700492943664463
0.0
-0.027461887978624422
-0.17464597324832082
-0.2746850589749502
-0.3640169748581853
-0.447944005594367
-0.5254413791325747
-0.5943986945692634
-0.652767839216134
-0.6878145252957563
-0.6928017035536367
-0.6800213429712838
-0.6574100350910815
-0.6300222031251573
-0.6010134285903842
-0.5722957313088869
-0.5449733115606467
-0.5196314904677535
-0.49652759002287966
-0.43970065707591294
-0.35075252052189015
-0.25741671294552815
-0.1676805756000369
-0.08521551668373965
-0.012538305793101667
0.0
0.03912072283446852
0.1820216282431562
0.28107291172065485
0.36994276621467737
0.453368503423661
0.5302249444985353
0.5984019523910658
0.6558756157583091
0.6885026724233086
0.6920474261589407
0.6784568721577682
0.6554391620756853
0.6278980818058532
0.598890439437888
0.5702639842123132
0.543081537700852
0.5179021766629224
0.4949669369458201
0.4349591080943911
0.3453762954633086
0.25206757217533754
0.16261897269101194
0.08060644132465225
0.008511856718785946
0.0
-0.05033105776344615
-0.18909973481050205
-0.28719440835631266
-0.37561527819259627
-0.4585554832741812
-0.5347931690165114
-0.602218460680759
-0.6588307273392376
-0.6891446111163859
-0.6913110825012747
-0.676947028936662
-0.6535420150869641
-0.6258556943550299
-0.5968503734217657
-0.5683123167307441
-0.5412647661093425
-0.5162416998591121
-0.49346858330832205
-0.4304191411867712
-0.34022935729178255
-0.24694654601836652
-0.15777304444132095
-0.07619351559341836
-0.004656466606969542
0.0
0.06107407736368223
0.19588531065462303
0.29306462455368226
0.3810562807519536
0.46353207846850997
0.5391775265666752
0.6058829865442693
0.6616701224281509
0.6897655378530376
0.6906099308461084
0.6755036993046278
0.6517268355807391
0.6239008021812098
0.5948972977828199
0.5664436331754265
0.5395250980292238
0.5146516026545945
0.4920336796425483
0.4259542985786651
0.3351677563813286
0.24191849412363586
0.1530247920795802
0.07187991107600948
0.0008989957118260561
0.0
-0.07167635422337346
-0.20260593671333654
-0.29889196788300926
-0.38646569509772566
-0.46848633639103604
-0.5435483878721027
-0.6095425852903944
-0.6645127254396149
-0.6903885754720176
-0.6899101593374681
-0.6740612641831593
-0.6499122288078947
-0.62194627038627
-0.5929444431315604
-0.5645750797745301
-0.5377855015036445
-0.5130615397292918
-0.49059878702462
-0.42103838479764916
-0.3295830515746646
-0.23638724972325115
-0.14782383435772034
-0.0671800878663325
0.0
0.0
0.0809176960508205
0.20872147437532432
0.30434896620943575
0.3916354915905205
0.4733120737211116
0.547897135853226
0.6132823179524932
0.6675312385417906
0.6911829813931594
0.6893717920122504
0.672767527621277
0.6482325560384407
0.6201128769097575
0.5910995015504568
0.5628021116078057
0.5361302124526978
0.511545600948133
0.4892289088556801
0.41606374624834774
0.32387445326191355
0.2306860272446995
0.1424183616727274
0.062251642390137404
0.0
0.0
-0.08961184517930898
-0.21452130969811178
-0.30955079826120063
-0.39658081469968437
-0.4779429013427613
-0.5520845182615413
-0.616898281372172
-0.6704665749434817
-0.691972030601204
-0.6888737433996626
-0.6715390639555766
-0.6466299444314593
-0.6183601410002991
-0.5893338764471555
-0.5611042925530411
-0.5345444324099484
-0.5100929116368911
-0.4879159259422517
-0.4113191213626514
-0.31842158843656265
-0.22522976349275936
-0.1372343540638341
-0.05751418778725745
0.0
0.0
0.09799294033918188
0.22012186744398937
0.3145800560628719
0.40136680568022925
0.48242913156241557
0.5561461163929808
0.6204112524737925
0.6733249490683396
0.6927557555298599
0.688412434267447
0.6703703374547868
0.6450979518514557
0.6166813660467815
0.5876410083188557
0.5594754230508093
0.5330224365374356
0.5086982684546948
0.48665516150697397
0.40678288919798833
0.3132100638819248
0.2200159148348093
0.13228136945345664
0.05298846272328324
0.0
0.0
-0.10601154770866358
-0.22548206253790765
-0.31939445548215384
-0.4059489247557808
-0.48672473887448864
-0.5600355901233188
-0.6237758175082851
-0.6760630828707765
-0.6935068585154107
-0.6879710641952195
-0.669251394906565
-0.6436310485259775
-0.615073841502606
-0.5860199486968459
-0.5579156241538833
-0.5315649653235608
-0.5073627420461805
-0.48468597572532535
-0.40202646809513226
-0.3079218723153869
-0.21479668330010743
-0.12737761893222913
-0.048560301786609
0.0
0.0
0.1139132691914225
0.23074060646475908
0.324103758160946
0.410421673650962
0.4909096187820005
0.5638165962404988
0.6270377640732688
0.6787077717511494
0.694218384706559
0.6875232649250385
0.6681456556691622
0.6421882505551795
0.6134957606115925
0.5844301940317765
0.5563868815371416
0.5301370800946901
0.506054680634925
0.47869586556159766
0.395168946391944
0.3011606427619562
0.2084876261814362
0.12173235638168277
0.043738991001904357
0.0
0.0
-0.12292092947072764
-0.2366398449716965
-0.32933213477976453
-0.4153515585130041
-0.49549162617955206
-0.5679264060595116
-0.6305517762886191
-0.680351296396646
-0.6942725608268102
-0.6866469499920822
-0.6667633233982722
-0.6405693836691608
-0.6118078291641423
-0.5827739472888748
-0.5548198051893931
-0.5286889411818818
-0.5047377884444015
-0.47260502661061365
-0.3882034772757809
-0.29430413870991945
-0.2021018392384683
-0.11603131486796076
-0.038883971327388814
0.0
0.0
0.13230239193139923
0.2428703570099282
0.3349145134261351
0.42066401562458877
0.5004775138393753
0.5724510049072243
0.6344803346775003
0.6818422532574735
0.694276344235859
0.6857820626798395
0.6654280342434511
0.6390163521755462
0.6101938988217332
0.5811933130467124
0.5533260562641071
0.5273096665691305
0.5034842158803147
0.466790202225918
0.3815684333963879
0.2877902701137656
0.1960531564393007
0.11064971717984062
0.0343205401640843
0.0
0.0
-0.14125136623842804
-0.2488380403276329
-0.3402772293835736
-0.4257793434951997
-0.5052896359850477
-0.5768297339374653
-0.6382953294733203
-0.6833164835296861
-0.6943206675346704
-0.6849894291787686
-0.6641804370006279
-0.6375562869232336
-0.6086720483693107
-0.5797003123233957
-0.5519136051467832
-0.526004521002712
-0.5022974229664587
-0.4612205153099918
-0.375216131864668
-0.2815602229062966
-0.190274992871872
-0.1055161735455386
-0.029975402302694798
0.0
0.0
0.14979109219725892
0.2545337231927934
0.3453958918479532
0.4306619630599945
0.5098827872417327
0.5810090537598908
0.641936329360597
0.6847212600984698
0.6943595525518528
0.6842289744357494
0.6629856139066864
0.6361587718310283
0.6072157884607201
0.578271879198136
0.5505623693429998
0.5247560211622989
0.5011621902551782
0.4558830396414184
0.36912749258915106
0.2755878598264044
0.18473497655620885
0.10059337537186624
0.02580778690641297
0.0
-0.0012426901228669573
-0.157938135290027
-0.2601311877747279
-0.35045074730588965
-0.43546299471673405
-0.5143685098568453
-0.5850568899953258
-0.6454261372989187
-0.686020454658382
-0.694323996597551
-0.6834154412351967
-0.6617524527442135
-0.6347331628150595
-0.6057386158829909
-0.5768276195303221
-0.5491989525604031
-0.5234979890740598
-0.5000193788642088
-0.4506601206080197
-0.36317372648712637
-0.26974603328867197
-0.17931297850669953
-0.09577178551055886
-0.02172161262414532
0.0
0.013162947036246958
0.165550484095865
0.26677402112568976
0.3566521218392211
0.4411771027729548
0.5194471240466244
0.5893517070022983
0.6488132929453915
0.6868671801326311
0.6936509838976535
0.6818836166501266
0.6597844398671656
0.6325943845249172
0.6035913651319811
0.5747670368942086
0.5472769022958632
0.5217388491924726
0.4984304352812137
0.4454663143459108
0.3572840919204629
0.2639099309681316
0.17381949844233116
0.09080043489813072
0.017412021081049847
0.0
-0.025450326070645707
-0.17336733872834645
-0.273573604948563
-0.36298279130031175
-0.4469942958859364
-0.5246006416852981
-0.5936914118821834
-0.652214347412699
-0.6876830911989785
-0.6929223590123427
-0.6802840707641541
-0.6577445234079414
-0.6303843280865077
-0.6013762426870993
-0.5726434677925287
-0.5452974059616182
-0.5199279498646707
-0.4967952616431608
-0.4405109809216735
-0.3516704736782199
-0.2583293079982098
-0.16854341765848962
-0.08600053743960123
-0.013223408714939891
0.0
0.037206571735863
0.18081191887482906
0.2800260079591498
0.36897217574642455
0.45248057027021227
0.5294425065952174
0.5977478012869224
0.655368566513361
0.6883918055317703
0.6921726600824991
0.6787146456432714
0.655763340329983
0.6282472088396098
0.5992392404720753
0.5705977126852934
0.5433922247165734
0.5181861514882672
0.4952231955927702
0.43573757770848776
0.34625901194165176
0.252945898076814
0.16345014258378954
0.08136335902364006
0.009173152869701898
0.0
-0.04849017946809392
-0.18793743620487383
-0.286189196565511
-0.3746837882903183
-0.4577037129028938
-0.5340429922711606
-0.6015917093919195
-0.6583454111733162
-0.6890390915344325
-0.6914318662931886
-0.6771948204571262
-0.653853406682695
-0.6261909423532988
-0.597185249644524
-0.5686326877844331
-0.5415629969793375
-0.5165142763447099
-0.49371454770337986
-0.43116429746629403
-0.34107410802750393
-0.2477870185988137
-0.1585683434282885
-0.07691772810877212
-0.005289157417426929
0.0
0.05931084596020286
0.19477156316129662
0.2921010912786005
0.3801631779941381
0.4627151861481912
0.5384578284913659
0.6052814278102409
0.6612039889667907
0.6896635585695917
0.6907249687186583
0.6757405669137171
0.6520247454046462
0.6242216498394173
0.595217851636175
0.5667503384823381
0.5398106296919176
0.5149125862247903
0.49226919182773016
0.42676057443273036
0.3360819698824008
0.24282202937948788
0.15387242644103075
0.07264390663912157
0.0015579636366813698
0.0
-0.06973600357635962
-0.20136126130448975
-0.2978045580200303
-0.3854512622277825
-0.46755321892481194
-0.5427213309927741
-0.6088461811776875
-0.6639674380361028
-0.6902679044282527
-0.6900426128789962
-0.6743358911313931
-0.6502581676091869
-0.6223190952542265
-0.5933170622680826
-0.5649316803474029
-0.5381175322775702
-0.5133650550942782
-0.49087269940187983
-0.42197848865756427
-0.33065743486022137
-0.23745838915726242
-0.14883813734495194
-0.06810384892141844
0.0
0.0
0.0792762052223327
0.20762497140208078
0.3033645331687527
0.3906988117760677
0.4724341735365776
0.5471024397140432
0.6125950800201746
0.6669721838819015
0.6910298127302268
0.6894621959678258
0.6729963207506231
0.6485324066050835
0.6204414313956048
0.59143080080039
0.5631208783653013
0.5364280595196234
0.5118185227742434
0.4894756296765739
0.4169661946642667
0.3249111575412866
0.23172226028874243
0.1434016449751222
0.06314893102312184
0.0
0.0
-0.08802928826850767
-0.21346525824361245
-0.3086034314293468
-0.39568001874557945
-0.47709925601036923
-0.5513215178850398
-0.6162392436120269
-0.6699314026693873
-0.6918277957194724
-0.6889639699766913
-0.6717623663572349
-0.6469214355455637
-0.6186790173682705
-0.5896551404116849
-0.5614132436114737
-0.5348330108193942
-0.5103572797405256
-0.4881548755215373
-0.41218007285584884
-0.31941108575542543
-0.2262200530621724
-0.1381754349384906
-0.058374420152211184
0.0
0.0
0.09647013359699072
0.21910402433015946
0.3136658883832878
0.4004967440198958
0.48161345734982514
0.5554075334712012
0.6197723065897087
0.6728049121072485
0.6926128379286952
0.688495852190129
0.6705823761586942
0.6453760581068987
0.6169861898854224
0.5879484294089689
0.559771244302604
0.5332988617769092
0.508951572279422
0.48688415479563407
0.4076067641372486
0.3141565474887952
0.22096278028529867
0.13318082060938577
0.05381028492729638
0.0
0.0
-0.10455555743159378
-0.22450882540644146
-0.31852035126698364
-0.40511702189353604
-0.48594488220944626
-0.5593294976839982
-0.6231650529918085
-0.6755660767397448
-0.6933706319638737
-0.6880513452509731
-0.669454691079931
-0.6438975115579654
-0.6153658248906643
-0.5863143780149588
-0.5581989195775752
-0.5318296712814998
-0.5076052976352479
-0.4856671040600662
-0.40322459828636487
-0.30912183234487434
-0.21592578872883927
-0.12839584888822692
-0.049438098664959546
0.0
0.0
0.1122973436831268
0.22968286682159728
0.3231668502980316
0.40953881647646384
0.4900896917662826
0.563081903223164
0.6264104583247047
0.678206547963798
0.6940934921396253
0.6876234785403512
0.6683730555139867
0.6424802247646597
0.6138129886837607
0.5847486352953419
0.5566924444772374
0.5304220847417689
0.5063155190406065
0.4799245632751701
0.39657292135884203
0.3025403993240112
0.20977018955236537
0.12287482252739218
0.04470919014848179
0.0
0.0
-0.12104152004160756
-0.23539348529162707
-0.32821732686514504
-0.41429262899036545
-0.4944999929519047
-0.567029056909141
-0.6297756289809996
-0.6800664058540513
-0.6942867195648074
-0.6868351494037904
-0.6670451327218615
-0.6408938373168156
-0.6121433437414179
-0.5831016061604185
-0.5551288962169371
-0.5289740007046879
-0.504996651028801
-0.4738037038838058
-0.38957396109219583
-0.2956527536357504
-0.20335740723214663
-0.11715176363907104
-0.03983762448732271
0.0
0.0
0.13045582085510307
0.24164278102689662
0.3338136744057286
0.41961555068036455
0.4994926160568429
0.5715562477939208
0.6337023199856078
0.6815438902608453
0.6942708279837878
0.685947804286678
0.6656867187980009
0.6393182782038987
0.6105081956935767
0.5815014244912894
0.5536174093308587
0.5275788016790505
0.5037288926054216
0.4679288982161173
0.3828670124145671
0.28906413861134017
0.1972349980827774
0.11170012466553264
0.03521008878383361
0.0
0.0
-0.13950042763465398
-0.24766940997350245
-0.33922646431130865
-0.4247766338255299
-0.5043459896862363
-0.575970700761423
-0.6375464899298824
-0.6830265451377351
-0.6943110981199111
-0.685144003541719
-0.6644242761569414
-0.6378418529148685
-0.6089697986837969
-0.579992474269009
-0.5521900379086285
-0.5262599734567315
-0.5025297236160031
-0.46231336292188824
-0.37646261015232063
-0.28278267736314777
-0.1914087212567826
-0.10652335304018445
-0.03082782071729462
0.0
0.0
0.14811641244258678
0.25341694440889556
0.3443923616323472
0.42970479261099337
0.5089824421802
0.5801899115724584
0.6412227911025891
0.6844461706296912
0.6943522543266519
0.6843783776877399
0.6632201562826051
0.6364330283139485
0.6075015363721912
0.5785521461929914
0.5508274774241045
0.5250009651596461
0.5013849074837242
0.45692990406861844
0.37032172045479317
0.27675933164803324
0.18582169823327843
0.10155908093230168
0.02662540868735884
0.0
0.0
-0.15637174075040675
-0.2589224320698562
-0.34933980306078144
-0.43442389176865104
-0.513421598347841
-0.5842289428868329
-0.6447413940401269
-0.6858035105864322
-0.6943895035311201
-0.68364310459349
-0.6620651018179251
-0.6350821038527638
-0.6060938632767249
-0.5771713926138446
-0.5495213569951986
-0.5237941582954474
-0.5002875901675203
-0.4517740627308539
-0.3644403247065193
-0.2709901613877313
-0.18047004106487835
-0.09680351707197961
-0.022599216551919016
0.0
0.010632857491230913
0.16394234144901423
0.2653756405258122
0.355350339829562
0.4399810252048595
0.5183876461438859
0.5884597195542156
0.648114480126252
0.6867005581837099
0.6938022706200936
0.6822141071364843
0.6602054844242333
0.6330503480915114
0.6040482669546307
0.575204992180628
0.5476851067129037
0.5221122623800021
0.4987675980947075
0.4464838594518723
0.3584378132599139
0.26505827142222965
0.1749066405394985
0.09179095502365052
0.018277952085433355
0.0
-0.022990943385862328
-0.1718006511008882
-0.272209613806512
-0.36171206242036924
-0.4458259023203007
-0.5235647742756964
-0.5928182493905071
-0.6515290070633233
-0.6875166585268354
-0.6930660695510481
-0.6806027732883436
-0.6581518232772882
-0.6308259906776675
-0.6018191288372419
-0.5730681720253776
-0.545693371240833
-0.5202902370763832
-0.49712242327575223
-0.44150048471026454
-0.35279109487036375
-0.2594431039106546
-0.16959621846344197
-0.0869581167574293
-0.014058836496651461
0.0
0.03487220592549106
0.1793368866451415
0.2787496773601682
0.36778904628888404
0.4513983686963317
0.5284890729543781
0.5969509154804397
0.6547511555268873
0.6882574847333531
0.6923261949746394
0.6790297374366326
0.6561593374371404
0.6286735587734522
0.5996651255261911
0.5710051551540064
0.5437715125034129
0.5185328139953208
0.4955360140027946
0.43668853898315463
0.34733745333238397
0.2540190798482144
0.16446580286438464
0.08228837802304398
0.009981406023951353
0.0
-0.046241354077025454
-0.18651778636470326
-0.28496155493123265
-0.3735462833600782
-0.4566636533512756
-0.5331270833802922
-0.6008266044790225
-0.6577530940343853
-0.6889105324178477
-0.6915796270506283
-0.6774976475620119
-0.6542338719113475
-0.6266005150631421
-0.597594346021096
-0.569024051203641
-0.541927306178892
-0.5168472420208058
-0.4940150022262624
-0.4320742085630262
-0.34210562320224613
-0.24881331949279567
-0.15953949693568006
-0.07780209253714206
-0.006061778645507582
0.0
0.05715747042816585
0.19341132422913246
0.29092427375365837
0.3790723519101555
0.4617174141305153
0.5375787409268421
0.6045466081248568
0.6606345520875915
0.6895388893740045
0.6908653630693122
0.6760297682164147
0.6523885107117554
0.6246134398719995
0.59560929173371
0.567124872773644
0.5401593108626233
0.5152312921097819
0.49255679402810515
0.4276559049136886
0.3370969596164835
0.2438302545674701
0.15482450326982483
0.07350878636324776
0.0023112897980919617
0.0
-0.06761000733978395
-0.20001357097424738
-0.2966359710453815
-0.3843664703497574
-0.4665596933553463
-0.541844791896694
-0.6081122731304631
-0.6633973669821422
-0.6901429851277598
-0.6901829920926827
-0.6746252151642433
-0.6506221309243604
-0.6227111188088293
-0.5937087466641824
-0.5653064548073702
-0.5384664409578773
-0.5136839713889041
-0.49116049304803056
-0.4229644975516941
-0.3317776216394636
-0.23856789016022717
-0.1498814243371664
-0.0690466484858303
0.0
0.0
0.07757400144583917
0.20648434153385856
0.3023383561892852
0.3897209664841841
0.4715164302527421
0.5462704247009585
0.6118742397248956
0.666384301547025
0.6908668781862348
0.6895543828075872
0.6732335651733333
0.6488442422275335
0.620783523292145
0.5917759664400799
0.5634531120036971
0.5367385655673583
0.512103091650996
0.4897329096400645
0.4179209315354031
0.3260083540345546
0.23281866854748368
0.14444158730150786
0.06409741922780415
0.0
0.0
-0.08636065417607222
-0.21235272105378733
-0.30760600679690925
-0.3947320988001932
-0.47621193707994264
-0.5505195162895213
-0.6155470828452274
-0.6693699990867336
-0.6916780397140957
-0.6890610057460071
-0.6719993883301472
-0.6472300965238653
-0.6190163459906451
-0.5899948182503104
-0.5617398004712749
-0.5351379719348772
-0.5106366172670662
-0.48840733047100315
-0.41308839593108015
-0.3204551689016961
-0.22726520129896494
-0.13916889265241877
-0.059282779322900964
0.0
0.0
0.09486136767143316
0.2180284440030532
0.31269967037033963
0.3995769853050119
0.4807510342213147
0.554626446266804
0.6190963916328911
0.672254550010305
0.6924610034583878
0.6885832361245102
0.6708057352602134
0.6456692967176949
0.6173077266155758
0.5882727733403402
0.5600833889650815
0.5335905638940869
0.509218889993145
0.48712582646195424
0.40847583534605286
0.3151548515466498
0.2219613979715367
0.13412934780533234
0.0546768649787773
0.0
0.0
-0.10301963674104084
-0.2234820629344278
-0.31759812078372424
-0.40423928329800474
-0.4851220302785488
-0.558584450771939
-0.6225205662875997
-0.6750415998636259
-0.6932268531205711
-0.6881360286228161
-0.6696691832282203
-0.6441786603667057
-0.6156739055066017
-0.5866250420333526
-0.5584978373048853
-0.5321089753517854
-0.5078612303561655
-0.4858984681168604
-0.40405813915722766
-0.31007955384098806
-0.21688398011344173
-0.12930612992244875
-0.05026988174650596
0.0
0.0
0.11082511754329555
0.22869905923365447
0.32228342443411256
0.40869816552263266
0.48930174828326023
0.5623686074840158
0.625793593842756
0.6777047293476371
0.6939562349879821
0.6877049815891229
0.6685788370563865
0.6427498049348628
0.6141083251653386
0.5850464124395488
0.5569789418102667
0.5306897707788613
0.5065607980099558
0.4810396093244089
0.3978500582636143
0.3038006696885288
0.2109473421496098
0.12392934520276543
0.04561110860242852
0.0
0.0
-0.11937207573600236
-0.23430376048154494
-0.32725390029424895
-0.41338601565113425
-0.4936590858213365
-0.5662766521982715
-0.6291343707924243
-0.6798508797634996
-0.6943290167993649
-0.687026210778204
-0.6673149204019759
-0.6411980902184412
-0.61245474287527
-0.5834038923308466
-0.5554129628734538
-0.5292353069877357
-0.5052335161856663
-0.47488324401184534
-0.39080952359511634
-0.29687080622830647
-0.20449382478322614
-0.1181683974681661
-0.04070560284117099
0.0
0.0
0.12878889942174276
0.24053658617509743
0.33282277044381786
0.41867246903157707
0.4986072659676146
0.5707524504202915
0.6330039292488108
0.6812761832299702
0.6942660624038218
0.6860967998454549
0.6659191537179625
0.6395895244875406
0.610790534638839
0.5817781950892736
0.553879119135185
0.5278205496948961
0.5039486683547851
0.46894673845124873
0.3840272938582746
0.2902020256836386
0.19829039977879534
0.11263788174413916
0.03600396307994018
0.0
0.0
-0.13793411787948576
-0.24662331937099655
-0.33828546114871316
-0.42387836810191415
-0.5035003627934822
-0.5752006172932784
-0.6368748836561358
-0.6827659671389842
-0.6943016786283711
-0.6852816625166959
-0.6646419555067651
-0.6380969765113436
-0.6092359044468667
-0.5802536397714793
-0.5524371752374699
-0.526488373806143
-0.5027374364878526
-0.4632921009705132
-0.3775788751151671
-0.28387729018595986
-0.19242373167242582
-0.10742490141086643
-0.03159066083586268
0.0
0.0
0.14661810676638903
0.2524179638629544
0.34349480325589393
0.4288487908467731
0.508177349340617
0.5794575270194672
0.6405849339085257
0.6842005146878407
0.6943461252362795
0.6845123937864865
0.6634302991515839
0.636678663121
0.6077574180526429
0.5788030944291429
0.5510648374040421
0.5252202622388108
0.5015842991534597
0.4578672441422822
0.37139105247021464
0.27780833413148065
0.186794857504324
0.10242391789659326
0.02735767933507624
0.0
0.0
-0.15493343277181162
-0.2579631767110332
-0.3484777439440462
-0.4336015879975113
-0.512648041228613
-0.5835250729886702
-0.6441281740283346
-0.6855668241807424
-0.6943828113713703
-0.6837710146055184
-0.6622661620044255
-0.6353173051731984
-0.6063389677630386
-0.5774118227576157
-0.5497487989701237
-0.5240043109888365
-0.5004786794055743
-0.4526715499633921
-0.365464074530984
-0.27199435168748476
-0.18140153592833783
-0.09763123580730443
-0.023299964134131657
0.0
0.008581802264987837
0.16263081780543204
0.2642300419529051
0.35428005041345856
0.43899406570155736
0.5175096486129049
0.5877163336646233
0.647527154729354
0.686551930550933
0.6939161839272286
0.6824764840514236
0.6605433693377593
0.6334179132532348
0.6044174826010679
0.5755594185092237
0.5480157738898597
0.5224149457461837
0.4990410244251065
0.4472996040370132
0.3593626828078821
0.2659794182474387
0.17577942188698428
0.09258694868962943
0.01897467065830291
0.0
-0.0210001890093095
-0.1705289141874999
-0.27110015898053474
-0.36067682560220904
-0.44487250776186693
-0.5227179110929245
-0.592102604656122
-0.650965179081407
-0.6873759045376491
-0.6931783962771548
-0.6808581065452008
-0.6584797781291445
-0.6311823638006574
-0.6021768929773262
-0.573411483916135
-0.5460135950439774
-0.5205833145540943
-0.4973871426603613
-0.4423001708979264
-0.3536964190937092
-0.26034261531349306
-0.1704461825354762
-0.08773092371632636
-0.014732777501752364
0.0
0.032988850935638636
0.17814709778945712
0.27772036433164177
0.3668350700398786
0.45052595249291894
0.5277206657824324
0.5963089140222676
0.6542540374986667
0.6881500504616884
0.6924509198790612
0.6792847217039668
0.6564795138436759
0.629018146529269
0.6000092670990733
0.5713343527822786
0.5440779371025599
0.5188128650292283
0.4957887140304889
0.4374574487457526
0.3482095800487491
0.2548870632708911
0.16528736447202264
0.08303671772214284
0.010635379204383566
0.0
-0.044422988953236486
-0.18537011052264546
-0.2839692498718608
-0.3726269431595328
-0.4558231686750907
-0.5323870306458671
-0.6002085177348051
-0.6572747312618553
-0.6888069433031221
-0.6916993255542886
-0.6777426388986535
-0.6545415812987534
-0.6269317228583317
-0.5979251453538365
-0.5693404978894475
-0.542221869193628
-0.5171164569496747
-0.49425792736935314
-0.4328095529532776
-0.34293923043154995
-0.24964272303452745
-0.1603243479612807
-0.07851682041198073
-0.006686216045068721
0.0
0.05541691378218508
0.19231179434830678
0.2899729701755593
0.37819053033517375
0.4609107872283969
0.5368680292937114
0.6039524947310394
0.6601741083837661
0.6894379883387219
0.6909787400632973
0.6762634461610819
0.6526824741526487
0.624930067602544
0.5959256459595743
0.5674275694924714
0.5404411165373378
0.5154888737059468
0.4927892386142941
0.42836046031123376
0.33789562185117483
0.24462478014748196
0.15557622766737617
0.074193220020389
0.00290912561445833
0.0
-0.06594383254794864
-0.19896119333303408
-0.2957255774477745
-0.38352266291589493
-0.46578793114661965
-0.5411649007399453
-0.6075440414518981
-0.6629571246499097
-0.6900468347436157
-0.6902918938226124
-0.6748492208549817
-0.6509037997520728
-0.6230144450385522
-0.5940117788975446
-0.5655963859715676
-0.5387363507013435
-0.5139306724736086
-0.4913831143630708
-0.42372681098871773
-0.332642019036285
-0.23942221651227769
-0.15068291801314576
-0.06976907933521018
0.0
0.0
0.07626282045135357
0.20560483786472725
0.30154657251435557
0.38896611454734237
0.47080766075919295
0.5456275519472349
0.6113169386729336
0.6659294245442124
0.6907403467812261
0.6896250039049764
0.6734163101653009
0.6490846704542776
0.6210473802569909
0.5920422478908104
0.5637094480122865
0.5369781564347044
0.5123226808121824
0.4899314486673097
0.41866109895035153
0.3268590692033646
0.23366870160807085
0.14524773463243273
0.06483254887357102
0.0
0.0
-0.08506841048216596
-0.21149137150352154
-0.30683393121955366
-0.3939984598800018
-0.4755253136797986
-0.549899035760293
-0.6150117215967674
-0.6689359384177076
-0.6915626359175281
-0.6891366214582754
-0.6721833331651854
-0.6474694572536396
-0.6192778568784748
-0.5902581070325638
-0.5619928938891622
-0.5353743126074781
-0.5108530904677223
-0.4886029648781488
-0.4137919624940727
-0.3212639267986748
-0.22807484054335905
-0.1399385491033335
-0.05998656917909009
0.0
0.0
0.09361471811699698
0.21719489578036033
0.31195082728450785
0.39886411032817365
0.48008255909759096
0.5540209728030969
0.6185723952800104
0.6718278290795345
0.6923431357609034
0.6886507677370243
0.6709786587209658
0.6458963909501598
0.6175567672248022
0.5885240049009353
0.5603251808280236
0.533816526520781
0.509425967273798
0.4873130394032112
0.40914896578940596
0.3159280528874151
0.22273482023549568
0.1348639544397634
0.05534798555706767
0.0
0.0
-0.1018299908045518
-0.22268676118498745
-0.31688377360056286
-0.40355939082927517
-0.48448464612115183
-0.5580073282986401
-0.6220213324020741
-0.6746353210631597
-0.6931154713308764
-0.6882016189771054
-0.6698353267928134
-0.6443964382140268
-0.615912545920217
-0.5868656841947029
-0.5587293810880285
-0.5323253264806415
-0.5080594779934201
-0.4860776847491635
-0.4047038585608599
-0.3108214753977421
-0.2176262662200414
-0.13001130108852005
-0.050914242312142435
0.0
0.0
0.10968467230721102
0.22793697363414003
0.3215991043956682
0.4080469850316667
0.4886914007077804
0.5618160879038414
0.6253157758540557
0.6773160317348383
0.6938499330018257
0.6877681342003351
0.6687382566410504
0.6429586425297432
0.6143371124741375
0.5852770887894339
0.5572008791692178
0.5308971352397917
0.5067508043481089
0.48190336677481793
0.3988393790765562
0.30477692754675656
0.211859216267325
0.12474622764708343
0.046309779733821485
0.0
0.0
-0.11807884339009314
-0.23345960598906368
-0.32650758191205204
-0.41268370698287715
-0.4930076758165559
-0.5656937999348828
-0.6286376175359507
-0.6796839187954636
-0.6943617781957461
-0.6871742122158258
-0.6675239072956771
-0.6414337758443613
-0.6126959646407669
-0.5836380550731951
-0.5556330122026102
-0.5294377253122104
-0.5054170014882293
-0.47571949433284005
-0.39176663366958103
-0.29781435189616695
-0.2053741325390493
-0.11895591609327505
-0.041377967360795395
0.0
0.0
0.12749764290890608
0.2396796876744159
0.33205518001932394
0.4179419232385787
0.4979214409213686
0.5701297988877395
0.6324629293778735
0.6810688068928081
0.6942623702674369
0.6862122168134761
0.6660992059456546
0.639799641478499
0.6110092444599308
0.58199259150413
0.5540818489404327
0.5280078163951083
0.504118914555781
0.469735196505283
0.3849260923877532
0.2910834766319391
0.1991079543289226
0.11336430419692169
0.0366189283492596
0.0
0.0
-0.1367207960164835
-0.2458129789886271
-0.33755652559897453
-0.4231825387062147
-0.5028453095139367
-0.574604082858029
-0.636354633392386
-0.6825641144803924
-0.6942943825512915
-0.6853882987825081
-0.6648105784468182
-0.6382946050903778
-0.6094420401663605
-0.5804559485369697
-0.5526286172211613
-0.5266653013979598
-0.5028983387642303
-0.4640502683582657
-0.37844357607892976
-0.28472521864575734
-0.1932099971639564
-0.10812327497438483
-0.03218158579775325
0.0
0.0
0.14545746226865056
0.2516441155514124
0.34279952039083417
0.4281856992952734
0.5075536937600464
0.5788901940249048
0.6400908253839653
0.6840102201461871
0.6943413772944207
0.6846162076377604
0.6635930836990598
0.636868941081032
0.607955633639313
0.5789974883914052
0.5512487053952605
0.5253901380286475
0.5017387554639899
0.45859334299010324
0.37221939721799924
0.2786209308452454
0.18754870320374323
0.103093853057309
0.027924923638783086
0.0
0.0
-0.1538192653301931
-0.2572201014162247
-0.3478099605006435
-0.43296460053111124
-0.5120488147452941
-0.5829798288425646
-0.6436531506901005
-0.6853834779535196
-0.6943776273493395
-0.6838700984962599
-0.6624219107768877
-0.6354995009556271
-0.6065288349125708
-0.5775980689871562
-0.5499249840765953
-0.5241671031682265
-0.5006267043158947
-0.45336677738845643
-0.3662571097177558
-0.27277223532766515
-0.18212310694232164
-0.09827241792017782
-0.023842789605803563
0.0
0.006992977665373323
0.16161486222378477
0.26334261818380633
0.3534509639569189
0.4382295297363741
0.5168295186966992
0.5871404789959833
0.6470721903952189
0.6864367980136185
0.6940044254808494
0.6826797311011961
0.6608051077231608
0.6337026430742
0.604703490948041
0.5758339704925811
0.5482719211389091
0.5226494156811045
0.4992528307580195
0.44793151051447094
0.36007912159285116
0.2666929732728357
0.17645551119335653
0.09320355536726194
0.019514375110975077
0.0
-0.01945807568050678
-0.16954377886970537
-0.270240733480322
-0.3598748921662608
-0.44413397242288627
-0.5220618989701086
-0.5915482392859324
-0.6505284166861096
-0.6872668711932579
-0.6932654087878535
-0.6810558973014822
-0.6587338243085782
-0.6314584238435562
-0.6024540305546583
-0.5736774262369432
-0.5462616524626213
-0.5208103434066788
-0.49759220426599005
-0.44291963793393885
-0.35439771732978526
-0.2610394107195617
-0.17110459671298006
-0.0883295690882013
-0.015254837582572747
0.0
0.031529933235515395
0.17722544253490077
0.2769230196957083
0.36609608411015826
0.44985014604574286
0.5271254286477249
0.595811595513641
0.6538689511509874
0.6880668278276698
0.692547536486205
0.6794822421193782
0.6567275345453912
0.6292850771815796
0.600275852121366
0.5715893616623564
0.5443153051367009
0.5190298031065522
0.49598446498839915
0.4380530752055258
0.34888516224813576
0.255559435918872
0.16592377703370936
0.08361640983580398
