0.0
-0.10799999999999998
0.0
-0.2761753600000002
-0.08514209621333348
-0.15407612150215144
0.0
-0.21508014597406178
0.0
-0.18627642390510918
0.0
-0.1414333651095429
0.0
-0.0357391100868345
0.05493442286558772
0.3702005502087419
0.45055912660417297
0.5672812351803632
0.567721054833645
0.5408227327315935
0.5058218298834956
0.46748061483164954
0.4275904358279946
0.38734466084783903
0.34780609295735454
0.30997763535392375
0.27479197084989254
0.24308691612488798
0.2155810117983386
0.1928529141917969
0.17532572571284588
0.16325675092607245
0.15673288266731183
0.04988988715920066
-0.16244241528859985
-0.3589007209911743
-0.5450844890604367
-0.6860218057278371
-0.8062769722623739
-0.8815964881069928
-0.9018349685343517
-0.889042615779797
-0.8575060634978658
-0.8163684582559757
-0.7713790425757903
-0.7260597180019949
-0.6824813511494799
-0.5902540998950387
-0.46224786214522373
-0.3301637220583533
-0.2035795061001442
-0.08719454073576761
0.0
0.0
0.0
0.0797593601854451
0.2002573055498138
0.29368258992917634
0.3805265155548373
0.46277664258597184
0.5387329878048401
0.6061629870869683
0.663013136885214
0.6996499853325138
0.7050608387848829
0.6920048480795782
0.6687212759896182
0.6404582287801912
0.6104930581152643
0.5808123613006958
0.5525641736121579
0.5263578272612666
0.5024620536958653
0.4809352076426473
0.4108469889989539
0.31494393183568276
0.2170976762141215
0.12455297546567143
0.040850222390521024
0.0
-0.02915530898492011
-0.19117166086704537
-0.29974196928778307
-0.3958824037450386
-0.4856719801404882
-0.5680946093614218
-0.6409178379805194
-0.7019768477583574
-0.7276975803114125
-0.7255367246957763
-0.7071852180958917
-0.6801613689361344
-0.6492258892855611
-0.6173259312267757
-0.5862237826547693
-0.5569145798287807
-0.5299029833057087
-0.5053856836485244
-0.45551293872295695
-0.3691831840401623
-0.2770501790218198
-0.18770311661063466
-0.10494813907308709
-0.031355315490508004
0.0
0.0002664156380050575
0.15555242958069154
0.25686771036727346
0.3464869706245276
0.4309197645716535
0.5093688432982517
0.5797345869489887
0.6399236943494785
0.6819040638020488
0.6911926928401292
0.6809930306371893
0.659847391936819
0.6332115168798317
0.6045058077930117
0.5758160925538071
0.5483598122384825
0.5227953258788243
0.49942639860728744
0.43860616874085673
0.34872027569154285
0.2551781272803545
0.16547754690839916
0.08318078579381248
0.010772545992031923
0.0
-0.04930551894325677
-0.18677481425136888
-0.284142742277141
-0.3720524845372704
-0.45463147432452355
-0.5306493750098281
-0.5979961181703948
-0.6546689995265679
-0.6868792579354188
-0.6902498671742766
-0.6766343086370005
-0.6536797586160524
-0.6262506317028672
-0.5973786612995781
-0.5688959410352752
-0.5418558055834173
-0.5168118521079731
-0.4940022109217068
-0.4299714502864631
-0.339658346062742
-0.24644695553183626
-0.15739747264283338
-0.07596092035078826
-0.004574675496265473
0.0
0.06714279679295604
0.19956065171082885
0.29615349583371947
0.3838657392276268
0.46606287561153276
0.5413750994123143
0.6076913775833854
0.6630443974858754
0.6901643341580131
0.6904220322504663
0.6749811878937724
0.6510312041059956
0.6231337488654114
0.594121261719986
0.5656954620603382
0.538825122011196
0.5140096382166862
0.4914529844501137
0.4215784048494788
0.3302825560034214
0.23731825682508156
0.14896903795608046
0.06849922128882482
0.0
0.0
-0.08295903647904371
-0.20972477314446936
-0.3050300508628242
-0.3921287166241182
-0.47363486799593757
-0.5480471787984228
-0.6132578784226793
-0.667335323509437
-0.690844378614363
-0.6889643066414269
-0.6723372008591981
-0.647807250512384
-0.6197086501546496
-0.5907248318058009
-0.562460689066359
-0.5358227736396937
-0.5112711260218943
-0.48898539576949857
-0.41359166663952646
-0.3210684185676025
-0.22800702225339092
-0.1400203668635588
-0.060215139810204765
0.0
0.0
0.09613758552586318
0.218544194532747
0.3129607844496006
0.399685622765896
0.4807284361887437
0.5544802138795675
0.6188343369561404
0.671887302221793
0.6921267925270963
0.6882825783842372
0.6705375006470802
0.6454314418876382
0.617097762051585
0.5880880551797956
0.5599212960123325
0.5334486000286747
0.5090947386396617
0.4870173747398525
0.4070521545789754
0.313561777580552
0.2204734243452987
0.13283387677690214
0.05361619573677566
0.0
0.0
-0.10743387926710632
-0.22617723734966375
-0.3198661046266086
-0.4062924479943142
-0.48695326993095445
-0.5601481703538188
-0.6237716574446953
-0.6759444703228603
-0.6933022969595735
-0.6877250363784722
-0.6689916479802942
-0.6433743721752657
-0.6148299098923178
-0.5857938677636706
-0.5577096141359574
-0.5313794664809053
-0.5071971363471696
-0.4826971922016243
-0.39978587010182987
-0.30580830816019405
-0.21293325598962187
-0.12582597822713257
-0.04736024712308516
0.0
0.0
0.11788553499872265
0.23313673778815774
0.3261019349915839
0.4122178379452196
0.49250008536680007
0.5651626769414735
0.6281011498625068
0.679385228164885
0.6942146934917721
0.6871219409870253
0.6675292373754733
0.64147251767164
0.6127525659439448
0.5837026713213624
0.5556995522187296
0.5295025497681262
0.5054780582135336
0.4752633996158675
0.3912723080489834
0.2973910416848891
0.20505125460121826
0.1187434109165737
0.04127884340457641
0.0
0.0
-0.12885302229390558
-0.2404173947294359
-0.3326173596621654
-0.4184077288519936
-0.49829660722463964
-0.570407362752466
-0.6326360899287836
-0.6810350655686838
-0.6941092378781216
-0.6859958936907
-0.6658552092211094
-0.6395498938974344
-0.610766794275451
-0.5817647475404601
-0.5538722563521659
-0.5278178252271764
-0.5039484769071563
-0.46838383252281024
-0.3833995271078385
-0.28962687916503066
-0.19780357035608212
-0.11225530812148354
-0.035734567136471065
0.0
0.0
0.13923875895939652
0.24737134358005952
0.3388833466226284
0.4243964091761704
0.5039407094461195
0.5755535652520406
0.6371308802714638
0.6827864371980367
0.6941837277893723
0.6850879064423657
0.6644121961008397
0.6378559942277525
0.6089986499134855
0.5800286851043116
0.5522290017579702
0.5262988826087
0.5025669407008883
0.46211478356092583
0.3762448336509202
0.2825951769574335
0.19126491339427532
0.10642788599868677
0.030782242249005776
0.0
0.0
-0.1487389809356228
-0.25374827460255567
-0.3446391576128893
-0.4299044965976537
-0.5091383037750833
-0.5802992943653726
-0.641283151217435
-0.6844176361567531
-0.6942730228852935
-0.6842729197583217
-0.6631038816224819
-0.6363153977352589
-0.6073881328417495
-0.5784460498093588
-0.5507301751932433
-0.5249129502758535
-0.5013060717123282
-0.4563007058595662
-0.369611048534517
-0.2760814567614799
-0.1852149229406962
-0.101043487686416
-0.026214584851245296
0.0
0.0007201988711959539
0.15753520446088176
0.25973543940481714
0.3500494429742551
0.43506411593538047
0.5139839475375335
0.5846986205258351
0.6451051410917031
0.6858803104891799
0.6942954495031013
0.6834532848417657
0.6618274538596304
0.6348266638680525
0.6058389315212674
0.5769276347525043
0.5492945250234397
0.5235868892073325
0.5001005892845465
0.4507638508869896
0.363295274084143
0.26988096462757905
0.1794566925732862
0.09591954676898692
0.021868681747592808
0.0
-0.013315557519086807
-0.16559666487525176
-0.26678163156087714
-0.3566356138349074
-0.4411403010854406
-0.5193921153530993
-0.5892806404328601
-0.6487286888998351
-0.6868013115820379
-0.6935988672676108
-0.6818417547845672
-0.6597503528903282
-0.632566292460772
-0.6035679726915849
-0.5747473871115387
-0.5472602766160327
-0.5217246989510398
-0.4984183344394395
-0.4453274216136735
-0.35712939649891134
-0.26376598772996696
-0.17369472145681047
-0.09069885557851005
-0.017336101610577637
0.0
0.02606960241505757
0.1737281886398242
0.2738662649280322
0.36323984067099296
0.447216316836616
0.5247826212047373
0.5938283858478481
0.6523026694414922
0.6876738712541864
0.6928565679392878
0.6801880492379776
0.657634944215592
0.6302715065959869
0.6012663414113752
0.5725399610433435
0.545202049903897
0.5198414223358939
0.49671758181651526
0.44020538877374527
0.35132575429373414
0.2579929828633805
0.16823281884726143
0.0857257713816954
0.01299196381617354
0.0
-0.03813308246013772
-0.1813759506660349
-0.2805002911413673
-0.3694018097488585
-0.45286433809253085
-0.5297710262904782
-0.5980117381959058
-0.6555605336438618
-0.6884135514281103
-0.6920940689531787
-0.678580810912483
-0.6556029536177841
-0.6280781589366545
-0.5990723440615776
-0.5704391948279054
-0.5432453633627835
-0.5180523636170069
-0.49510275091781436
-0.43532466546156845
-0.34579204096041305
-0.2524857871925721
-0.1630199409145845
-0.08097707716191624
-0.008841513265320886
0.0
0.049610121341264746
0.18862986913917235
0.2867785809029575
0.37522304609981166
0.4581904601472438
0.5344650631461401
0.6019369813022561
0.6586041029147429
0.68908142960965
0.6913460474027974
0.6770378195048093
0.6536615341135125
0.6259868913228186
0.5969827925699465
0.5684397997486181
0.5413839271516879
0.5163509166632754
0.4935673327604093
0.43068518075646256
0.3405317780205089
0.24725058539089267
0.15806436484861214
0.07646261792151612
0.004895631786845475
0.0
-0.06054299560895013
-0.19553943807106214
-0.29275868477614964
-0.38076780378255
-0.4632636993583675
-0.5389363731829813
-0.6056761882282827
-0.6615037185456998
-0.6897191943032043
-0.6906356798553168
-0.6755704517439237
-0.6518146859191294
-0.6239972254115667
-0.5949946135242565
-0.5665373180050325
-0.5396126651869242
-0.5147318608931736
-0.4921062451208479
-0.426170914019432
-0.33541390148818356
-0.24216425628430754
-0.15325826161805056
-0.07209345247119653
-0.0010865346492825584
0.0
0.07122500232778761
0.2023074726343743
0.298625616511465
0.38621322377199235
0.46825047048278395
0.5433355861399329
0.6093592750208522
0.664364377464771
0.6903481710937749
0.6899345179397788
0.6741224050657478
0.6499922418645084
0.622033890902099
0.593032767928229
0.5646600473465512
0.5378648831733984
0.5131342722808789
0.49066453323566345
0.4212373987509551
0.32981147937144745
0.2366176706016795
0.14804504885066988
0.0673847187988647
0.0
0.0
-0.08060905388715095
-0.20850903440559948
-0.30415445772185523
-0.3914477828840587
-0.4731337876130772
-0.547733356616228
-0.6131381012465288
-0.6674109796488714
-0.6911454470943068
-0.6893841703397506
-0.6728085267805938
-0.6482885204660742
-0.620175193238509
-0.5911628685594346
-0.5628633885549859
-0.5361876543207084
-0.5115983522768734
-0.48927667018612725
-0.4162179055192792
-0.3240523182725073
-0.2308658141586051
-0.14259120582331805
-0.06241171470440318
0.0
0.0
0.08936923779227504
0.21435524686598323
0.30939932223248456
0.3964350500396019
0.47780484025507486
0.551958092779867
0.6167873972461917
0.6703746151343445
0.6919443404768834
0.6888847682165791
0.6715722279059873
0.6466746226406129
0.6184096372663015
0.5893840746176746
0.5611527588471892
0.5345898193930789
0.5101345637911072
0.4879536197978017
0.4114406839513075
0.3185618866615043
0.22537163037729718
0.13737079570586452
0.05764060006867937
0.0
0.0
-0.09779715706703837
-0.2199881134959083
-0.31445818666215525
-0.40124960746940214
-0.48231818090447615
-0.5560445597136491
-0.6203222170878375
-0.6732511425184399
-0.6927334045040191
-0.6884210869114259
-0.670396727062464
-0.6451335738893385
-0.616720859950288
-0.5876810783186702
-0.5595141198375422
-0.5330586803048283
-0.5087315332580506
-0.48668526729705575
-0.40688117182494926
-0.31332334833965436
-0.2201302304975588
-0.13239106487231492
-0.05308984321479637
0.0
0.0
0.10585112415026207
0.22537280514288768
0.3192951100644076
0.4058535303001994
0.48663455826276203
0.5599531754704687
0.6237037047477325
0.6760034634851778
0.6934890695506526
0.687978463192062
0.6692731879824505
0.6436603179061196
0.6151062282175478
0.5860527741021399
0.5579473052037168
0.5315946263450125
0.5073899578341422
0.4847980497256259
0.4021551250039963
0.3080496807007196
0.21491703672089313
0.1274864725927704
0.04865452559936355
0.0
0.0
-0.11375544119909697
-0.2306360106320195
-0.3240103207143473
-0.41033306981993256
-0.490826828937687
-0.5637418999647144
-0.6269734268324615
-0.6786557217594309
-0.694204411660756
-0.6875321249989376
-0.6681674722551476
-0.6422167029032213
-0.6135268742778256
-0.5844615343914071
-0.5564170170970387
-0.530165226267654
-0.5060804641025402
-0.4788088523861391
-0.3952982267486348
-0.30128825831550327
-0.2086069060125883
-0.12183930824768237
-0.04383057971218507
0.0
0.0
0.12275453414993162
0.23652764819135635
0.3292306427092197
0.4152543451399764
0.4953998574136258
0.5678426113250534
0.6304784817618084
0.6803230796342602
0.6942718733940436
0.6866623690182779
0.6667874907180509
0.6405976288534149
0.6118372506933883
0.5828028004850151
0.5548470954092977
0.5287141542409487
0.5047607126843525
0.4727059782125172
0.38831904212419865
0.29441825096594965
0.20220852577154902
0.11612699760108833
0.0389659280066014
0.0
0.0
-0.13215184173511926
-0.2427690485393021
-0.33482291813472487
-0.42057625459770587
-0.5003946040585743
-0.5723752068492515
-0.6344139125719983
-0.6818160216497996
-0.6942747030941774
-0.6857948523923425
-0.6654487058803976
-0.639040744866525
-0.6102194238534515
-0.5812184102974027
-0.5533498328746478
-0.5273316574571072
-0.5035042256284269
-0.46687958184516565
-0.3816704668753963
-0.2878906439637292
-0.19614660198863
-0.11073311609507575
-0.03439154353411439
0.0
0.0
0.1411171001132998
0.2487475635877296
0.3401953527249294
0.4257008426276857
0.5052154281319128
0.5767618441983221
0.638235786473238
0.6832928845447945
0.6943190667446724
0.6850007436349617
0.6641988112104655
0.6375780000629132
0.608694785016725
0.5797226766023709
0.5519347977533535
0.5260241251347177
0.5023152629863531
0.4613017738093959
0.3753088808275011
0.2816513761991624
0.19035975091358404
0.10559170731451736
0.03003958756651827
0.0
0.0
-0.14966879250680265
-0.2544515689541822
-0.34532170538046675
-0.43059094898928757
-0.509815760604635
-0.5809478405065419
-0.6418827579190806
-0.6847002333457959
-0.6943584290389103
-0.6842395223513623
-0.6630025278921762
-0.6361786819379452
-0.6072365988046554
-0.5782923273724822
-0.5505817335548672
-0.5247739261337057
-0.5011784790847091
-0.4559577697283547
-0.3692127909915423
-0.2756716677282108
-0.18481287607256885
-0.10066276575583584
-0.025866717214717075
0.0
0.001074961247448547
0.15783040480309843
0.26003678223238247
0.35036232828908737
0.43538125941556294
0.5142955916576633
0.5849949242893276
0.6453769164629917
0.6860075897086415
0.6943329123898656
0.6834366965737328
0.6617800074832987
0.6347632207351978
0.6057688531896049
0.5768566714735557
0.5492260727018445
0.5235228239172198
0.5000418194731976
0.45074433389324914
0.3632692735989027
0.2698400924244541
0.17940075359077995
0.09585039334457222
0.021788861483146765
0.0
-0.012975308733120305
-0.16543141443916634
-0.2666706155197905
-0.3565559627542395
-0.44108885148562815
-0.5193690584730513
-0.5892861036501982
-0.6487620411573005
-0.6868552452212703
-0.6936625192651877
-0.6819083664848542
-0.6598158509577856
-0.6326283455824454
-0.6036253663650624
-0.5747996108705347
-0.5473072529312544
-0.5217666064363145
-0.49845549367532016
-0.44554188408692885
-0.3573697987716473
-0.26399526821153596
-0.17390031880525997
-0.0908741034413734
-0.017476455744161942
0.0
0.025271072614738876
0.1732531640513221
0.27347420886847096
0.3628901966766759
0.4469091645528196
0.5245251747384106
0.5936278093154831
0.6521644400268195
0.687671024544135
0.6929329061883641
0.6803073744045571
0.6577742825348861
0.630416587494843
0.6014085858583446
0.5726744799060067
0.5453263175538519
0.5199544011912292
0.49681914758463164
0.44058277663718387
0.3517518156938868
0.2584102212986136
0.16861997315227656
0.08607024481809461
0.013284304117354442
0.0
-0.0370384489124746
-0.180705513029823
-0.27993382253292276
-0.3688866373022669
-0.45240224937319046
-0.5293734211932046
-0.59768996543839
-0.6553236451864496
-0.688381836692705
-0.6921835288334695
-0.6787372198134478
-0.6557917873003815
-0.6282778717879345
-0.5992698892657135
-0.5706270455307326
-0.543419537513526
-0.5182111192309002
-0.4952457285333283
-0.43580568777303774
-0.34633625146680225
-0.2530227860053758
-0.16352293995391837
-0.08142969255341961
-0.009231148521039373
0.0
0.04833015364702581
0.18783629253742185
0.28610165422617223
0.3746026163969281
0.45762944197611877
0.5339775320659933
0.6015369661142307
0.6583029588865502
0.6890297610305453
0.6914422770120018
0.6772163158593271
0.6538804584028336
0.6262200847563871
0.5972143695972566
0.5686605521748415
0.5415889392406911
0.5165379892128777
0.49373594685688543
0.4312288884629723
0.34114733801542074
0.24785990050623938
0.15863733427473836
0.07698057993797547
0.005344095815068159
0.0
-0.05915871956531124
-0.19467539723936325
-0.2920178471062009
-0.3800859833235281
-0.46264454610219924
-0.5383955593147415
-0.605229342502037
-0.6611635849112732
-0.6896546475142127
-0.6907348297803896
-0.6757609701532069
-0.6520504347377287
-0.6242493301729464
-0.5952455136864011
-0.5667768096076389
-0.5398352758823824
-0.5149351150825177
-0.4922895229318759
-0.4268299482820064
-0.33616063479218694
-0.24289979347889065
-0.15394540039813487
-0.07270970249254691
-0.0016147386691527932
0.0
0.06956955586845534
0.20125442566066964
0.29771118068596064
0.3853641226619142
0.4674730380893998
0.5426502366609953
0.6087862880278867
0.663920506645072
0.6902574638289154
0.6900539283675796
0.6743594293811428
0.6502878396528016
0.6223510834262641
0.5933490382304455
0.5649622848715885
0.5381460300888283
0.513391106678573
0.4908962108553648
0.42205899068325436
0.3307494424825591
0.2375501383431443
0.14892503996213133
0.06818301699111398
0.0
0.0
-0.07913592321966531
-0.2075312188510081
-0.30328033544777105
-0.3906186793152108
-0.4723590526223907
-0.5470344212119777
-0.6125362402703189
-0.6669242976503715
-0.6910166598374673
-0.6894698885349994
-0.6730158588501981
-0.648558028869999
-0.6204695135964429
-0.5914591214299044
-0.5631481298903034
-0.5364535239558568
-0.5118418570680234
-0.48949672437062647
-0.41704320595954547
-0.32499963126000136
-0.23181070824972264
-0.14348558959603339
-0.06322555105357383
0.0
0.0
0.08789443949849607
0.21337524260522772
0.3085226617690167
0.39560320705502094
0.4770273064570078
0.5512564347924351
0.6161830162552084
0.6698857293560412
0.6918154652810469
0.6889716378759256
0.671781386121962
0.6469462732897769
0.6187061930687503
0.5896825219820707
0.5614395771295482
0.5348576087114809
0.5103798145169731
0.4881752439546564
0.41225335880982317
0.3194953180223005
0.22630436328656967
0.13825556741399186
0.058447680645668104
0.0
0.0
-0.09634064801355863
-0.2190174553607328
-0.31358812459578084
-0.40042272339014706
-0.4815440559540848
-0.5553446834791314
-0.6197179267366942
-0.6727606427576072
-0.6926006568107144
-0.6885029303271384
-0.6706003997001055
-0.6453997047600472
-0.6170121115119577
-0.5879745736305633
-0.5597964030329249
-0.5333223715411659
-0.5089731159642222
-0.48690363109281376
-0.40767676377045525
-0.31423696714382343
-0.221043239499323
-0.13325725879901884
-0.053880134285436115
0.0
0.0
0.10443194658584523
0.224426184781374
0.31844611954359064
0.4050463679400455
0.4858786431210138
0.5592695184298699
0.623113165444728
0.675523846772311
0.6933590465177789
0.6880581505177069
0.6694719461649093
0.6439201331198395
0.6153906152884056
0.5863393772892095
0.558222974200006
0.531852147896711
0.5076258936919936
0.4856857231055802
0.4032916108766326
0.30919882933243004
0.21600282825189906
0.12846904190618919
0.049504985745535246
0.0
0.0
-0.112179036377834
-0.22960379488946603
-0.32309583805598435
-0.4094712367042753
-0.490026343784696
-0.5630245511725999
-0.6263608537687269
-0.6781661878345518
-0.6940824410381441
-0.6876300154247479
-0.6683895848750686
-0.6425018844793863
-0.6138367203771874
-0.5847725644720765
-0.5567154680060165
-0.5304435970349141
-0.5063352309143005
-0.48001412105968355
-0.39667549886323544
-0.3026416256196309
-0.20986474377848396
-0.12295953088887816
-0.04478164471648022
0.0
0.0
0.1209074894473432
0.23530598959768173
0.3281399672325902
0.41421982805644053
0.4944324653804033
0.56696863349938
0.6297241283161502
0.6800490925763142
0.694290110420994
0.6868504867976578
0.6670667924982627
0.6409182652141567
0.6121683459644349
0.5831258770281147
0.5551517044161042
0.5289949815556029
0.5050156695253644
0.473890352479914
0.3896731340795214
0.2957505240658846
0.2034486282173677
0.11723337290994068
0.039907304250718936
0.0
0.0
-0.13032205760946997
-0.2415540066911132
-0.33373414811162294
-0.41953985940354316
-0.4994215555609875
-0.5714917301562285
-0.6336462599228255
-0.6815223967773557
-0.6942704384379009
-0.6859597560609756
-0.6657053679609162
-0.639340042944149
-0.6105308513020734
-0.581523633727546
-0.5536384102916467
-0.5275982009659713
-0.5037465288118954
-0.4680105520668389
-0.3829600938084262
-0.2891554251227944
-0.19731966916424093
-0.11177535960963655
-0.03527378246800511
0.0
0.0
0.13937479206175707
0.24758549623375506
0.3391509769307445
0.4247045724625832
0.5042781490109461
0.5759089184004574
0.6374926058585624
0.6830056349219137
0.6943103368049092
0.6851550416675691
0.6644417341962128
0.6378623153072357
0.6089911425562976
0.5800134222540144
0.5522098609146432
0.5262782936934256
0.5025463845719816
0.46239185294367
0.37655212953044953
0.2828704614478391
0.1914901227905736
0.10659565655090852
0.03088900143015566
0.0
0.0
-0.14799626954297226
-0.2533368367201744
-0.344320384748404
-0.42963614670214517
-0.5089178774763943
-0.5801311763498966
-0.6411716352220749
-0.6844264669293624
-0.6943517593907655
-0.6843891217875523
-0.6632370055643402
-0.6364527241192391
-0.6075220541928793
-0.5785722686436556
-0.5508465104207797
-0.525018549840667
-0.5014008960686793
-0.4570050553418781
-0.3704074545022719
-0.2768434366052849
-0.1858997233322947
-0.10162842208526182
-0.026684122012997108
0.0
0.0
0.15625643385899116
0.25884552758739493
0.3492706893881091
0.43435796433171475
0.513359578176934
0.5841725089448512
0.6446922270645241
0.6857845319080644
0.6943889645752812
0.6836533574310572
0.6620812196084386
0.6351009590834026
0.6061135126825564
0.5771906674433397
0.549539590679388
0.5238110059802529
0.5003029095941339
0.45184600552036513
0.36452238893994815
0.27107065829292326
0.18054471128718896
0.09686986912550952
0.022655391038682582
0.0
-0.01046845717951686
-0.163837215480652
-0.2652838130563726
-0.3552645479423213
-0.43990191197492107
-0.5183172662456476
-0.5884001290760726
-0.6480673984465087
-0.6866886419754611
-0.6938113994720829
-0.6822351368059678
-0.6602325669052352
-0.6330798098952508
-0.6040778612458891
-0.5752334011548375
-0.5477116113457234
-0.5221365240131167
-0.4987895146529815
-0.4465492417701664
-0.35851194211188064
-0.2651321022916364
-0.17497659531804616
-0.09185475562581441
-0.018333796080629253
0.0
0.02283139348880342
0.17169872592287805
0.2721206941584192
0.361629090553917
0.44574948939060655
0.5234968990987633
0.5927608906204672
0.6514838156599285
0.6875053757957951
0.6930750708811872
0.6806232364534589
0.6581781070589847
0.6308545522580951
0.6018478020246969
0.5730956870020052
0.545719035850001
0.5203137260476306
0.4971436394783473
0.4415645736216495
0.35286364991852104
0.25951519332604195
0.16966433727525082
0.08702005223189171
0.014112848803042075
0.0
-0.03472127665004418
-0.17924153794922246
-0.2786671885617586
-0.3677125945889248
-0.4513284528857858
-0.5284274921226577
-0.5968994645262554
-0.6547113152895772
-0.6882488739618396
-0.6923361896040692
-0.6790501711826908
-0.6561849957874778
-0.6287011735364076
-0.5996927046042293
-0.5710315366847234
-0.543796069054517
-0.5185552570121504
-0.49555626514689
-0.43675015698478026
-0.3474073428640694
-0.25408863751858
-0.16453164061899014
-0.08234834817315405
-0.010033814084213832
0.0
0.04609564139854183
0.18642581809749906
0.2848820368585937
0.3734726120546286
0.45659630090104936
0.5330677788292089
0.60077707347641
0.6577147596391656
0.6889022306318218
0.6915892185179086
0.6775172794532858
0.6542585297828726
0.6266270560379488
0.597620854313294
0.5690494093887285
0.5419509107521966
0.5168688153563681
0.4940344688566659
0.4321331336270676
0.3421724223553944
0.2488797819111485
0.15960238937200105
0.07785936594044161
0.0061118169395975724
0.0
-0.05701799872050939
-0.1933232179413652
-0.29084804471869885
-0.3790016903644102
-0.46165277786639997
-0.5375217903264967
-0.6044990005559496
-0.6605976555253132
-0.6895308035377234
-0.6908744476926948
-0.676048492777643
-0.6524120660820735
-0.6246388114056923
-0.5956346413880429
-0.5671491280651791
-0.5401818921538458
-0.5152519323163963
-0.4925754199924929
-0.4277123606262012
-0.3371609560877408
-0.24389391964971774
-0.15488473879852505
-0.07356362999484789
-0.002359194452585367
0.0
0.06747650002966649
0.19992924575535592
0.2965630225923441
0.3842988572188676
0.46649785299347557
0.5417903129291457
0.6080667411860279
0.6633620905624552
0.6901352803866251
0.6901917179474443
0.6746431641838717
0.6506447004474335
0.6227354237395964
0.5937330280626635
0.5653296864566609
0.5384880683366046
0.5137037391054631
0.49117833129931016
0.4230255795628905
0.3318468833626156
0.23863634498327913
0.14994564589809464
0.06910453503237556
0.0
0.0
-0.07746894135783222
-0.20641386994293281
-0.3022749131710981
-0.38966048259591946
-0.47145963872517355
-0.5462189131970868
-0.6118295847434744
-0.6663478534212444
-0.6908567393966767
-0.6895600412587376
-0.6732482077858085
-0.6488635068387567
-0.6208046651938914
-0.5917973026250175
-0.5634736513061276
-0.5367577631468345
-0.5121206865675424
-0.4897488178850206
-0.4179802379630029
-0.3260765182032133
-0.23288677812436812
-0.1445061805692126
-0.0641563222136636
0.0
0.0
0.08625711313420883
0.2122837052841591
0.3075441440429789
0.39467331574123266
0.47615692110883007
0.5504697999956051
0.6155041867236836
0.6693352196743967
0.6916687928217278
0.6890670643793755
0.672014126888855
0.6472492753137999
0.619037299580579
0.5900159143036064
0.5617600796249007
0.5351569087752074
0.5106539622245777
0.48842300571742797
0.4131447688983711
0.32051997029880486
0.22733007336066113
0.13923056115898866
0.059339170341451766
0.0
0.0
-0.09476148101053072
-0.21796165661998662
-0.31263966986402714
-0.3995198666793123
-0.48069747306996397
-0.5545779330497289
-0.6190544066859006
-0.6722203591658872
-0.6924515592903414
-0.6885886469666347
-0.6708195905656803
-0.6456874924300539
-0.6173276807751658
-0.5882929030556373
-0.5601027623370589
-0.5336086689643612
-0.5092354818922263
-0.4871408267480313
-0.4085297690644425
-0.31521680332931745
-0.22202336748579674
-0.13418820729882378
-0.054730637762280224
0.0
0.0
0.10292431828838744
0.22341834060703464
0.31754088477799003
0.40418480789845707
0.48507096077218254
0.5585382096239742
0.6224805658301519
0.6750090472804235
0.6932179287476944
0.6881412838980122
0.669682495192816
0.6441961094607546
0.6156930261895718
0.586644323108446
0.558516389389775
0.5321263101507739
0.5078771146420976
0.48591282757363446
0.40410987621529276
0.3101389989245565
0.21694345442708868
0.1293626304932592
0.05032151000215408
0.0
0.0
-0.11073374179500464
-0.22863799870300008
-0.3222285946820096
-0.40864599099137117
-0.48925284539141023
-0.5623243379296075
-0.6257553095902137
-0.6776735856748302
-0.6939477177086975
-0.6877100415275715
-0.6685916101992843
-0.6427665376017284
-0.614126656267082
-0.585064894900253
-0.5569967240796141
-0.5307063854262974
-0.5065760218745718
-0.4811088158491443
-0.3979293252625668
-0.30387889006769325
-0.2110204039534157
-0.12399479604129086
-0.04566708805433904
0.0
0.0
0.11926845876450737
0.23423612470328042
0.3271941033699268
0.4133297448821548
0.493606893170387
0.566229952557013
0.6290945696131056
0.6798375023898888
0.6943316416962282
0.6870380690054246
0.6673316649430973
0.6412169739331259
0.6124740701621559
0.5834226540329909
0.5554305937748175
0.529251525249652
0.5052482174869702
0.4749502463404451
0.3908862094941964
0.29694640532696864
0.2045643571246939
0.11823149533869345
0.04075947430509971
0.0
0.0
-0.12868544106928193
-0.24046792952442725
-0.33276126933960415
-0.41861393601467634
-0.49855231606813977
-0.5707025621174728
-0.6329605830555036
-0.6812595677256196
-0.6942657665500076
-0.6861060472906498
-0.6659335798921171
-0.6396063595226438
-0.6108080581539052
-0.5817953730066618
-0.5538953622990541
-0.5278355539210516
-0.503962308861
-0.469009911372318
-0.3840993074931607
-0.29027264940083497
-0.1983559039894327
-0.11269608426599009
-0.036053235423289684
0.0
0.0
0.1378369040545864
0.24655839322155604
0.33822705730871355
0.42382261678611904
0.5034478785369004
0.5751528216813035
0.6368332000848779
0.6827497942543141
0.6943010940277475
0.6852902064169154
0.6646554659117345
0.6381128109111414
0.6092524204585863
0.5802698491613946
0.552452513959615
0.5265025496061655
0.5027503283072213
0.4633528468223227
0.37764815664679974
0.283945227876666
0.19248672881083914
0.10748085648108868
0.03163800691833887
0.0
0.0
-0.14652511372196755
-0.25235596164900076
-0.34343909584705096
-0.42879566266165503
-0.5081273808362764
-0.5794120711848122
-0.6405453449558571
-0.6841852679030429
-0.6943457448070028
-0.6845207115404832
-0.6634433417537752
-0.6366939085501766
-0.6077732994611342
-0.5788186696427917
-0.5510795692574539
-0.5252338730107653
-0.5015966744875732
-0.457925420518548
-0.3714574209775336
-0.2778734408808929
-0.18685525701807837
-0.10247759434696396
-0.027403128007889355
0.0
0.0
0.1548441636664587
0.2579036401671462
0.3484242399136578
0.43355055139250864
0.5126000300987639
0.5834813870189555
0.6440901142751555
0.6855521341333627
0.6943823960075323
0.6837789533790593
0.6622786408731911
0.6353319030258413
0.6063541802605532
0.5774267451411746
0.5497629152387674
0.5240173541922409
0.5004905394288671
0.45272725280720283
0.36552761390553623
0.2720566770959312
0.18145934947274145
0.09768260845396541
0.02334345627577658
0.0
-0.008454502899413407
-0.1625494176840523
-0.26415894001731965
-0.3542136225606821
-0.4389328097429581
-0.5174551554106828
-0.5876701951739265
-0.6474907021803066
-0.6865427059202044
-0.6939232539850426
-0.6824927685515463
-0.6605643402668517
-0.6334407262972045
-0.6044403980835832
-0.5755814160885954
-0.5480362968504091
-0.5224337318830242
-0.4990579947150624
-0.4473502334607541
-0.3594200851046458
-0.2660365894941817
-0.17583359131831638
-0.09263635227308778
-0.019017912705922443
0.0
0.02087663230489234
0.17044998348936988
0.27103130036090756
0.3606125733411651
0.44481333506110265
0.5226653502894565
0.5920581879601636
0.6509301849326579
0.6873671685949804
0.6931853678603909
0.6808739538693471
0.6585001327334855
0.6312044821935137
0.6021990977045801
0.5734327916609809
0.5460334698206505
0.5206015044868831
0.4974035725405226
0.4423498036251301
0.35375260827263616
0.26039844371916226
0.17049893577446953
0.08777888818040387
0.014774605826065407
0.0
-0.03287196006080806
-0.17807325325805154
-0.27765647976881863
-0.36677586127094164
-0.4504718057666532
-0.5276729744007473
-0.5962690680408431
-0.6542231837416221
-0.6881433825230285
-0.692458660957054
-0.6793005473616907
-0.6564993856678996
-0.6290395334502284
-0.6000306263278988
-0.5713547845118012
-0.5440969554186967
-0.5188302464637926
-0.49580439791834013
-0.4375051713073796
-0.34826370879461277
-0.25494093486300157
-0.16533835488426257
-0.08308316360047308
-0.010675968203604683
0.0
0.0443101317260427
0.18529887976942547
0.28390766223892594
0.37256988410562597
0.455771003805848
0.5323410991065088
0.600170156040916
0.6572450415666041
0.6888005140188186
0.691706754666109
0.6777578443383726
0.6545606793485373
0.6269522793422693
0.5979456764866719
0.5693601382222383
0.5422401513116604
0.517133165833252
0.49427300457164264
0.4328551922588596
0.342990968441224
0.24969420014195276
0.1603730599078942
0.07856118015087826
0.006724971886906489
0.0
-0.055308885780370964
-0.192243551801218
-0.289913927323206
-0.3781357998968547
-0.46086072376226384
-0.5368239188279016
-0.6039156209584395
-0.6601455308475641
-0.6894317258929441
-0.6909857768280138
-0.6762779494294324
-0.6527007190530052
-0.6249497191669101
-0.5959452805489758
-0.5674463564260125
-0.5404586068640255
-0.5155048605602932
-0.49280366533500775
-0.428404188682164
-0.3379451909817595
-0.24467409253611275
-0.15562288359247392
-0.07423569953264073
-0.002946230414792847
0.0
0.06584042108894778
0.19889587731111352
0.29566907369224577
0.38347029184301284
0.46574003157417915
0.5411227031617936
0.6075087740406058
0.6629298009219776
0.6900408671497958
0.6902986528284504
0.6748631238107707
0.6509212815818529
0.6230332710393393
0.5940305866514994
0.5656143806052036
0.5387531027016782
0.5139459840240811
0.49139693139800356
0.42377412411597215
0.33269566802381995
0.2394752404387961
0.1507326628699615
0.06981391714306269
0.0
0.0
-0.07618144176046884
-0.2055502513059514
-0.30149743031278226
-0.38891926452060444
-0.4707636708475812
-0.5455876519287995
-0.6112823496778979
-0.6659011925167062
-0.6907324935849007
-0.6896293870157706
-0.6734276522667257
-0.6490995926765699
-0.6210637565883852
-0.5920587746984476
-0.5637253575542569
-0.5369930266864013
-0.5123363096542871
-0.4899437710289496
-0.418707037575879
-0.32691186899549696
-0.23372145906530256
-0.14529776831413588
-0.06487817482995645
0.0
0.0
0.08498820714555419
0.21143791168866524
0.30678601220956647
0.39395292644785046
0.47548269827419565
0.5498605255237441
0.6149784943035969
0.6689089983631625
0.6915554733594991
0.6891413145606876
0.6721947497342592
0.6474843132202965
0.6192940875987429
0.5902744480982094
0.5620086021777074
0.5353889811338854
0.5108665259159143
0.48861510696287347
0.4138356294776325
0.32131412250112623
0.22812509094699712
0.1399863179680118
0.06003025002207257
0.0
0.0
-0.09353734459379612
-0.2171431614633626
-0.3119043502064873
-0.3988198656170093
-0.4800410700709944
-0.553983393985506
-0.6185398733535503
-0.6718013445691963
-0.6923358202810458
-0.688654959098108
-0.670989391245753
-0.6459104855934923
-0.6175722239739163
-0.5885395976318636
-0.5603401876824785
-0.5338305509309186
-0.5094388195616216
-0.4873246588073231
-0.40919074374734754
-0.3159760417630432
-0.22278282282289152
-0.1349095479285057
-0.0553896387728296
0.0
0.0
0.10175615522454437
0.22263740064461426
0.3168394375191559
0.4035171931855605
0.4844450867630329
0.5579715090922778
0.6219903473643037
0.6746101052987526
0.6931085584005314
0.6882056898535476
0.669845638521691
0.6444099546336278
0.6159273571786309
0.5868806196919578
0.5587437518928838
0.5323387543507949
0.5080717822672478
0.48608880786038705
0.4047439352461924
0.3108675228862127
0.2176723363344521
0.13005506765788905
0.05095423466127261
0.0
0.0
-0.1096138903796468
-0.22788967466159044
-0.3215566319558008
-0.4080065694033862
-0.4886535193812972
-0.5617817956816902
-0.6252861199988676
-0.6772919071509365
-0.6938433353507193
-0.6877720537777617
-0.6687481510446367
-0.6429716040705872
-0.6143513121973972
-0.5852914057563653
-0.5572146537491979
-0.5309100053503796
-0.5067625971238535
-0.48195697602702203
-0.39890078144011415
-0.30483751915590185
-0.2119158118888146
-0.12479692759438056
-0.04635314287606175
0.0
0.0
0.11799857870681041
0.23340721339821502
0.3264612615357869
0.41264011807686685
0.4929672459446264
0.5656576251106895
0.6286067864611036
0.679673556334664
0.6943638115372109
0.6871833979499107
0.6675368781023978
0.6414484037124146
0.6127109361102681
0.5836525884232431
0.5556466696012955
0.5294502884396228
0.5054283895344488
0.47577139634931614
0.3918260368669545
0.29787291321641857
0.20542876898773232
0.1190047935690396
0.041419697777722836
0.0
0.0
-0.12741750085737555
-0.23962650412545483
-0.3320075393909867
-0.4178965817914454
-0.4978788750748285
-0.5700911539158706
-0.632429352130029
-0.6810559360455286
-0.6942621411142378
-0.686219380186823
-0.6661103809172418
-0.6398126824246707
-0.6110228187215566
-0.5820058980534849
-0.5540944313997157
-0.5280194391341932
-0.5041294809147359
-0.46978413228591664
-0.38498187646840953
-0.29113818403210673
-0.19915869598851244
-0.11340938972771945
-0.03665709627140103
0.0
0.0
0.1366454909930277
0.24576268507776505
0.33751128409255265
0.42313935193871927
0.502804653522852
0.5745670588487393
0.63632234397289
0.6825515864613646
0.6942939297189489
0.6853949171800362
0.6648210440576297
0.6383068709410188
0.6094548340141012
0.5804685048641797
0.5526404990997539
0.5266762824384064
0.5029083251908074
0.4640973241431375
0.3784972438879016
0.2847778454665053
0.19325879686235725
0.108166619645693
0.03221826165376894
0.0
0.0
-0.14538542667534254
-0.2515960865275047
-0.3427563675443628
-0.4281445444079949
-0.5075149864728281
-0.5788549824083181
-0.6400601584562499
-0.6839984094837842
-0.6943410826125562
-0.6846226508616233
-0.6636031869489826
-0.636880750714177
-0.6079679359225791
-0.5790095534849224
-0.551260117192641
-0.5254006813977293
-0.5017483418205311
-0.4586384084353651
-0.37227080857198447
-0.2786713647949061
-0.18759549076198323
-0.10313543269408021
-0.027960129750516913
0.0
0.0
0.15375011434355373
0.25717398232503974
0.34776851441065204
0.43292506579851203
0.512011623654346
0.5829459881742998
0.6436236682878912
0.6853720985395136
0.6943773056021086
0.6838762481543074
0.6624315773502077
0.6355108089670046
0.6065406190486219
0.5776096283902118
0.5499359190343845
0.5241772068917812
0.5006358915064514
0.45340992679350445
0.3663063295777043
0.2728205148043807
0.18216789136659567
0.09831221299402754
0.02387648015846887
0.0
-0.006894367004226354
-0.16155180677280037
-0.2632875400809732
-0.3533995065690093
-0.43818207868535963
-0.5167873063210455
-0.5871047384807847
-0.6470439529585933
-0.6864296522936196
-0.694009902207414
-0.6826923456628868
-0.6608213525592666
-0.633720314877557
-0.6047212421033294
-0.5758510106067718
-0.5482878189602265
-0.5226639680963411
-0.4992659765530548
-0.44797072989429104
-0.36012358748429135
-0.26673726018326943
-0.17649747278776334
-0.09324182516250568
-0.019547871956940202
0.0
0.019362364162413992
0.16948263628370477
0.27018739309487105
0.3598251200352521
0.4440881351052157
0.5220211834694551
0.5915138325077425
0.6505013089559517
0.6872601040207195
0.6932708092336597
0.6810681732173808
0.658749591726599
0.6314755575556474
0.6024712311441041
0.5736939319909478
0.546277048187224
0.5208244339898611
0.49760493144836715
0.4429580852576552
0.354441243520425
0.26108265744131887
0.1711454612974634
0.08836672411191414
0.0152872393275741
0.0
-0.03143938526808071
-0.17716823984965696
-0.27687353236948387
-0.366050218826645
-0.4498082020072194
-0.5270884851568518
-0.5957807293584275
-0.6538450507033343
-0.688061662601156
-0.6925535330118345
-0.6794945012564992
-0.6567429279911061
-0.6293016442764959
-0.6002923977646997
-0.5716051888305169
-0.5443300374228521
-0.5190432674040676
-0.49599661430385716
-0.43809004285986525
-0.3489270923686258
-0.25560116683802847
-0.16596327608419004
-0.08365238852233789
-0.011173413190428347
0.0
0.042926991465369435
0.18442589961931402
0.28315286494682484
0.371870587567593
0.4551316887590927
0.5317781776625711
0.5997000080833694
0.6568811747119571
0.688721718915416
0.6917978033898449
0.6779441971116114
0.6547947386350276
0.6272042127029415
0.5981972991499444
0.5696008435379297
0.5424642108028949
0.5173379442913777
0.4944577856922195
0.43341453230907656
0.34362505216528255
0.2503250863286614
0.16097005720211877
0.07910483823760434
0.007199950481481879
0.0
-0.05398493054733611
-0.19140719388086355
-0.28919031781072385
-0.3774650419033861
-0.4602471626325991
-0.5362833156931177
-0.60346370832953
-0.6597952941313993
-0.6893549754753713
-0.6910720170933018
-0.676455696668859
-0.652924322483113
-0.625190562199358
-0.5961859155398057
-0.5676766028275955
-0.5406729624830207
-0.5157007901225134
-0.49298047441874987
-0.4289401090800306
-0.33855269378991226
-0.24527844879557015
-0.15619468311178297
-0.07475631431794058
-0.0034009745110657047
0.0
0.06457304443100761
0.19809538575256203
0.2949765823654257
0.38282844931412197
0.46515299028079715
0.5406055436285698
0.6070765483433759
0.6625949303827242
0.6899677303154637
0.6903814889827237
0.6750335138478073
0.6511355331115097
0.6232639962820875
0.5942610882656693
0.5658349168847457
0.5389584096778706
0.5141336373227996
0.49156626840833206
0.4243539782019203
0.33335317232328515
0.2401250841928887
0.1513423194230474
0.07036343451842933
0.0
0.0
-0.07518409129569095
-0.20488125641076183
-0.3008951596745476
-0.38834508602733003
-0.4702245449875766
-0.5450986504563422
-0.6108584383623353
-0.6655551901042492
-0.6906362474110782
-0.6896831049887271
-0.673566657334555
-0.6492824745249107
-0.6212644595176823
-0.5922613218140398
-0.5639203396643802
-0.537175271596632
-0.5125033402569442
-0.4900947898369369
-0.4192700462840489
-0.32755896590689704
-0.2343680371304801
-0.14591096467718478
-0.06543735155561148
0.0
0.0
0.08400526134051056
0.21078272572768916
0.3061987325405173
0.39339488364127145
0.47496041784633364
0.5493885567034558
0.6145712715063809
0.6685788299018105
0.6914676914052443
0.6891988316899593
0.672334667464128
0.6476663830777729
0.6194930059848233
0.5904747188405216
0.5622011178110539
0.5355687537832398
0.5110311863629114
0.4887639163712888
0.41437079773316277
0.3219293045970062
0.2287409434400239
0.14057175752911238
0.0605655881249946
0.0
0.0
-0.09258907998856208
-0.21650912259250354
-0.31133474234041475
-0.398277616911113
-0.4795325941356108
-0.5535228402943008
-0.6181412952673642
-0.6714767590813543
-0.6922461641587194
-0.6887063270531286
-0.6711209255625302
-0.6460832249346861
-0.6177616568374784
-0.5887306970436434
-0.560524106783515
-0.5340024295155035
-0.5095963329983232
-0.4874670624243615
-0.4097027607558039
-0.31656417774962636
-0.2233711268546817
-0.135468326832141
-0.05590012697597778
0.0
0.0
0.10085125044609186
0.2220324539701622
0.3162960689762966
0.40300003263861467
0.48396026018449967
0.5575325205940368
0.6216106048594577
0.6743010691259996
0.693023835786695
0.6882555811896421
0.6699720157075385
0.6445756074624683
0.6161088791289486
0.5870636642726714
0.5589198757876382
0.5325033219454395
0.5082225794319234
0.4862251290816013
0.4052351020352316
0.3114318658913594
0.21823695663453097
0.13059145645969789
0.05144436784919798
0.0
0.0
-0.10874641013615549
-0.22730999386649559
-0.32103610357401224
-0.40751124863515
-0.4881892581908487
-0.5613615213850429
-0.624922667505435
-0.6769962441163438
-0.6937624766916375
-0.6878200908434323
-0.6688694136320942
-0.64313045649237
-0.6145253393790966
-0.5854668698381035
-0.5573834705130711
-0.5310677372320278
-0.5069071255406653
-0.48261399356779194
-0.3996533088159644
-0.3055801101885734
-0.21260942939667282
-0.1254182896378297
-0.04688458742458204
0.0
0.0
0.11701488086901118
0.23276510685683527
0.32589357408123587
0.4121059066335266
0.49247175059543213
0.5652142782421747
0.6282289308457459
0.6795465573901159
0.6943887315100498
0.687295975318329
0.667695844088782
0.6416276781029386
0.6128944215681473
0.5838307044315882
0.5558140502347566
0.5296042580404574
0.5055679577225939
0.4764074905792946
0.3925540631295691
0.2985906217062339
0.2060983755276936
0.11960382000970593
0.041931132189721124
0.0
0.0
-0.12643530593666708
-0.238974703846895
-0.33142367134589545
-0.41734089176411815
-0.49735720190621324
-0.5696175337124806
-0.6320178403044318
-0.6808981951298119
-0.6942593326889619
-0.6863071721621099
-0.6662473377355116
-0.6399725080203297
-0.6111891804577961
-0.5821689787950771
-0.5542486379287925
-0.5281618836445873
-0.5042589787737757
-0.47038387330461007
-0.3856655480257022
-0.29180866014294726
-0.19978056927164295
-0.11396194333475429
-0.03712486991527987
0.0
0.0
0.13572257710221505
0.24514629925479647
0.3369568188968862
0.42261006895595915
0.5023063869135647
0.5741133046280821
0.6359266153460078
0.6823980471343344
0.6942883799543188
0.6854760301098054
0.6649493071825913
0.6384571972199743
0.6096116312537537
0.5806223911293208
0.5527861195418008
0.5268108625009057
0.5030307155889843
0.4646740245516647
0.37915497911511675
0.28542282268004054
0.19385687010774283
0.1086978378513801
0.03266774902604283
0.0
0.0
-0.14450258184845158
-0.2510074584162296
-0.34222750027990484
-0.4276401634825756
-0.5070406025387503
-0.5784234402779161
-0.6396843145561659
-0.6838536618440971
-0.6943374710882341
-0.6847016169203787
-0.6637270090977483
-0.6370254857411616
-0.6081187087092922
-0.5791574193510838
-0.5513999764735773
-0.5255298975035743
-0.5018658290916066
-0.45919071589305765
-0.3729008894254532
-0.27928946689827727
-0.18816890387641147
-0.10364501921457489
-0.02839160441841443
0.0
0.0
0.15290262231254512
0.2566087617242446
0.34726056459493715
0.43244054095838014
0.5115558217252085
0.582531247937422
0.6432623415442328
0.6852326361386197
0.6943733623731606
0.6839516163662109
0.662550047733194
0.6356493962815625
0.6066850415924631
0.577751296679417
0.5500699343252098
0.5243010348458105
0.5007484867297534
0.45393875188803035
0.3669095521959225
0.27341221239096614
0.18271675472540821
0.09879992849430777
0.02428938062957811
0.0
-0.005685826764083052
-0.16077901964270705
-0.2626125207395158
-0.35276886153404774
-0.43760053401450427
-0.516269965154301
-0.5866667143341643
-0.6466978841064286
-0.6863420766705858
-0.6940770231901084
-0.6828469456347319
-0.66102044399531
-0.6339368947607544
-0.6049387944979818
-0.5760598487126087
-0.5484826574955461
-0.5228423177716383
-0.4994270871479529
-0.44845138987795813
-0.3606685470106849
-0.2672800261764695
-0.1770117404627124
-0.09371084734562464
-0.019958398423499835
0.0
0.018189354873864277
0.16873329260277525
0.26953367065068823
0.3592151289590262
0.4435263678237268
0.5215221875143541
0.5910921542067717
0.6501690854176984
0.687177167751842
0.6933369953442367
0.6812186228568411
0.6589428320823102
0.6316855427678055
0.6026820359833751
0.5738962211526438
0.546465733188984
0.5209971236021432
0.4977609116630701
0.4434292831739733
0.3549746863807318
0.261612675221684
0.1716462843767761
0.08882208401879214
0.015684344593817415
0.0
-0.03032965877659352
-0.1764671823109816
-0.27626703176617096
-0.3654881088029349
-0.44929414948908175
-0.5266357177272726
-0.5954024437816389
-0.65355213457692
-0.6879983592622336
-0.6926270244832681
-0.6796447452610661
-0.6569315850641613
-0.629504685213098
-0.6004951757976517
-0.5717991614649977
-0.544510591538888
-0.5192082814630473
-0.4961455123696664
-0.4385431064298117
-0.34944097431262544
-0.25611260743511377
-0.16644736362331974
-0.08409333162378929
-0.011558752846643108
0.0
0.041855558855625
0.1837496562696529
0.2825681704952348
0.3713288860926298
0.45463645120893825
0.531342117477929
0.5993358137399475
0.6565993097190711
0.6886606812540321
0.6918683331636107
0.6780885529971572
0.654976049785403
0.6273993697855613
0.5983922155548032
0.5697873029537021
0.5426377757353011
0.5174965734083821
0.49460092411737033
0.43384781820382373
0.3441162373283605
0.2508137945591235
0.1614325138189867
0.07952597629339553
0.007567886813193869
0.0
-0.052959344911565565
-0.19075931950431665
-0.2886297826008022
-0.37694544747209763
-0.45977187504794526
-0.5358645441215146
-0.6031136397671999
-0.6595239875641481
-0.6892955217065437
-0.6911388220528902
-0.6765933863808999
-0.6530975341295392
-0.6253771282918842
-0.5963723204755732
-0.5678549603705566
-0.5408390104267498
-0.5158525645480253
-0.49311743740080116
-0.4293552532218292
-0.33902328836509416
-0.24574660593578568
-0.15663762057413372
-0.0751596021561761
-0.0037532364308046073
0.0
0.0635912867061994
0.19747529482106851
0.2944401524833498
0.3823312538994821
0.4646982459683181
0.5402049323610766
0.6067417300261714
0.6623355270400286
0.689911075765845
0.6904456569890457
0.6751655043918624
0.6513015004210545
0.6234427247508043
0.5944396435033439
0.5660057525986845
0.5391174481994861
0.5142790006405096
0.4916974432387389
0.42480315502854105
0.33386249993157036
0.24062847765425516
0.15181458236430262
0.07078911138651119
0.0
0.0
-0.07441150604450775
-0.20436302775584736
-0.30042861814295535
-0.38790030572951995
-0.4698069177801328
-0.5447198514881019
-0.610530060682216
-0.6652871635961446
-0.6905616914972037
-0.6897247169542082
-0.6736743358977193
-0.6494241416957605
-0.6214199315694641
-0.5924182224420764
-0.5640713801541535
-0.5373164453714292
-0.5126327284558039
-0.4902117746962978
-0.4197061740426326
-0.32806023155609154
-0.2348689008620487
-0.1463859696847339
-0.0658705109168619
0.0
0.0
0.08324383448707195
0.21027519399752184
0.3057438035822647
0.3929626026580566
0.47455583974893045
0.5490229518727178
0.6142558213844089
0.6683230689714464
0.6913996921957247
0.6892433866250189
0.6724430530090594
0.6478074212489524
0.6196470956610947
0.5906298561029124
0.5623502476738763
0.5357080124505673
0.5111587385489306
0.48887918974562034
0.4147853592255267
0.3224058478245668
0.22921800598262648
0.14102526106904734
0.06098028118807736
0.0
0.0
-0.09185451850293322
-0.21601797219773206
-0.3108935026290045
-0.39785757063572813
-0.47913870952045323
-0.5531660780547254
-0.617832541666111
-0.6712253229341735
-0.6921767131484803
-0.688746118605967
-0.6712228169992847
-0.6462170353356793
-0.6179083986698115
-0.5888787298470327
-0.5606665774477232
-0.5341355731420901
-0.5097183488402047
-0.4875773736307216
-0.4100993884181155
-0.3170197700398163
-0.22382684931911978
-0.1359011780202116
-0.05629557036844858
0.0
0.0
0.10015027711851163
0.2215638394886305
0.3158751552349327
0.4025994205980222
0.48358469525374975
0.5571924635668843
0.6213164420104615
0.674061678065223
0.6929582064583736
0.6882942288977495
0.6700699122360412
0.6447039283835324
0.6162494928693032
0.5872054574999032
0.5590563079908443
0.5326308022032779
0.5083393925959994
0.48633072863458604
0.40561557833088263
0.31186902724037485
0.21867433278671602
0.13100696342999632
0.051824043478731735
0.0
0.0
-0.10807442726498726
-0.22686095128818212
-0.32063288268301254
-0.40712755451103005
-0.4878296239855382
-0.5610359610844583
-0.6246411235138598
-0.6767672123929451
-0.6936998405284912
-0.6878573021637678
-0.6689633481997819
-0.6432535095616234
-0.6146601473889762
-0.5856027909248872
-0.5575142423370641
-0.5311899222887274
-0.5070190826961797
-0.4831229441014582
-0.40023624486528614
-0.3061553491722777
-0.2131467316435327
-0.12589962008051386
-0.0472962643890007
0.0
0.0
0.11625287147355365
0.23226770694527094
0.3254538219972163
0.411692086328603
0.4920879212352203
0.5648708450592139
0.6279362296541529
0.6794237281310883
0.6943941472386371
0.687376055048597
0.6678161108608736
0.6417662827251791
0.6130378216976592
0.5839707867318208
0.5559462180778801
0.5297261646793225
0.5056786704682472
0.47691597796345714
0.3931358034020265
0.29916368100964347
0.20663255095036695
0.12008119436847611
0.042338175566744754
0.0
0.0
-0.1256512191120544
-0.2384542222459518
-0.3309574340642062
-0.41689722582006833
-0.49694080544393177
-0.5692396379217998
-0.6316896837507157
-0.6807732466242725
-0.6942583888197941
-0.6863786872723342
-0.6663581175783313
-0.6401014918603581
-0.6113232921216866
-0.5823003630104437
-0.554372823587699
-0.5282765667584076
-0.5043632192550761
-0.4708668480764138
-0.3862164437906235
-0.2923492874891782
-0.20028237948807137
-0.11440819922302127
-0.03750305907865538
0.0
0.0
0.1349792315984764
0.24465030471404725
0.33651092999276555
0.4221846262722479
0.5019060508234827
0.5737489105937814
0.6356090120538229
0.6822751186813919
0.6942843865548195
0.6855416651665623
0.6650528048287134
0.6385783907187179
0.6097379882078152
0.5807463723112479
0.5529034234090394
0.526919261851364
0.5031292896626899
0.4651373478655583
0.37968340185199806
0.28594104072380905
0.19433745843477326
0.10912476566161892
0.03302905973484781
0.0
0.0
-0.14379265022470636
-0.2505340234688087
-0.3418020694658366
-0.4272343827194249
-0.5066589092334234
-0.5780761692593296
-0.6393818106346315
-0.6837370341896687
-0.6943343712870511
-0.684764949643675
-0.6638264362191465
-0.637141749767205
-0.6082398448892037
-0.5792762323918449
-0.5515123634446687
-0.5256337364725453
-0.5019602455646632
-0.4596346163584371
-0.3734072764682047
-0.27978620053343695
-0.18862969611712388
-0.10405449244276938
-0.028738281662095494
0.0
0.0
0.15222164959189174
0.25615460640387955
0.346852432704585
0.4320512364614973
0.5111896014525972
0.5821980260438196
0.6429720424783072
0.6851206124241794
0.6943702311424705
0.6840122119452072
0.6626452743576766
0.6357607844339646
0.6068011155160008
0.5778651546058939
0.5501776401712067
0.5244005524273778
0.5008389762814137
0.45436382323779767
0.3673944312925778
0.2738878321005042
0.18315794745767905
0.09919197273714274
0.0246212897356326
0.0
-0.004714409587756124
-0.16015787086625263
-0.2620699634237661
-0.3522619764163977
-0.43713311881458106
-0.5158541587414951
-0.5863146639035535
-0.6464197472531263
-0.6862717032181402
-0.694130986164401
-0.6829712186620028
-0.6611804757776902
-0.6341109816334036
-0.6051136618367816
-0.5762277108371849
-0.5486392664577007
-0.5229856729045532
-0.49955658555892085
-0.44889394718340686
-0.36117043165381113
-0.2677761890706638
-0.17747736122640045
-0.09413068779705593
-0.02032069941614492
0.0
0.01715564056168628
0.1680765217994887
0.26896287537742997
0.358684050738949
0.44303869169957255
0.5210904943617459
0.5907290187670765
0.6498849525934273
0.6871098659155154
0.6933991943498862
0.6813537965299635
0.6591148555511837
0.6318717468493923
0.6028685768353054
0.5740749996021056
0.5466323505148937
0.5211495298259933
0.4978985159377663
0.4438468117325645
0.3554477887449284
0.26208308151107224
0.17209109802531858
0.08922682688295153
0.01603761679897278
0.0
-0.029335905794111744
-0.17583717887891537
-0.2757205153732542
-0.3649804442926675
-0.44882877722791426
-0.526224629675527
-0.5950576155565743
-0.6532834850426111
-0.6879369723548089
-0.6926892981246606
-0.6797765796542685
-0.6570984180023107
-0.6296848390961354
-0.6006754225468273
-0.5719717719200333
-0.5446713776853976
-0.5193553020044601
-0.49627822092126894
-0.43894574054883007
-0.34989733402757445
-0.25656651818507703
-0.16687673188531246
-0.08448417310315058
-0.011900047988876367
0.0
0.04090399048236998
0.18314862160362905
0.2820482315940223
0.3708469908503834
0.4541957225838266
0.5309538818318913
0.5990113747608835
0.6563479946174483
0.6886059585951685
0.6919307553247633
0.6782167243876568
0.6551371500798465
0.6275728269473452
0.598565488288211
0.5699530750109796
0.542792094456608
0.5176376191160398
0.49472820043486365
0.4342338677104915
0.3445539362779707
0.25124930335338425
0.16184463550259598
0.07990127920551908
0.007895777856012004
0.0
-0.05204606276560064
-0.19018255920351212
-0.2881308870219537
-0.37648307583361484
-0.4593490123474658
-0.5354920511068506
-0.6028023567474112
-0.6592828591584268
-0.6892429156114082
-0.6911985575138625
-0.6767161805976377
-0.6532519154397298
-0.6255433695287499
-0.5965383949501776
-0.5680138516117504
-0.5409869273000076
-0.5159877612704828
-0.49323943716169977
-0.42972493627953495
-0.33944236787462756
-0.24616354223010706
-0.15703212542258466
-0.07551882238367986
-0.004067037144460509
0.0
0.06271674471611932
0.196922903702577
0.29396227454499735
0.3818883160366064
0.46429311433848836
0.5398480140192412
0.606443412640977
0.6621043831935988
0.6898605441234859
0.6905027588906045
0.6752830279352694
0.6514492958654489
0.6236018930464146
0.5945986623634515
0.5661578993837605
0.5392590900965805
0.5144084642954132
0.4918142710175939
0.42520315325532154
0.33431605383757984
0.24107673968129495
0.15223511620959113
0.07116815505430359
0.0002850858787440541
0.0
-0.0734840299794626
-0.2037655052501956
-0.29990502418251463
-0.3874107643345449
-0.46935565030799453
-0.5443188932814814
-0.6101913715460442
-0.6650207278570579
-0.6905009954207355
-0.6897867625399718
-0.6738054153359003
-0.6495899441810575
-0.6215989380749043
-0.5925973024843815
-0.564242862393516
-0.537476173918327
-0.5127787777616347
-0.49034360388829673
-0.4201625621939381
-0.3285821311373989
-0.23538935133346955
-0.1468788861226235
-0.06631949059939596
0.0
0.0
0.08244694705455125
0.2097430020277039
0.30526608690816015
0.39250812427391435
0.47412994593524693
0.5486374932450676
0.613922564781514
0.6680520668552633
0.6913256768791599
0.6892875695862714
0.6725543786248769
0.6479532082820945
0.6198067879152067
0.5907908554698955
0.5625051410884516
0.5358527312032477
0.5112913406322833
0.48899905800519616
0.41522300433137166
0.3229086354624674
0.2297206484590387
0.1415023120969274
0.06141570744685808
0.0
0.0
-0.09108619197569215
-0.21550515177553195
-0.3104333872183577
-0.3974200171448338
-0.4787288609405552
-0.5527953471442563
-0.6175122562654207
-0.6709651538713183
-0.6921064031690138
-0.6887896862236568
-0.6713310302486921
-0.6463583845353686
-0.6180630683652787
-0.5890345794716942
-0.5608164665670486
-0.5342755860572083
-0.5098466201676873
-0.4876933149610524
-0.410517038943259
-0.3174997497386028
-0.22430718671577504
-0.13635762125048456
-0.0567127753244492
0.0
0.0
0.09941162248991081
0.22107011374328972
0.3154317159182338
0.4021773753430427
0.48318903261495877
0.5568341974074197
0.6210065093083704
0.6738094275868395
0.692888900888479
0.6883347201920613
0.6701727972704921
0.6448388616007547
0.6163973850746625
0.5873546076869057
0.5591998290978144
0.5327649123602785
0.5084622847248521
0.48644182603750274
0.4060153481578952
0.3123282977576867
0.21913379297618168
0.13144341985353925
0.05222283405905083
0.0
0.0
-0.10736798208768644
-0.22638875286740567
-0.32020879128300256
-0.40672394479549373
-0.4874512714673451
-0.5606934022492279
-0.624344819925872
-0.6765261053327623
-0.6936337703366984
-0.6878962724979646
-0.6690619994668976
-0.6433828053728335
-0.6148018229926593
-0.5857456515016173
-0.5576516995534464
-0.5313183591014343
-0.5071367716224646
-0.4836581972893419
-0.400849299412414
-0.3067602892838788
-0.21371175399367143
-0.1264057594350757
-0.04772913484847578
0.0
0.0
0.11545167011672369
0.23174474664940126
0.32499148722867605
0.41125702742844805
0.49168440493160914
0.5645098105325201
0.6276285428831411
0.6791785416048417
0.6943339520017825
0.6874264630548532
0.6679289604195061
0.6419107832358978
0.6131946410092722
0.5841281092658607
0.5560971220656982
0.5298668816660002
0.5058074343214938
0.4775254953598213
0.39383204675203093
0.2998475335551392
0.20726781429308017
0.12064662774545003
0.0428178781215956
0.0
0.0
-0.1247162414631835
-0.23783289513568628
-0.3304008559088363
-0.41636791729428735
-0.4964445388796421
-0.5687899260595353
-0.6313000111236491
-0.6806287513756331
-0.6942632422907647
-0.686470553314129
-0.6664968793437043
-0.6402617202263116
-0.6114892205720982
-0.5824625406962948
-0.5545258912457837
-0.5284177832735316
-0.5044914894647324
-0.4714620845632678
-0.3868969003967697
-0.2930187233950321
-0.20090545083780337
-0.11496403286554385
-0.0379759505568959
0.0
0.0
0.13406255311652499
0.24404076545623127
0.33596424078518305
0.42166389677896277
0.5014168518762111
0.5733044461552663
0.635222499570862
0.6821268854013001
0.6942816329491539
0.6856239891779365
0.665181301677287
0.6387283699720101
0.609894114070656
0.5808994264239171
0.5530481533108011
0.5270529552714807
0.5032508335249343
0.4657033644474071
0.38032892705360927
0.2865743055949951
0.19492499580229905
0.10964698232717116
0.033471324739446556
0.0
0.0
-0.1429223922403202
-0.24995323712600756
-0.3412798907096595
-0.4267361071085169
-0.5061900039965019
-0.5776493296207947
-0.6390097469841894
-0.683593017225316
-0.6943296783111871
-0.6848418221107252
-0.6639476630129312
-0.637283707144601
-0.6083878520793266
-0.579421457699155
-0.5516497678526375
-0.5257607108872255
-0.5020757112882366
-0.46017770421505616
-0.37402671528585246
-0.2803937108354956
-0.18919312457859538
-0.10455504208654888
-0.029161931024773186
0.0
0.0
0.1513893102237989
0.2555995382788729
0.3463536432749555
0.4315754826302236
0.5107420855993714
0.5817908649147369
0.6426173646348805
0.6849838550362142
0.6943665742823811
0.6840864418194277
0.662761822943434
0.6358970744076006
0.6069431194212828
0.5780044366139652
0.5503093898922958
0.5245222819714364
0.5009496602482064
0.454884075858713
0.3679879146727708
0.2744700032013381
0.18369799792460056
0.09967188027237986
0.025027603323813402
0.0
-0.003525526230288595
-0.15939772688774598
-0.2614060336136485
-0.3516417246663237
-0.43656118819594314
-0.5153454012915897
-0.5858839417833263
-0.646079487549233
-0.6861856636735977
-0.6941970822134865
-0.6831233417996728
-0.6613763481478862
-0.6343240463342663
-0.6053276760981836
-0.5764331483667889
-0.5488309298413381
-0.5231611145492443
-0.4997150681978938
-0.44949876971882397
-0.36185645593925236
-0.2684507582615915
-0.1781059646739958
-0.09469267841165263
-0.02080043933115551
0.0
0.015788350680185886
0.16721148525778198
0.26821330663087395
0.35798822076334746
0.44240119430508484
0.5205277254920555
0.5902573611133025
0.6495179648930154
0.6870267586517285
0.6934854191710099
0.6815352323629739
0.6593441533529272
0.6321192126680018
0.6031160942341706
0.5743119863814885
0.5468530759765787
0.521351341058444
0.49808067064775974
0.44440140714483567
0.3560766270730585
0.2627086824318663
0.17268298527000298
0.08976570578070256
0.016508278778819954
0.0
-0.02800529683606784
-0.1749913870885966
-0.2749853102176214
-0.36429635204431243
-0.44820056278284576
-0.5256684982551945
-0.5945897618565054
-0.6529173610117682
-0.68785003126357
-0.69276910935671
-0.6799503689638842
-0.6573196754986814
-0.629924377693726
-0.600915416994033
-0.5722017928203336
-0.5448857598092255
-0.5195514041122113
-0.4964552804763675
-0.4394817539671211
-0.35050454213559795
-0.2571701820120686
-0.16744748507705703
-0.08500344902113406
-0.012353230208547242
0.0
0.03963781686838297
0.18234842245370095
0.28135572517751856
0.3702049641889504
0.45360837212394106
0.5304363144222617
0.5985786665665956
0.6560125914336636
0.6885326223098218
0.6920135951229458
0.6783872365205645
0.6553515876718964
0.6278037676702733
0.5987962133687271
0.5701738298862251
0.5429976078572983
0.5178254629238271
0.4948977105312632
0.43474881017521116
0.3451378360099657
0.2518302988044856
0.1623944381738373
0.0804019654989997
0.00833321236070017
0.0
-0.05082835768108723
-0.18941372134742446
-0.2874659590297273
-0.3758669134326095
-0.45878558286118787
-0.534995823822438
-0.6023877729949453
-0.6589618319809469
-0.6891731164660049
-0.6912784536360624
-0.6768800898549042
-0.6534578949062317
-0.6257651295402079
-0.596759909039401
-0.5682257708145821
-0.541184201203199
-0.5161680652988148
-0.49340213781123826
-0.430217842623269
-0.34000115400840286
-0.24671949844760016
-0.15755820018914105
-0.07599787483587919
-0.0044855497741038974
0.0
0.06155040153673941
0.19618618146074993
0.29332491607841377
0.381297545983353
0.4637527560030551
0.5393719477809842
0.6060454932725214
0.6617960450013753
0.689793086816696
0.690578854199331
0.675439711238285
0.6516463574028674
0.6238141275137944
0.594810702484654
0.566360778961624
0.5394479637218118
0.5145810998362975
0.4919700577341419
0.4257364890054658
0.3349207882357769
0.24167441062856976
0.152795809805628
0.07167352321670728
0.0007209803071216436
0.0
-0.07220052587523723
-0.20294217674608203
-0.2991857237693529
-0.3867397367787804
-0.4687384113056432
-0.5437718112885304
-0.6097307138096828
-0.6646600308761245
-0.6904211738791355
-0.6898743779740508
-0.6739870757052551
-0.6498187759501876
-0.6218455544526867
-0.5928437827748316
-0.5644787467165714
-0.5376958057986403
-0.5129795472551599
-0.4905247915828806
-0.42078442255946574
-0.3292928147237156
-0.23609788917526608
-0.14754982776353762
-0.06693054051832205
0.0
0.0
0.0813611328906585
0.20901768669944437
0.3046149036542369
0.39188852884766057
0.4735492320876201
0.5481118172504502
0.6134679702946418
0.6676822631027419
0.6912243587963554
0.6893473700394478
0.6727057208170639
0.648151553582997
0.6200241202987608
0.591010003461353
0.5627159990806225
0.5360497512281693
0.5114718730966014
0.4891622590156441
0.41581995635520524
0.32359439512115956
0.23040609640475146
0.14215273482138496
0.06200924637492547
0.0
0.0
-0.09003936144879393
-0.2148065943378808
-0.3098067225385673
-0.39682415819225536
-0.4781708060094509
-0.5522906372784008
-0.6170763156423742
-0.6706111478511554
-0.6920109946082152
-0.6888493693443876
-0.6714787404316183
-0.6465512002214787
-0.6182739988626408
-0.5892470893176067
-0.5610208316657556
-0.5344664750460024
-0.5100214945114371
-0.48785137544676294
-0.4110865415621603
-0.3181542829137477
-0.22496224394920517
-0.13698012789220546
-0.05728180225404475
0.0
0.0
0.09840431553404902
0.2203968303776926
0.31482701183008177
0.4016018465262864
0.48264948003399477
0.5563456392115727
0.6205838590694241
0.6734654332809976
0.6927943636830812
0.6883898995207532
0.6703130567370682
0.645022823463948
0.6165990200979841
0.5875579607414136
0.5593955090855429
0.5329477622641979
0.5086298402639268
0.48659330063117423
0.40656032535958786
0.3129543782013804
0.2197601260019811
0.13203838924835765
0.052766453416418946
0.0
0.0
-0.10640487292016892
-0.22574497548904976
-0.31963058839507497
-0.4061736572793404
-0.48693541149542025
-0.5602263358737619
-0.6239408111118866
-0.6761973454717607
-0.6935436591301121
-0.6879493768503712
-0.6691964759200533
-0.6435590654708254
-0.6149949643083878
-0.5859404107523662
-0.5578390939502154
-0.5314934569292169
-0.5072972174133071
-0.4843879508617814
-0.4016851245489431
-0.3075850481397281
-0.21448208640141314
-0.12709580888068267
-0.04831928834962036
0.0
0.0
0.11435935923358187
0.2310317769457007
0.32436117291592764
0.41066390114555607
0.49113428348445826
0.5640176075553437
0.6272090721762923
0.6788442808629337
0.6942518957495848
0.6874951952914067
0.6680828205580639
0.642107793369981
0.6134084449750214
0.5843425985267642
0.5563028599971733
0.5300587306693463
0.5059829866333364
0.47835649337060016
0.39478128566779663
0.30077988054854704
0.20813391738696424
0.12141752770136618
0.04347189594439871
0.0
0.0
-0.1234415160026468
-0.23698579367024425
-0.3296420317940498
-0.41564627201982496
-0.49576794222926746
-0.5681768009122975
-0.6307687419076684
-0.6804317500035301
-0.6942698587313626
-0.6865958002558786
-0.6666860626286119
-0.6404801705154674
-0.6117154422460643
-0.5826836487342342
-0.5547345789773314
-0.5286103135362672
-0.5046663691411384
-0.4722736077602343
-0.3878246092411508
-0.2939314068930185
-0.20175492255159339
-0.115721835157163
-0.03862067258833567
0.0
0.0
0.13281278578541056
0.2432097402906892
0.33521890281784156
0.4209539511147286
0.5007498936446407
0.5726984772247835
0.6346955401958563
0.6819247880264998
0.6942778778037982
0.6857362261141118
0.6653564892131328
0.6389328459898674
0.6101069702519129
0.5811080947568656
0.5532454727581317
0.5272352280065242
0.5034165420099738
0.46647505192766836
0.3812090138019162
0.28743767694086675
0.19572602375376633
0.11035895420294356
0.03407429320833395
0.0
0.0
-0.14173591356765372
-0.2491614138895054
-0.3405679710399706
-0.4260567761940375
-0.5055507156539315
-0.577067392058256
-0.6385024890845123
-0.683396669992079
-0.6943232803891026
-0.6849466275643628
-0.6641129395386351
-0.6374772469779618
-0.6085896399848022
-0.5796194528614454
-0.5518371002593166
-0.525933823395276
-0.5022331332418112
-0.4609181314270568
-0.3748712367966387
-0.28122196945735234
-0.18996128357501657
-0.10523747430270187
-0.029739520075445225
0.0
0.0
0.15025452740138096
0.2548427775419319
0.3456736109830777
0.43092685628574234
0.5101319579450792
0.5812357555027783
0.6421338091262553
0.6847974047399105
0.6943615886427157
0.6841876442598647
0.6629207212518587
0.6360828874417707
0.607136722632497
0.5781943288848947
0.5504890129038728
0.5246882438203907
0.5011005629393006
0.45559337016149715
0.36879704923566564
0.2752637149947143
0.18443428391238353
0.10032616948228408
0.025581557110571307
0.0
-0.0019046439989033603
-0.15836137299526523
-0.26050085476119206
-0.3507960949536896
-0.4357814378269674
-0.514651779019092
-0.5852967101624283
-0.6456155892395108
-0.6860683603085609
-0.6942871952397209
-0.683330741175957
-0.6616433937125447
-0.6346145313288433
-0.6056194556933977
-0.5767132347460459
-0.5490922370302944
-0.5234003055843364
-0.49993113791496513
-0.45032336374665644
-0.3627917576098515
-0.26937044245150144
-0.17896298076380823
-0.0954588768771017
-0.021454500048777414
0.0
0.01392423520433586
0.16603212452272595
0.26719137067425447
0.35703955037985
0.4415320525355253
0.519760465995671
0.5896143194812136
0.6490176266360788
0.686913453108122
0.6936029751018489
0.6817825956751731
0.6596567700078536
0.6324565989644707
0.6034535508526511
0.5746350859189686
0.5471540053984887
0.5216264834775262
0.4983290140473096
0.4451575232561436
0.3569339633968609
0.263561604987971
0.17348994377253113
0.09050039454582409
0.01714996296923267
0.0
-0.026191190820345656
-0.17383826395308916
-0.2739829570573878
-0.3633636844459362
-0.44734407703989143
-0.5249102880034006
-0.5939519063809375
-0.6524182002321363
-0.6877314988014619
-0.6928779212170858
-0.6801873072692144
-0.657621330280171
-0.6302509562932823
-0.6012426170830927
-0.57251539532213
-0.5451780409466502
-0.5198187629109796
-0.49669667732061284
-0.44021253603127075
-0.35133238856500376
-0.2579931962918784
-0.16822563014067565
-0.08571141175895805
-0.012971083095383931
0.0
0.037911559769753606
0.1812574587435349
0.28041158599686766
0.3693296473516833
0.45280759891937783
0.5297306810029239
0.5979887272520215
0.655555314388459
0.6884326381661146
0.6921265360238444
0.6786197068357414
0.6556439444315643
0.6281186242251113
0.5991107759242714
0.5704747994104787
0.54327779768491
0.5180815626426217
0.49512881470517356
0.43545086483452233
0.34593390461078166
0.252622407809589
0.16314402002692086
0.0810845837896394
0.008929595360791867
0.0
-0.04916818089181535
-0.18836551453650233
-0.28655941931571993
-0.3750268590308019
-0.4580174226825543
-0.5343192847901581
-0.6018225439165187
-0.6585241546851935
-0.6890779547373806
-0.6913873812323964
-0.6771035580395699
-0.6537387201519376
-0.626067469432411
-0.5970619136497578
-0.5685146940902988
-0.5414531575863886
-0.5164138855444191
-0.4936239582220138
-0.43088985400108143
-0.3407629836023018
-0.247477469832021
-0.15827543224192203
-0.0766509982995685
-0.005056135347826729
0.0
0.05996024978278419
0.1951817599614043
0.2924559636968139
0.3804921106252942
0.46301605022899517
0.538722895617716
0.6055029838355106
0.6613756674266023
0.6897011178691616
0.690682599898532
0.6756533278080136
0.6519150242540089
0.6241034806102992
0.5950997906163332
0.5666373779268935
0.5397054674580466
0.5148164651326967
0.4921824519290307
0.42646362043074765
0.3357452620962985
0.2424892544255996
0.1535602399671561
0.0723625246048967
0.001315263620951579
0.0
-0.07045064098857484
-0.20181967927888797
-0.29820505458578894
-0.3858248811312306
-0.46789688910235505
-0.5430259387135011
-0.6091026690623524
-0.6641682691485408
-0.6903123479635376
-0.6899938298117181
-0.6742347451390889
-0.6501307572310056
-0.6221817826508288
-0.5931798254362368
-0.5648003432043024
-0.5379952442708025
-0.5132532694047509
-0.4907718165883741
-0.4216322453686529
-0.33026173602501374
-0.2370638850430593
-0.14846456627772603
-0.06776362474032632
0.0
0.0
0.07988077159782297
0.20802881698972797
0.3037271030381603
0.39104379397797273
0.47275750701087726
0.5473951288696228
0.6128481919709884
0.6671780855193425
0.6910862252436448
0.6894288998989085
0.6729120555018958
0.6484219706726261
0.6203204237169673
0.5913087822162719
0.5630034755386382
0.5363183614825848
0.511718004783926
0.48938476160112854
0.41663381999703686
0.32452933600579026
0.23134061231074063
0.14303949855804038
0.06281845672061706
0.0
0.0
-0.08861214909170981
-0.21385420540621503
-0.30895234969428875
-0.3960117848057844
-0.4774099733119541
-0.551602533388821
-0.6164819693483198
-0.6701285083469809
-0.6918809178924109
-0.688930739236866
-0.6716801233612548
-0.6468140784264843
-0.618561574171715
-0.5895368178556032
-0.5612994559384882
-0.5347267264588509
-0.5102599121138318
-0.4880668696194838
-0.4118629816393263
-0.319046650696002
-0.2258553262143117
-0.13782883181189298
-0.05805759379294395
0.0
0.0
0.09703098824005202
0.21947889923744954
0.3140025792931886
0.40081719054040804
0.4819138727976176
0.55567955594752
0.620007632423135
0.6729964434001634
0.692665474942945
0.6884651290996971
0.6705042816189867
0.6452736306745083
0.6168739222808205
0.5878352052282586
0.5596622923798235
0.5331970534681315
0.5088582796623964
0.48679981582758486
0.4073033283353287
0.31380795451846805
0.22061404668073303
0.1328495498426937
0.053507605154400006
0.0
0.0
-0.10509180335467869
-0.2248672717863128
-0.31884228667350273
-0.40542341440542773
-0.48623210593875643
-0.5595895538106562
-0.6233899995364958
-0.6757491257035401
-0.6934208046429279
-0.6880217774787655
-0.6693798164424671
-0.6437993723623905
-0.615258286465497
-0.5862059387458499
-0.5580945809577531
-0.5317321792219738
-0.5075159636281411
-0.4853828715193728
-0.40282465949042645
-0.3087094956987484
-0.21553233083271106
-0.12803659831169395
-0.04912388312190166
0.0
0.0
0.11287014053950042
0.23005973883141334
0.323501824288921
0.4098552533859609
0.4903842670232507
0.5633465551231043
0.626637180393559
0.6783885613848714
0.694140023107258
0.6875889024338888
0.6682925881234619
0.6423763901395716
0.6136999378710246
0.5846350257303627
0.5565833559423874
0.530320290932668
0.5062223285538646
0.47948944717660397
0.3960754450141179
0.3020510100350155
0.2093147322431732
0.12246854590811851
0.04436356111318131
0.0
0.0
-0.1217035996136866
-0.23583088497383803
-0.32860747736938883
-0.4146624059338864
-0.49484549387171506
-0.5673408873961272
-0.6300444279232165
-0.6801631651797182
-0.6942788793565139
-0.6867665575832179
-0.6669439885440626
-0.6407779980473157
-0.6120238650138635
-0.5829850997484026
-0.5550190965774416
-0.5288728026049628
-0.5049047940138902
-0.4733800102819466
-0.3890894152364382
-0.2951757278532473
-0.20291306276221677
-0.11675499646363083
-0.0394996641982554
0.0
0.0
0.13110889644266882
0.2420767494628247
0.334202734937888
0.41998603587074823
0.4998405859722973
0.5718723202458188
0.6339771020987993
0.6816492554897265
0.6942727581691329
0.6858892460520233
0.6655953338107449
0.6392116214859133
0.6103971709714794
0.5813925859096002
0.5535144912346531
0.5274837323184722
0.5036424631991677
0.46752714381774174
0.3824088934865537
0.2886147674267793
0.19681811742253408
0.1113296319133124
0.03489635946224222
0.0
0.0
-0.1401183097822009
-0.24808186960920503
-0.33959736450556166
-0.4251306000358369
-0.5046791321465653
-0.5762739986111202
-0.6378109112941802
-0.6831289769984632
-0.6943145576844967
-0.6850895156772683
-0.6643382718094836
-0.6377411124601592
-0.6088647506018536
-0.5798893925842575
-0.5520925027517198
-0.526169838972111
-0.5024477568620094
-0.46192760415385503
-0.37602262807253434
-0.28235118847570906
-0.1910085648528573
-0.10616787866781664
-0.03052698491263764
0.0
0.0
0.14870740394143214
0.25381103625491186
0.3447464785913086
0.4300425416711191
0.5093001311066122
0.5804789386237134
0.641474546352091
0.684543204886135
0.694354791394875
0.6843256201497978
0.663137357682948
0.636336218474502
0.6074006745218573
0.5784532214072471
0.5507339046749388
0.5249145104371399
0.5013062984236142
0.4565603973619149
0.36990019517670336
0.27634583406781904
0.1854381106380148
0.10121820465080832
0.026336798450402543
0.0
0.0
-0.1569386773814141
-0.25930054525815327
-0.3496796060333276
-0.43474802499681575
-0.5137265171730308
-0.5845063927276949
-0.6449831116630695
-0.6858968025039284
-0.6943921343814891
-0.6835926771310409
-0.6619858398725215
-0.6349893844123186
-0.6059972406886345
-0.5770766131512879
-0.5494316978416891
-0.5237113148596381
-0.5002122617641089
-0.45142022150105404
-0.3640367002210143
-0.270594246819792
-0.18010278629728493
-0.09647717633280695
-0.02232293503345452
0.0
0.011441481458895675
0.16445939791059017
0.26582727691060265
0.35577228252335363
0.44037011273297516
0.5187337737479893
0.5887527755556075
0.6483460090321559
0.6867591390282304
0.6937573503474002
0.6821106588096395
0.6600722695090426
0.6329054333251083
0.6039027025051527
0.5750652590660787
0.5475547410441735
0.5219929295681627
0.49865980000459753
0.44616225854110064
0.3580731903290322
0.26469511536307744
0.17456255138805965
0.09147713809258044
0.018003272977819867
0.0
-0.02377579455928741
-0.17230203243743267
-0.27264701655462986
-0.36212020551462554
-0.4462017798295671
-0.5238986524794249
-0.5931003953612405
-0.6517512998506904
-0.6875721544126306
-0.6930217882218649
-0.6805021114023249
-0.6580225300532142
-0.6306854932630631
-0.6016780827317242
-0.5729328234515353
-0.5455671248979729
-0.5201746929470455
-0.49701805912196345
-0.44118521405567585
-0.35243417756523715
-0.25908847863301204
-0.16926112718280156
-0.08665344437431938
-0.013793141501599479
0.0
0.03561470351451784
0.17980595163990257
0.279155476176422
0.3681651442618702
0.4517423123241342
0.5287920118795708
0.597204019967099
0.6549471408611999
0.6882998400197827
0.6922770231542178
0.6789292117834812
0.6560331102402092
0.6285377075686894
0.5995294502189245
0.5708753713839876
0.543650706832001
0.5184224059088088
0.4954363888508888
0.43638540086719957
0.346993622468997
0.2536768824387934
0.16414190698334313
0.08199334945700268
0.009723580916107963
0.0
-0.04695823311544986
-0.1869702501645478
-0.2853527646732756
-0.3739087270903064
-0.45699500872671045
-0.5334188440473698
-0.6010702807885141
-0.6579416850284264
-0.6889513714092558
-0.6915324364088651
-0.6774010610818586
-0.6541125592847276
-0.626469938372388
-0.5974639303890265
-0.5688992940301448
-0.5418111765179385
-0.5167411056927114
-0.4939192304878896
-0.431784303706933
-0.3417769788273816
-0.24848633236577947
-0.15923007432651098
-0.077520315509681
-0.005815598044011869
0.0
0.05784367419932113
0.19384480716852895
0.291299319402905
0.37942000472205484
0.46203542191815017
0.537858934720485
0.6047808337882101
0.6608160793034974
0.6895786690830876
0.6908206649668232
0.6759376421910069
0.6522726174897806
0.6244886113847006
0.5954845710669199
0.5670055364891474
0.540048210738858
0.5151297421758311
0.4924651542021879
0.4273781384044145
0.3367820920936159
0.24351701790388242
0.15452814070929013
0.073238952757358
0.0020755968472489367
0.0
-0.06826688617369014
-0.20042846418773755
-0.29699488795547746
-0.3846991360903419
-0.4668639557252271
-0.5421128346887292
-0.6083362948824961
-0.6635709297465925
-0.690180891815584
-0.6901400582797435
-0.6745369023415435
-0.6505110847737289
-0.6225915343637793
-0.5935892781248475
-0.565192151281318
-0.5383600307500271
-0.5135867110477521
-0.49107272600358604
-0.4226639602722609
-0.3314368383989811
-0.23823107736575505
-0.14956544049344092
-0.06876183466495882
0.0
0.0
0.07809092628712236
0.2068310803059559
0.30265051190402437
0.39001856209202135
0.4717958581461867
0.5465238732188373
0.6120939521378461
0.6665636339237003
0.6909167623844901
0.6895265408771863
0.6731615191061611
0.6487494549100193
0.6206794993433118
0.5916709866537067
0.5633520531457524
0.5366441083762218
0.5120165200067638
0.4896546368787117
0.41762912519643036
0.32567296493949927
0.23248354836823856
0.1441237687936136
0.06380759899387363
0.0
0.0
-0.0868701131153845
-0.21269230269068604
-0.3079103927324466
-0.39502133132596784
-0.47648263403327606
-0.5507641368327624
-0.6157581456482595
-0.6695411247744161
-0.6917235369364128
-0.6890311947297318
-0.6719268692392283
-0.6471357300652338
-0.6189132469715044
-0.5898910183073156
-0.5616400199863172
-0.5350447961141046
-0.510551274071864
-0.48833020283879586
-0.41281101924891217
-0.32013632119960383
-0.22694600613152638
-0.1388654604495212
-0.05900531460995774
0.0
0.0
0.09535285139971372
0.21835706513577047
0.31299489703699424
0.39985803177155177
0.48101457632573624
0.5548651503639662
0.6193029738927461
0.6724227820481877
0.6925074720555678
0.6885566122121737
0.6707375612759121
0.6455797662480298
0.6172095439251639
0.5881737268811366
0.5599880640471627
0.5335014795527764
0.5091372510804697
0.4870520189398759
0.4082104579107033
0.3148500217905882
0.22165648111790598
0.1338397337690526
0.05441227992007565
0.0
0.0
-0.10348864715392223
-0.22379560563672032
-0.31787974765838867
-0.40450732661859146
-0.4853733149652462
-0.5588119776694318
-0.6227173861002151
-0.6752017727197743
-0.6932707646888708
-0.6881101700387647
-0.6696036821747822
-0.644092802822759
-0.6155798230274064
-0.5865301703777511
-0.5584065526275684
-0.5320236802826853
-0.5077830724745458
-0.4858278130890116
-0.4038035683517992
-0.3097870559429517
-0.21659133849389395
-0.12902812063426805
-0.05001584665427994
0.0
0.0
0.11127473089046211
0.2289995066785544
0.3225532132966488
0.4089548893274283
0.4895423739684628
0.5625864348465109
0.6259819705735926
0.6778579709319226
0.6939981438761491
0.6876800840701951
0.6685159868898563
0.6426674720292379
0.6140181272107226
0.5849554697423855
0.5568914444052016
0.5306080186469975
0.506485889208601
0.48069907839324677
0.39746002476812237
0.30341578618061454
0.2105878415256333
0.12360729444736454
0.04533566191214848
0.0
0.0
-0.1198819244380423
-0.23463656307010547
-0.3275481316129281
-0.4136628964174591
-0.49391590011036723
-0.5665064380298318
-0.629330212633131
-0.6799167030729274
-0.6943161008253236
-0.6869678621441757
-0.667232528636234
-0.6411051726457833
-0.6123596427144733
-0.5833115751454374
-0.5553262098122485
-0.5291555048390102
-0.505161178261508
-0.47455355759304846
-0.390432188980201
-0.2964988192952093
-0.20414676899840972
-0.11785792321335481
-0.04044052736671838
0.0
0.0
0.1292979691640868
0.2408744130085836
0.3331253881311073
0.4189604821063624
0.498877648169833
0.5709979268628708
0.6332172150383878
0.6813579400439437
0.6942675180053133
0.686051297433193
0.6658481692619254
0.6395066871880628
0.6107043096702364
0.5816936706538957
0.5537991941871198
0.5277467209785389
0.5038815498629767
0.4686358938325107
0.38367294820248593
0.2898545192023996
0.19796808404984362
0.11235149427022682
0.03576151689817586
0.0
0.0
-0.13841246237731503
-0.24694279095977706
-0.33857283939526295
-0.4241526944558775
-0.5037586134206333
-0.5754357972348666
-0.6370799890438725
-0.6828455462775096
-0.6943045550607798
-0.6852396218409497
-0.664575476975355
-0.6380190626895659
-0.609154636738577
-0.5801738808156868
-0.5523617004419163
-0.5264186212181127
-0.5026740017794384
-0.46299319825606
-0.3772379722097744
-0.283542999734551
-0.1921137514576403
-0.10714957203478201
-0.031357692393801165
0.0
0.0
0.1470756835449395
0.2527230486827873
0.3437689141435912
0.4291102105119774
0.5084232216228183
0.5796811944770944
0.6407797330803342
0.6842755371116025
0.6943479970824348
0.6844714658298836
0.6633661223696521
0.6366036472344383
0.6076792728068041
0.5787264558346421
0.5509923486072881
0.525153289779269
0.501523405726457
0.4575809842475913
0.3710644827738432
0.27748797299827327
0.1864976585882584
0.10215980018158559
0.027134046843260137
0.0
0.0
-0.15537268626389814
-0.25825612946295856
-0.34874101335806357
-0.4338527162916796
-0.512884282493181
-0.5837400320570025
-0.6443154489857132
-0.6856391072753295
-0.6943848551393846
-0.6837319514060457
-0.6622047590324512
-0.6352454756342208
-0.6062641138359275
-0.5773383963553913
-0.5496793391022614
-0.5239401311980704
-0.5004203215175719
-0.4523974609325632
-0.3651514254065116
-0.2716876759647671
-0.18111706110360154
-0.09737845380019926
-0.023085958612951096
0.0
0.009208186350203235
0.16303135189068227
0.26457990318109875
0.3546069125238326
0.4392954791875279
0.5177777855460148
0.5879433607385498
0.647706521550784
0.6865973208281742
0.6938813952508346
0.6823963551829659
0.6604401806288575
0.6333056603157602
0.6043047256127723
0.5754511781200824
0.5479147894512281
0.5223225074520313
0.4989575211132138
0.4470504788907133
0.3590802313320903
0.2656981036756841
0.17551287793883652
0.09234385539298755
0.018761895579193874
0.0
-0.021608157470393352
-0.17091729757796317
-0.27143898206767214
-0.3609929828053401
-0.44516367066481966
-0.522976539737987
-0.5923211597095656
-0.6511373699031636
-0.6874188902465191
-0.6931440921431872
-0.6807801287860653
-0.6583796220239674
-0.6310735288685462
-0.6020676332340557
-0.5733066378321935
-0.5459157999699991
-0.5204938098597575
-0.4973062984146934
-0.44205594992302005
-0.3534199366838992
-0.2600679081160354
-0.17018660689549192
-0.08749491155128268
-0.014526958605046797
0.0
0.03356402004443507
0.17851045456505577
0.27803471242928607
0.3671264105853901
0.4507923849256109
0.5279553342714524
0.5965049787100638
0.6544058553643255
0.6881828604606599
0.6924128293905977
0.6792068505250158
0.6563817332451154
0.6289129108018618
0.5999041676341225
0.57123381713844
0.5439843562510547
0.5187273385594433
0.4957115404490061
0.43722262676777884
0.3479432360243344
0.2546219845918906
0.1650364628304138
0.08280817775970109
0.010435658400792969
0.0
-0.044978310416606965
-0.1857206061516925
-0.2842722958829089
-0.3729077059933882
-0.45607984934597795
-0.532613039801892
-0.600397278963383
-0.6574208213462083
-0.6888385790057693
-0.6916627701080401
-0.6776678195204898
-0.6544476080778195
-0.6268305733173131
-0.5978241205556387
-0.5692438563324469
-0.5421319108225852
-0.5170342397830623
-0.49418373899857027
-0.4325849817063964
-0.3426846501051204
-0.24938942649751317
-0.1600846575851602
-0.07829854536669002
-0.0064955153511638
0.0
0.055948472846962194
0.19264758639304938
0.2902634944980283
0.3784598351307295
0.4611571278704605
0.5370850777947839
0.6041339345943908
0.6603147260563771
0.6894688031128946
0.690944115181084
0.6761920818478471
0.6525926988890619
0.6248333707551981
0.5958290326394664
0.5673351271205953
0.5403550542070958
0.515410209312776
0.49271825096381483
0.42814529190007555
0.33765171358691987
0.24438213520108681
0.15534665403156794
0.07398419670858775
0.0027265489381870095
0.0
-0.06645267569063176
-0.19928258527155404
-0.29600360802510645
-0.3837803583441302
-0.46602362425015975
-0.5413725367902664
-0.6077175771424818
-0.6630915729040875
-0.6900761986878461
-0.690258635668213
-0.6747808104095703
-0.6508177792143812
-0.6229218104165772
-0.5939192340608856
-0.5655078421492307
-0.5386539213411237
-0.5138553309453012
-0.4913151267004747
-0.42349400350241423
-0.33237803551540307
-0.23916130864834276
-0.15043814503797748
-0.06954845183226843
0.0
0.0
0.0766632499027827
0.2058734347809718
0.3017883800938823
0.3891966433212074
0.471024116138487
0.5458238827247452
0.6114871361936784
0.6660683421684463
0.6907789889681564
0.6896034365032123
0.6733605005728812
0.6490112446317916
0.6209667993912388
0.5919609265967297
0.5636311640166093
0.5369049863384436
0.512255619157288
0.4898708156394488
0.4184350547709525
0.3265992641804025
0.23340910489824152
0.14500154044958308
0.06460804320880485
0.0
0.0
-0.08546305655746517
-0.2117544242242085
-0.3070697200246172
-0.3942225102831145
-0.47573500573041755
-0.5500885280416743
-0.6151752187889516
-0.6690684988165551
-0.6915978797771847
-0.6891135287210325
-0.6721271571454756
-0.6473963574404767
-0.6191979924952971
-0.5901776996875129
-0.5619156001677664
-0.535302135107743
-0.510786980414759
-0.48854321890969343
-0.4135770960690309
-0.3210169353593591
-0.2278275799440544
-0.13970349908984975
-0.05977163456119612
0.0
0.0
0.09399543992376236
0.2174494580863755
0.3121795209792255
0.3990818195057164
0.48028670873689966
0.5542058819864608
0.6187324216783658
0.6719581479515623
0.6923791320860824
0.688630143851636
0.6709258485850494
0.6458270372764008
0.6174807112150236
0.5884472797833382
0.5602513385564782
0.5337475184349156
0.5093627266973667
0.4872558653168838
0.4089433944340312
0.31569192027869386
0.22249862015771144
0.13463960850057977
0.05514302800647519
0.0
0.0
-0.10219330393352169
-0.2229296431704604
-0.31710193238405004
-0.4037670272802564
-0.48467930070322246
-0.5581835792024942
-0.6221737964415621
-0.6747593969900415
-0.6931494868856585
-0.688181587944244
-0.6697845872101703
-0.6443299297271706
-0.6158396660887394
-0.5867921930374428
-0.5586586685392213
-0.5322592537079198
-0.5079989339549018
-0.48602295270373025
-0.40450665842779954
-0.31059489551042685
-0.21739957500065576
-0.1297959446240907
-0.05071745716279173
0.0
0.0
0.11003295973831317
0.2281697115397724
0.3218080930087993
0.40824585295903937
0.4888777984254584
0.5619848251821634
0.625461699563983
0.6774347384370571
0.6938823972048472
0.6877488476444965
0.6686895705350865
0.6428948643603606
0.614267241741612
0.5852066411512873
0.5571331003840828
0.5308338069596478
0.5066927771694995
0.4816395786910243
0.39853724444214045
0.3044787822866625
0.21158073354505252
0.12449675500338094
0.04609640835408435
0.0
0.0
-0.11847379139576988
-0.23371740740761252
-0.326735504572339
-0.41289818925187954
-0.4932066138365336
-0.5658718006938013
-0.6287893240012108
-0.6797349080098614
-0.694351772995826
-0.687129013166474
-0.6674600835310296
-0.6413617983932727
-0.6126222964747098
-0.5835665427046814
-0.5555658100142519
-0.5293759075624328
-0.5053609658079067
-0.4754641068167697
-0.3914743360663555
-0.29752619680867237
-0.20510529005792538
-0.1187154110429616
-0.04117262991547614
0.0
0.0
0.12789198750303488
0.23994138106229163
0.33228959907657174
0.4181650290129686
0.49813088915788595
0.5703199541848837
0.6326281485828942
0.6811321387999058
0.6942634978311778
0.6861769689313104
0.6660442187127187
0.6397354725866518
0.6109424513519982
0.5819271156932752
0.554019936065668
0.5279506258910102
0.5040669220443269
0.46949440455711816
0.38465160289802885
0.2908142850243867
0.19885827642678305
0.11314245767420386
0.03643112040628069
0.0
0.0
-0.13709133967907705
-0.2460604537126772
-0.33777913961148903
-0.4233950422311939
-0.503045360175511
-0.5747862620977182
-0.6365135157500463
-0.682625759478063
-0.6942966107441608
-0.685355732491811
-0.6647590816727882
-0.6382342501097732
-0.6093790871389554
-0.5803941642460692
-0.5525701516021245
-0.5266112684163703
-0.5028491998501246
-0.4638187270588931
-0.3781794998499167
-0.2844662646726268
-0.1929698748156442
-0.10790999447069036
-0.03200111966887696
0.0
0.0
0.14581191847378056
0.2518804457424312
0.3430118570075339
0.4283882048130751
0.5077441556894553
0.5790634552609588
0.6402417241586369
0.6840683353409973
0.6943428272969466
0.6845845033012179
0.6635433699468605
0.636810830950183
0.6078950993889156
0.578938121249875
0.5511925528433472
0.5253382586392855
0.5016915851221706
0.45837159529505145
0.3719664240324879
0.27837276704657726
0.1873184817307683
0.1028892575285204
0.027751689488562922
0.0
0.0
-0.15415952762756713
-0.2574470336505449
-0.3480138989035377
-0.4331591339653325
-0.5122318161257375
-0.5831463442323106
-0.6437982209249108
-0.6854394711607873
-0.6943792105290122
-0.6838398386708178
-0.6623743457223439
-0.6354438590896152
-0.6064708502416115
-0.5775411901307351
-0.5498711778470721
-0.524117387085271
-0.5005814980980743
-0.45315445770291035
-0.3660149199314902
-0.27253467276335863
-0.18190274202968315
-0.09807660345763648
-0.023677012869592257
0.0
0.007478198367572408
0.16192513101043965
0.2636136338670319
0.3537041636573284
0.4384630159739188
0.5170372276631943
0.5873163427173467
0.6472111346901007
0.6864719590317793
0.6939774768619636
0.6826176602620143
0.6607251738631312
0.6336156877213566
0.6046161451384491
0.5757501234107906
0.5481936947896442
0.5225778094972032
0.49918814594787037
0.44773852879402776
0.3598603240425053
0.266475056411173
0.17624903621300533
0.09301524614472491
0.019349551521531186
0.0
-0.019929030946716275
-0.16984463527058005
-0.27050319860378635
-0.36011979944237055
-0.444359518172786
-0.5222622424585978
-0.5917175402611715
-0.6506618021813948
-0.6873001695422021
-0.6932388355137795
-0.6809954927925929
-0.6586562396176026
-0.6313741162063904
-0.6023693938427699
-0.5735962085117907
-0.5461858967153292
-0.520741009699675
-0.4975295792686801
-0.44273045516934956
-0.3541835436427454
-0.26082661217886505
-0.1709035196465608
-0.08814674517687787
-0.015095402513990358
0.0
0.03197548088821045
0.17750691237739225
0.2771665255705766
0.3663217674686738
0.4500565346420221
0.5273072116969972
0.595963474604656
0.6539865549872277
0.6880922436885063
0.6925180301593433
0.6794219201715136
0.656651790011303
0.6292035576239245
0.6001944381177413
0.57151148296644
0.5442428138848454
0.5189635510821073
0.49592468342580515
0.4378711732579297
0.3486788421362379
0.2553540959911853
0.16572941917309725
0.08343937417402163
0.010987260202703991
0.0
-0.04344458776814869
-0.18475258470841463
-0.28343532385620496
-0.3721322770832293
-0.45537093210735413
-0.5319888331320282
-0.5998759460228844
-0.657017340325094
-0.6887512054809722
-0.6917637312981503
-0.6778744605066612
-0.654707149382814
-0.6271099346461539
-0.5981031373617085
-0.5695107672201595
-0.5423803636561014
-0.5172613124586979
-0.494388637227843
-0.4332052170660085
-0.34338776647690017
-0.25008899721685207
-0.16074664993143434
-0.07890139147050063
-0.007022204832141471
0.0
0.05448037872415756
0.191720174257621
0.28946110567877725
0.37771605177005185
0.46047676839061025
0.5364856192399352
0.6036328222727709
0.6599263590951078
0.6893836968813275
0.6910397444148765
0.6763891804127677
0.6528406460045914
0.625100434347354
0.5960958655407068
0.567590440427888
0.5405927467037452
0.515627469709486
0.492914309237234
0.4287395579012903
0.3383253551687941
0.24505228767018294
0.15598070531168706
0.0745614907778989
0.003230800983079485
0.0
-0.06504731986716267
-0.19839494427862772
-0.2952357252373076
-0.3830686384831883
-0.4653726718292134
-0.5407990741492212
-0.6072382950752118
-0.6627202450407157
-0.6899950994520256
-0.6903504901849442
-0.6749697507917445
-0.651055356285668
-0.6231776546925976
-0.5941748303620269
-0.5657523881908604
-0.5388815800667559
-0.5140634140394306
-0.4915028994137902
-0.4241369862394888
-0.33310712223634287
-0.2398819008214761
-0.15111417483424605
-0.0701577951054072
0.0
0.0
0.07555731800697862
0.20513160648705067
0.3011205403186325
0.3885599540791749
0.4704262957056359
0.5452816437155967
0.6110170736992572
0.6656846705104771
0.6906722644829888
0.6896630027449948
0.6735146391062199
0.6492140368059766
0.6211893528255794
0.5921855249938028
0.5638473738069764
0.5371070722314387
0.5124408343627833
0.49003827584800985
0.41905935817062934
0.32731681045617744
0.23412607584136547
0.1456814954289255
0.06522809743949937
0.0
0.0
-0.08437309756301689
-0.21102790824730538
-0.30641850328902814
-0.3936037134234284
-0.47515586469509025
-0.5495651760323742
-0.6147236616942732
-0.6687023849538437
-0.6915005410115506
-0.6891773077327586
-0.6722823077013464
-0.6475982492210776
-0.6194185671018345
-0.590399773881185
-0.5621290749547285
-0.5355014795836096
-0.5109695674246422
-0.4887082291803537
-0.41417052802550447
-0.3216990922530519
-0.2285104802211716
-0.1403526753831849
-0.060365254857088615
0.0
0.0
0.09294393787258398
0.21674639148453895
0.3115478999771868
0.3984805362519635
0.4797228750907414
0.5536951878729798
