0.0
-0.023999999999999966
0.0
-9.301333333328055e-05
0.1484950510933334
0.14313471896993218
0.06401224828634944
0.21051882686646922
0.11762758386837341
0.2940553536816154
0.19990304908594886
0.4897043601071904
0.38653503575380865
0.6264002736356858
0.6635881120581409
0.7584921999946899
0.7886012715787492
0.7930420504056952
0.7756656710899889
0.7462894636031102
0.7111587413170403
0.6741662932057817
0.63766494166536
0.603007781521365
0.5709063346523604
0.5416670860690276
0.5153469025574161
0.4918544475441853
0.4710157307212399
0.452615915585867
0.43642547781514546
0.42221610843693125
0.3901035408301318
0.32751165989337566
0.2283580634204992
0.11196611469703927
0.0
-0.03570443594016193
-0.2773767627166849
-0.44432083300811775
-0.5816788358516183
-0.7053857586945418
-0.8156347893673985
-0.9023009544160531
-0.9282824874160491
-0.9177156498916287
-0.8862554157153243
-0.8439357412191754
-0.7970797930214062
-0.7495738481049958
-0.7037152254213324
-0.6607752734894293
-0.6213719298923156
-0.585715174889529
-0.5537677825059484
-0.47194569891384824
-0.37027209394443095
-0.26730293927208315
-0.1692691154988205
-0.0796116500776436
-0.0009085343218046271
0.0
0.0
0.057686730021420884
0.17818001628787572
0.2680911656465487
0.3509773784539702
0.4295937411854952
0.5025091496894528
0.5676341112967365
0.6230081443161473
0.6651492770006384
0.6752466626696874
0.6661996782931721
0.6463583864767783
0.6210597808996619
0.5936535112575736
0.5661856999729376
0.5398539083171982
0.5153090419020457
0.4928549874611095
0.40720453278786756
0.3050889642732854
0.20359318657150405
0.10858803779150458
0.023348872416224603
0.0
0.0
-0.12249432891421413
-0.23748490805874323
-0.3314577272957594
-0.4188781336925254
-0.500509465902584
-0.5744663171103658
-0.6385808903655807
-0.6909458942903234
-0.7061663487407638
-0.6987919965935484
-0.6785369164182499
-0.6516237078286968
-0.6219704491450402
-0.5919822069102629
-0.5630778326169819
-0.5360396905047145
-0.5112450553829491
-0.4888185327754989
-0.4256525692790978
-0.33491413038604195
-0.24112681643280365
-0.15160248401247553
-0.06985378513509798
0.0
0.0
0.06201532026735998
0.20074673949264674
0.3000666874452135
0.38963942536189894
0.4733575175053664
0.5499268450661022
0.6172250888248726
0.6732634056293282
0.6974365932958385
0.695663106912458
0.678812431636299
0.6538756401918734
0.6252805266734756
0.595769011240663
0.5669814750816321
0.5398450110279418
0.5148305955500612
0.4921227381675095
0.42429301428556254
0.33301312134278194
0.2396008874164824
0.15068082772219052
0.06960328480573512
0.0
0.0
-0.06265803567228084
-0.19782014288683616
-0.2953186352979764
-0.38354611305503694
-0.4661609638105092
-0.5418458290185321
-0.6084929009910327
-0.6641290113371058
-0.6907767872459285
-0.6907326121208547
-0.6751022223973216
-0.6510363799764928
-0.623071042457065
-0.5940215875342177
-0.565578451457815
-0.5387029793936623
-0.5138897099207341
-0.49133946625859287
-0.4248737702444403
-0.3336182330380658
-0.23994617426160503
-0.15071075696332498
-0.06931805435465464
0.0
0.0
0.06643693059427416
0.20001896081524967
0.2971296328427587
0.38518774711751186
0.4676513020997665
0.5431648443584258
0.6096170578947753
0.6650390310244072
0.6913309516044954
0.6910553126214751
0.6752759794502083
0.6511157404216463
0.6230918892376426
0.594007372872045
0.5655443674053288
0.5386587458701391
0.513841436403129
0.4912908930545282
0.4250584548595004
0.33412939508091727
0.24076863797393913
0.1518006789727002
0.07062097347529929
0.0
0.0
-0.06915782386757602
-0.20168421200501846
-0.29852334503065725
-0.3864357470108382
-0.4687462550410506
-0.5440768006916626
-0.6103172749331038
-0.6655054845475178
-0.6912439469041005
-0.6906488005191033
-0.6747002195414498
-0.6504657055500649
-0.6224262126089601
-0.5933609636600392
-0.5649367904910412
-0.5380997702993953
-0.5133346936413664
-0.4908362752777127
-0.42282822850841784
-0.33157194068165563
-0.23824909629879984
-0.14945320605778897
-0.06852489939964966
0.0
0.0
0.07423788678749937
0.20473995737064177
0.30106107819604405
0.3887044882822557
0.4707399575432216
0.545745177094994
0.6116111030702307
0.6663870006323481
0.6911882393029208
0.6900481311429442
0.6738069210487522
0.6494396257223305
0.6213663678875475
0.5923266202821655
0.5639614718819168
0.5372005357492098
0.5125182595224091
0.4901030311330015
0.4201087070665668
0.3284611415649812
0.2351566587127083
0.1465363683432793
0.06588106010830777
0.0
0.0
-0.08071854289913966
-0.2088851472149131
-0.3046740877729433
-0.3920684675598365
-0.4738280902527567
-0.5484758108206644
-0.6139031471425089
-0.6681731931717968
-0.6915689512310562
-0.6895917986851386
-0.6728812248544236
-0.6482793174768305
-0.6201185526893048
-0.5910809411386462
-0.5627701891711459
-0.5360918486174902
-0.5115051121931424
-0.48918890666774917
-0.41671073627723176
-0.3245819602269083
-0.23130927135319668
-0.14291644331224362
-0.06260894082574375
0.0
0.0
0.08745329400358526
0.21325508452597228
0.3085200296776417
0.3956741086015996
0.4771594721787205
0.5514427958284592
0.6164163526361053
0.6701577718545676
0.6920194321089247
0.6891271459274884
0.6719019592379567
0.6470412999504507
0.6187822461286614
0.5897442495285802
0.56149030486758
0.5348997481778724
0.5104151404821606
0.4882050835939594
0.4129503957895693
0.32027521090660294
0.22702796430596572
0.13887936022634645
0.05895121245150746
0.0
0.0
-0.09436052258886637
-0.21781270130923797
-0.31257737754720194
-0.3995102054286504
-0.48073267525725594
-0.5546546224390525
-0.6191691196699513
-0.6723687264865672
-0.6925770498160526
-0.6886954231816539
-0.670910881838081
-0.6457658454016765
-0.6173951347190113
-0.5883511139323236
-0.5601530915984522
-0.533652247980604
-0.5092732593939415
-0.48717360432518925
-0.4090428143477639
-0.31579095895380327
-0.22255843727674804
-0.13465249061338186
-0.05510894776792752
0.0
0.0
0.10148658475634809
0.2225366793828585
0.3167966479440004
0.40350950205403086
0.48446728714038584
0.5580213486433492
0.6220655234226187
0.6747077149580507
0.6931907699693401
0.688275401243908
0.6699050754551822
0.6444608553084786
0.6159711009163086
0.5869183173788521
0.5587763102514799
0.5323669221850313
0.5080961842076641
0.4861099693693546
0.40509358464090206
0.31125847947956775
0.21803603825274362
0.13036990847143162
0.05120993302338139
0.0
0.0
-0.10862802737618948
-0.2272856311934972
-0.3210471395369387
-0.4075446113744356
-0.4882409211459905
-0.5614289378624328
-0.6250032574124015
-0.6770871531675059
-0.6938263455194834
-0.6878654431108737
-0.6689020171981818
-0.6431542237313805
-0.6145429321342297
-0.5854801060704332
-0.557393597790171
-0.5310756167821171
-0.5069133562240434
-0.4829648993876054
-0.40004715165930627
-0.30594518458049597
-0.2129234344660455
-0.12567082664655108
-0.04706947629591003
0.0
0.0
0.11621883780438047
0.23228900351968473
0.3254993283209392
0.41175364787250734
0.4921618699382308
0.5649542130649565
0.6280260357229421
0.6795052778270472
0.6944435966952238
0.6874046481219094
0.6678313038352257
0.6417730018081661
0.6130393053472148
0.5839691495858714
0.5559428282389164
0.5297218959007676
0.5056740705235225
0.4771624836072042
0.3934112883302699
0.2994158115500097
0.20684549649367456
0.12024793636398427
0.042454816903198064
0.0
0.0
-0.1250784680945731
-0.23811691385056724
-0.33068183941550966
-0.4166539472928629
-0.49672972475766564
-0.5690657335760804
-0.6315578529044514
-0.6807540157742411
-0.6943057368838307
-0.6864628972381209
-0.6664602619361999
-0.6402097517439335
-0.6114305043839087
-0.5824023890719409
-0.5544674677960154
-0.5283628618115783
-0.5044409564793731
-0.47137297562208097
-0.3867913793161617
-0.29290439507604454
-0.2007869757346653
-0.11484545036843624
-0.03786106589731736
0.0
0.0
0.13406918733420167
0.2440783288203481
0.3360181508241187
0.4217294547176838
0.5014911970097481
0.5733849429711221
0.6353064708895961
0.6821798911304484
0.6943142931962071
0.6856433741595719
0.6651921068113685
0.6387337034560661
0.6098960245491106
0.5808992563533533
0.5530467754559545
0.5270509308590863
0.5032485178978608
0.46579285467640297
0.3804282416580796
0.2866642335093937
0.19499983468283325
0.10970430023785815
0.03350985174841878
0.0
0.0
-0.14269817753827585
-0.24982674369619318
-0.3411802315418282
-0.4266508818856883
-0.5061186590483486
-0.577593368014242
-0.638970645263966
-0.6835923929630207
-0.6943515515195131
-0.6848759005850055
-0.6639874153476262
-0.6373250769141645
-0.6084284013206852
-0.5794597976510775
-0.5516851817415805
-0.5257929049627935
-0.5021046513789027
-0.4603848377885604
-0.37426114191944587
-0.2806184744217195
-0.1893956636479367
-0.10472863820332613
-0.029301949136176578
0.0
0.0
0.15101239101209685
0.25536417115575333
0.3461518643535804
0.431389844167572
0.5105735850322253
0.58164376597273
0.6424959160714879
0.6849470286543903
0.6943807385135513
0.6841297802280565
0.6628203499662637
0.6359619744281495
0.6070089722049564
0.5780680360925335
0.5503689598629304
0.5245769570573573
0.5009991439177885
0.4551658938307969
0.3683080950288517
0.2747804656732469
0.18398185092050076
0.09991968026575795
0.025232565813123164
0.0
-0.00280002902780338
-0.15894696425890292
-0.2610206629319619
-0.35128771752916255
-0.4362402479998571
-0.5150655711045359
-0.5856532553671518
-0.6459044785022732
-0.6861526441509412
-0.69424839340599
-0.6832217128522828
-0.6614980049938871
-0.6344541113915115
-0.605457102108353
-0.576556678997032
-0.5489457469294805
-0.5232659440663726
-0.4998095922474858
-0.4498976879304561
-0.36230819372072887
-0.26889207893262884
-0.1785138639418528
-0.09505376218456425
-0.02110477770000438
0.0
0.01481320577379358
0.16660410808029835
0.26769315007397776
0.3575098211725942
0.44196700246968407
0.5201486900270689
0.5899444102388096
0.6492800027598424
0.6869816545608398
0.6935548686180265
0.681668617899721
0.6595091864498425
0.6322956865279201
0.6032917199483263
0.5744796234147149
0.5470088951067247
0.5214936102503047
0.49820895652347585
0.44481137213979455
0.3565409179385861
0.2631686637902943
0.17311598276843593
0.09015761277692756
0.016848113503855497
0.0
-0.026966632942955676
-0.1743374196039879
-0.27442085468261784
-0.3637740499151328
-0.4477236000310439
-0.5252490426351188
-0.5942399644342455
-0.6526472239354103
-0.6877916523711373
-0.6928368880764334
-0.6800889318370652
-0.6574936643015594
-0.6301116317172908
-0.6011024284014735
-0.5723806833865733
-0.5450522751400446
-0.5197035876514299
-0.4965926010849512
-0.43991123676303867
-0.35099079697129215
-0.25765236516621515
-0.1679019500889935
-0.08541541084888415
-0.012711140122343353
0.0
0.03858385019626365
0.18168649036481108
0.28078555337568956
0.369678304135849
0.45312835924040207
0.5300152008655231
0.5982286740039783
0.6557437474303083
0.6884777685248059
0.6920860520536009
0.6785309514134634
0.6555307853793154
0.6279960415725222
0.5989879200822608
0.570357025875105
0.5431680172207881
0.5179811340985802
0.49503813263367125
0.43518451993296003
0.34563166079841684
0.2523207950199614
0.16285759817969414
0.080822692488214
0.008699663274592664
0.0
-0.04977026135670598
-0.18874849897174498
-0.2868924743806973
-0.3753368231504713
-0.458302089288075
-0.5345712785815988
-0.6020345000748287
-0.6586899554041316
-0.6891166897504079
-0.6913502571792826
-0.6770237162514292
-0.653637337789502
-0.6259578330220511
-0.5969521346955856
-0.5684095157925847
-0.5413551536794152
-0.5163242529816692
-0.4935430388469676
-0.43065108724358636
-0.3404921428264158
-0.2472073907064139
-0.15801916829265353
-0.07641690081119232
-0.004850834336235912
0.0
0.06050615947005519
0.19552859442473708
0.2927573157137808
0.38077238055526524
0.46327327594252343
0.5389504244665082
0.6056941726348478
0.6615250035637013
0.6897357053104699
0.6906486983706696
0.6755808751873442
0.6518231491069555
0.6240041827141117
0.595000394544889
0.5665421654201476
0.5396167605533723
0.514735342327565
0.49210921947771746
0.42621905770065865
0.335467856121562
0.24221460634169012
0.15330202057125153
0.07212918300619688
0.0011133510574082572
0.0
-0.07102568822219857
-0.20219028234962505
-0.2985299143943103
-0.3861287120071794
-0.4681770679493437
-0.5432749961305663
-0.6093131801857935
-0.6643340318184154
-0.690350497231852
-0.6899558251514066
-0.6741538881166331
-0.6500283243286824
-0.6220711199051621
-0.5930690780725394
-0.564694271644526
-0.5378964291003997
-0.5131629080796797
-0.49069024772551284
-0.421357441288703
-0.32994748989238976
-0.23675006945750915
-0.14816681878539786
-0.06749184457897486
0.0
0.0
0.08035309123391801
0.20834553482841178
0.3040121812128027
0.3913155529859529
0.47301266789038693
0.5476265686961708
0.6130488361512646
0.6673418743003857
0.6911319863849302
0.6894037804232139
0.6728466135101812
0.6483357725232023
0.62022578175915
0.5912132471312197
0.5629114950309098
0.5362323813496765
0.5116391973555836
0.4893135054825284
0.4163771507972539
0.324234333375193
0.2310453567282799
0.14275889635834366
0.06256194195675516
0.0
0.0
-0.08905689063190025
-0.21415179030089945
-0.30921979217608253
-0.39626641555269393
-0.47764874755875053
-0.551818784748115
-0.6166690809292789
-0.6702808227733087
-0.6919225297561421
-0.6889059253645213
-0.6716175755842619
-0.6467321627543285
-0.6184718427174628
-0.5894463505266548
-0.5612124187980857
-0.5346454061332163
-0.5101854000752487
-0.48799951280085174
-0.4116230447862979
-0.318770776452661
-0.22557894957173014
-0.1375658746796751
-0.05781690023842498
0.0
0.0
0.09745165933552508
0.21976063458695955
0.31425595382096355
0.4010585740626789
0.48214037591037207
0.5558848628181917
0.6201854706577725
0.6731414447794631
0.6927057240963005
0.6884424856558914
0.6704458750187078
0.6451968304057943
0.6167896569212056
0.5877501755775677
0.5595804443149069
0.5331205556334104
0.5087881702697242
0.4867364286191566
0.4070772121058539
0.31354811522242243
0.22035391208833988
0.13260222809828792
0.05328140625657922
0.0
0.0
-0.105488842591556
-0.22513305861557315
-0.31908123593501847
-0.4056509907060927
-0.4864455902174326
-0.5597829929322764
-0.6235574822920663
-0.6758855951473255
-0.6934584899518814
-0.6880001649464618
-0.6693244961055811
-0.643726727002002
-0.6151786228267596
-0.5861255754144763
-0.5580172378413518
-0.5316598998840828
-0.5074497254553169
-0.48508386474014675
-0.40248213474162164
-0.3083713407338034
-0.2152163017113467
-0.1277533036599741
-0.048881381897125986
0.0
0.0
0.11331578170831691
0.23035092147352626
0.3237594367922191
0.4100977982167308
0.4906093440009194
0.5635480556774591
0.6268090366248108
0.6785256584216967
0.694173909534992
0.687561068044997
0.6682298963782533
0.6422960165460695
0.6136126673514418
0.5845474509481178
0.5564993399947902
0.5302419380249359
0.5061506259188103
0.47915178563465655
0.3956896964248707
0.3016720030503747
0.20896251259529286
0.12215489126861265
0.04409729729474127
0.0
0.0
-0.12222022402344085
-0.23617451400252248
-0.3289154872955643
-0.4149554589321834
-0.49512037365918915
-0.5675901034117211
-0.6302605048470885
-0.6802434899092095
-0.6942764976160284
-0.6867159768851935
-0.6668674177646177
-0.6406895160802444
-0.6119322021438133
-0.5828954901801348
-0.554934509478994
-0.5287947576784242
-0.504833899632612
-0.47305207632709056
-0.38871450010120007
-0.2948068039089267
-0.20256959790790646
-0.11644849768767658
-0.039238794916189174
0.0
0.0
0.13161297294767796
0.24241216419133454
0.33450370660019757
0.42027281548378315
0.5001100904205177
0.5721172709557303
0.6341902127839075
0.681731133294525
0.6942745025188257
0.6858441180383474
0.6655247577987786
0.6391291950861225
0.6103113408049236
0.5813084300303599
0.5534349037900528
0.5274102085706711
0.5035756176635369
0.4672165861547272
0.3820546925869879
0.28826724004560045
0.19649562295740008
0.11104292531814486
0.034653475783332055
0.0
0.0
-0.1405951858846785
-0.2484002919902747
-0.3398837570456382
-0.4254039546371135
-0.5049364386808113
-0.5765082876256539
-0.6380152047974357
-0.683208160618741
-0.6943172986319837
-0.6850474971567527
-0.6642719065498631
-0.6376633602893121
-0.6087836659008063
-0.5798098212994846
-0.5520172103435347
-0.5261002579039358
-0.5023844800086421
-0.4616304966855266
-0.37568373834314506
-0.2820187879234144
-0.19070024143833847
-0.10589391886974674
-0.030295064548334125
0.0
0.0
0.14916232002463206
0.25411452446683236
0.34501926588922627
0.430302779871956
0.5095449670597433
0.5807017410988063
0.6416686775176562
0.6846181299894394
0.6943569033534114
0.6842851191215588
0.6630736987143037
0.6362617513846563
0.6073230727517303
0.5783770999926943
0.5506618956350623
0.5248479754097759
0.5012457990473915
0.4562763838549203
0.36957619440065337
0.27602798285163743
0.1851432262650886
0.10095612807377013
0.026114876411036436
0.0
-0.00034322987407509054
-0.15736313604200503
-0.2596290283371988
-0.34998166683004966
-0.43503049781566216
-0.5139838256187005
-0.5847312550560052
-0.6451689459151725
-0.6859555010493597
-0.6943740812029523
-0.6835305712146578
-0.6619006570096684
-0.634894359081542
-0.6059005217707039
-0.5769830318522909
-0.5493439417142402
-0.5236307048938108
-0.5001392645152108
-0.45111792010475776
-0.363692983506189
-0.27025659909013244
-0.1797887296973737
-0.0961970956085752
-0.022084647864045126
0.0
0.012127495060835047
0.16489545889415444
0.26620647515029344
0.35612529715538555
0.44069447232152664
0.5190210991351278
0.5889946888227358
0.6485355440299404
0.6868043451990602
0.6937163396866662
0.6820210473074638
0.6599580985395578
0.6327817909214128
0.6037788041931027
0.5749464976315304
0.5474440467006269
0.5218916693644192
0.4985683697738587
0.4458864150812558
0.3577604269574959
0.2643837998766142
0.17426781468491898
0.09120858407191215
0.017768484718045596
0.0
-0.024442004966706954
-0.17272645197760997
-0.2730165425789819
-0.36246447802107545
-0.446518338631903
-0.5241793171186636
-0.5933369886275927
-0.6519370156137062
-0.6876172766668217
-0.6929828786507236
-0.6804157873868913
-0.657912199160306
-0.6305658498051404
-0.6015581055233711
-0.5728177703604872
-0.5454598564233155
-0.5200765474766126
-0.4969294290260693
-0.4409172460244128
-0.3521306979906161
-0.25878683706981914
-0.16897599276341563
-0.08639408687251358
-0.01356685530292033
0.0
0.03624660548224934
0.18020526731680228
0.2795010203474021
0.3684854707992515
0.4520353269968372
0.529050176122277
0.5974198114421476
0.655114350841765
0.6883362493484905
0.6922354914375493
0.678843934516224
0.6559259240681447
0.6284222998728921
0.5994141652149545
0.570765076858881
0.5435480326462884
0.5183285627665594
0.495351707012091
0.4361280391879972
0.34670175944502424
0.2533864370831983
0.16386702247126378
0.08174298950065878
0.00950481643390795
0.0
-0.047566639175754405
-0.1873543494076062
-0.2856849282567219
-0.37421651248702126
-0.45727643676124996
-0.5336666880912161
-0.6012773282462002
-0.6581019865912727
-0.6889861844811173
-0.6914924788442588
-0.6773191423216451
-0.6540096303867151
-0.6263591311868828
-0.5973532500568738
-0.5687934101411886
-0.5417126114644044
-0.5166510202813479
-0.493837940831772
-0.4315381666021181
-0.3414979457750642
-0.24820870545881185
-0.15896736046568039
-0.07728107433757356
-0.005606580408986261
0.0
0.05842603771846899
0.19421268735341746
0.29161760196089703
0.3797150366830949
0.46230529202284415
0.5380967103235456
0.6049795949278601
0.6609701144731244
0.6896124060419426
0.6907827083270097
0.6758594359728698
0.652174242316543
0.6243826548824088
0.5953787078792252
0.5669042446265189
0.539953910316207
0.5150435482388267
0.49238737206078
0.42714240833360295
0.3365148713296385
0.24325117405107793
0.1542766102518901
0.07300993025268152
0.001875543177893041
0.0
-0.06882429530058129
-0.2007805419761204
-0.29729947163788617
-0.3849814480936219
-0.46712216891198327
-0.5423403156636796
-0.6085264227201566
-0.6637182405213191
-0.6902130793327722
-0.6901036404804626
-0.6744619728635473
-0.6504168614664241
-0.6224900636546034
-0.5934879043499037
-0.5650951593970298
-0.5382697362102782
-0.5135041803242434
-0.4909982506596314
-0.42240897755239293
-0.3311477106899974
-0.23794531654447182
-0.14929734926945898
-0.06852018666457127
0.0
0.0
0.07852945930082228
0.20712524567117732
0.30291534356631633
0.39027104504207744
0.4720329310352781
0.5467389082791175
0.6122803681964226
0.6667157938431105
0.6909590953067404
0.6895029286284127
0.673100402333457
0.6486690431443087
0.620591250203689
0.5915819257843429
0.5632663181566462
0.5365639737273877
0.5119430750349989
0.489588232330484
0.4173815852939013
0.3253884527555517
0.23219926211546577
0.14385415730912582
0.06356173643813559
0.0
0.0
-0.08730225217918514
-0.21298035077676952
-0.3081685888103668
-0.39526667520666114
-0.47671225646086196
-0.5509716410790676
-0.6159371854655514
-0.6696862886321061
-0.6917621340162621
-0.689005910002582
-0.671865356351816
-0.6470556844820912
-0.6188257935722693
-0.5898029700885166
-0.561555381116895
-0.5349657595631471
-0.5104788815010639
-0.48826477910209537
-0.4125757504056531
-0.3198658760798912
-0.22667526438557933
-0.1386080867648249
-0.05876996457909732
0.0
0.0
0.09576970210904187
0.21863578769468178
0.31324529785089655
0.40009640686179415
0.48123810602110706
0.5550676143900819
0.6194781942231365
0.6725654758272713
0.6925468890890029
0.6885340338327233
0.6706797409195264
0.6455038315789863
0.6171262703767407
0.5880897204318886
0.5599072138590009
0.5334259222291171
0.5090680085688226
0.4869894186256076
0.40798538855494804
0.3145914921216464
0.2213978764553799
0.13359410639171232
0.05418787878434003
0.0
0.0
-0.10388640439761121
-0.22406151664575993
-0.3181185927933118
-0.40473465269336073
-0.48558642905036586
-0.5590049437453769
-0.6228843104311759
-0.6753376176388497
-0.6933080085010961
-0.6880882417352678
-0.6695481329633194
-0.6440199891007332
-0.6155000335500183
-0.5864497114102667
-0.5583291355938137
-0.5319513428650023
-0.5077167879491364
-0.485767891592441
-0.40358767860759803
-0.3095390016785325
-0.21634316155294625
-0.12879235186503074
-0.049800408533554
0.0
0.0
0.11165601617291182
0.22925429653060253
0.3227820045810561
0.40917260161709035
0.4897464349944337
0.5627711625121478
0.6261417233974964
0.6779879281500207
0.6940336860267963
0.6876589713563567
0.6684626885442819
0.6425976513374743
0.6139416364849664
0.5848783473210765
0.5568172436303321
0.5305386900133766
0.5064223639271705
0.48041030581688743
0.3971292734276812
0.3030894013599951
0.21028298081833258
0.12333419080133215
0.04510207824725672
0.0
0.0
-0.12031427157925173
-0.23491877797714875
-0.32779763906808945
-0.41389769120016445
-0.49413367902666394
-0.5667012972812098
-0.6294962878072377
-0.679972522470372
-0.6943051492215733
-0.6869183835441544
-0.6671626613573245
-0.6410263793823033
-0.6122789985219127
-0.5832332908291762
-0.5552526437945733
-0.5290878331244634
-0.5050998361464755
-0.4742739907677001
-0.3901122173536547
-0.2961833819512601
-0.20385247226722306
-0.11759464640334578
-0.040215747374251154
0.0
0.0
0.12972964402158457
0.24116088053341717
0.33338200002462354
0.4192047101788483
0.4991069261500961
0.5712060857896315
0.6333980774636709
0.6814272690800989
0.6942687535033419
0.6860127135903734
0.6657879771680104
0.6394364440715153
0.610631193796111
0.581621996699974
0.5537314204032979
0.5276841165754983
0.5038246354995086
0.46837231120255157
0.3833724785081608
0.28955984856214123
0.19769477378106753
0.11210864932810981
0.03555593202424408
0.0
0.0
-0.1388180745531054
-0.24721368775306812
-0.3388165230922829
-0.424385311120145
-0.5039775989173717
-0.5756352201219538
-0.6372539103230755
-0.6829130268157407
-0.6943069950366524
-0.6852039740227677
-0.6645191068590208
-0.6379529958760745
-0.6090857259046546
-0.5801062492694136
-0.5522977016122711
-0.5263594745117097
-0.5026202123058156
-0.46273974625896064
-0.37694890644800083
-0.2832595407636045
-0.1918509059492769
-0.10691610822977309
-0.03116014802675686
0.0
0.0
0.14746367961344312
0.25298174183480987
0.344001343663764
0.4293318788897021
0.5086317069652291
0.5798708516512431
0.6409449118482751
0.6843391522792062
0.6943495848602904
0.6844367618669378
0.6633117047324972
0.6365400386307307
0.6076130106457213
0.5786614711815916
0.5509308826974587
0.5250965013609667
0.5014717719357209
0.45733825569454006
0.37078757425201336
0.2772163287732464
0.1862456541765278
0.10193584620624621
0.02694442142087712
0.0
0.0
-0.15574514123970593
-0.25850453247085414
-0.3489642472628236
-0.434065655555973
-0.5130845987509463
-0.5839223026415095
-0.6444742455078355
-0.6857003987134972
-0.6943865885071611
-0.6836988289036885
-0.6621526939287032
-0.6351845694956871
-0.6062006431949897
-0.5772761361257296
-0.5496204421892505
-0.5238857113969388
-0.5003708382612927
-0.45216505458673084
-0.36488632304372315
-0.271427638493306
-0.18087584818265134
-0.09716411385328522
-0.022904498057016318
0.0
0.009739309633027937
0.16337097289208535
0.26487655785126907
0.3548840659151858
0.4395510542864981
0.5180051448730589
0.5881358622537199
0.6478586110207201
0.686635808634227
0.693851897538788
0.6823284124973967
0.6603526849666685
0.6332104788634788
0.6042091167343742
0.5753593989369772
0.5478291627219862
0.5222441271629601
0.4988867169708693
0.44683924128959956
0.35884073573005515
0.26545957201012244
0.1752868704759462
0.09213773208664139
0.018581479568409817
0.0
-0.02212366301034252
-0.17124661386095075
-0.2717262755334299
-0.36126105760336297
-0.4454105524789852
-0.5231958353099195
-0.592506476309667
-0.651283373587549
-0.6874553387872093
-0.6931150053422235
-0.6807140103824169
-0.65829469821624
-0.6309812461206331
-0.6019749902623184
-0.5732177372565369
-0.5458328780448816
-0.5204179174686934
-0.4972377493468685
-0.4418488716843583
-0.35318550353683337
-0.25983498015924517
-0.169966509148899
-0.08729479355313276
-0.014352441850646352
0.0
0.034051712397458744
0.17881854898706184
0.2783012519070487
0.36737344174656744
0.4510182962524112
0.5281543126178926
0.5966712244739673
0.6545345837546314
0.6882106806146985
0.6923805321414171
0.6791408227283204
0.6562988239946635
0.628823680243769
0.5998150526028457
0.5711485718161585
0.543905007972577
0.5186548196810955
0.49564610407914356
0.43702351878233864
0.34771740016147246
0.2543972216009579
0.1648237206665809
0.0826143962676886
0.010266312948207429
0.0
-0.04544917235920429
-0.18601779455843614
-0.2845292513862812
-0.37314576742636263
-0.456297491325226
-0.5328046751513421
-0.6005573314782202
-0.6575446926263747
-0.6888654033238061
-0.6916317744959569
-0.6776043795486655
-0.6543679273720375
-0.6267448077330132
-0.597738460733881
-0.5691619130950757
-0.5420556343152901
-0.5169645271104429
-0.4941208340127666
-0.4323945659291672
-0.34246878938140574
-0.24917465429006783
-0.15988142213089118
-0.07811346812549103
-0.006333818608981745
0.0
0.056399185486645215
0.19293230687370896
0.29050983219335064
0.37868818066389576
0.46136600195501204
0.5372691148810824
0.6042877788758193
0.6604339569199099
0.6894949312700063
0.6909147565562757
0.6761315715770558
0.6525165778285704
0.6247513808254359
0.5957471135270536
0.5672567445809773
0.5402820813476804
0.5153435092152674
0.4926580600300867
0.42796284921334204
0.33744490218978956
0.2441763949664223
0.1551519970315962
0.07380696444812795
0.002571740939619427
0.0
-0.06688412666709947
-0.19955509535619512
-0.2962393517887475
-0.3839988598355981
-0.4662234698580941
-0.5415485926727488
-0.6078647191423237
-0.6632055724473104
-0.690101096607239
-0.6902304359280617
-0.6747228048251581
-0.6507448419218557
-0.6228432649976613
-0.5938407647673649
-0.5654327653361308
-0.5385840290139486
-0.5137914484305325
-0.49125747957011456
-0.4232966048274446
-0.33215420251673794
-0.23894008350471113
-0.15023060073877487
-0.06936138059353057
0.0
0.0
0.07700277592852597
0.20610117941111708
0.30199340993602475
0.3893921098226999
0.47120764975115054
0.5459903525986549
0.6116314475591275
0.6661861311625061
0.6908117539093604
0.689585149426724
0.6733131793666575
0.6489489865319346
0.6208984744910938
0.5918919738809562
0.5635647866390484
0.5368429450598414
0.5121987572550314
0.4898194046008076
0.41824339091579393
0.32637897435314434
0.23318899169040813
0.14479279129275435
0.06441768383228963
0.0
0.0
-0.08579767855923892
-0.2119774677094886
-0.30726964633585785
-0.3944124835628601
-0.4759128045101632
-0.5502491993589121
-0.6153138487668275
-0.6691808973625211
-0.6916277632145278
-0.6890939483082799
-0.6720795252752111
-0.6473343758121566
-0.6191302751577474
-0.5901095219688419
-0.5618500625025172
-0.5352409355074096
-0.5107309254272837
-0.4884925600555927
-0.413394910009937
-0.32080751037527944
-0.22761792673054132
-0.13950419927052882
-0.05958939065506902
0.0
0.0
0.0943182552947128
0.21766530238368095
0.3123734311965846
0.3992664159170951
0.480459807971516
0.5543626671728762
0.6188681086645844
0.6720686458211305
0.6924096535184651
0.6886126567969205
0.6708810706882032
0.6457682320513491
0.6174162230532354
0.588382224281399
0.5601887274293068
0.5336890062307013
0.5093091047848723
0.4872073872030203
0.40876908979235493
0.31549170264597776
0.22229834531279918
0.1344493848143246
0.054969243795160314
0.0
0.0
-0.10250135828714652
-0.2231355835861532
-0.31728690992358854
-0.40394308290428865
-0.4848443489621239
-0.558333022926155
-0.6223030712085649
-0.6748646013865964
-0.6931783287966228
-0.6881646035754222
-0.6697415649603563
-0.6442735369708493
-0.6157778710475544
-0.5867298796503212
-0.5585987111425899
-0.532203230391991
-0.5079475984702496
-0.48597654522655537
-0.4043394518364139
-0.310402777734908
-0.21720736282288333
-0.12961334321582296
-0.05055060242563869
0.0
0.0
0.11032827366096579
0.22836705069180735
0.3219852950703794
0.40841447366424694
0.48903584560551305
0.5621278980257303
0.6255854287174508
0.677535390210904
0.6939099237062908
0.687732494522795
0.6686482894466608
0.6428407866658076
0.6142079981440481
0.5851469083931946
0.5570756305539198
0.5307801107254827
0.5066435757547215
0.4814159120430706
0.3982810636464908
0.30422598408953816
0.21134460726507676
0.12428522644654735
0.045915490156580044
0.0
0.0
-0.11880866887038355
-0.2339359979282713
-0.326928760816398
-0.41308004935398035
-0.4933752939295559
-0.5660227280279193
-0.6289179563336571
-0.6797781419095332
-0.6943432895643715
-0.6870906887733839
-0.6674059671904494
-0.6413007685192231
-0.6125598330384068
-0.583505907174638
-0.5555088290974125
-0.5293234921254898
-0.5053134530031994
-0.475247563074592
-0.3912264961640563
-0.29728186935440987
-0.20487733781111278
-0.1185114861760007
-0.040998523751172744
0.0
0.0
0.1282263532928276
0.24016327156015488
0.3324883636023289
0.4183542009790847
0.4983084808641103
0.5704811873594857
0.6327682383818315
0.6811858380939627
0.6942644539005048
0.686147082165104
0.6659975948992521
0.6396810636202932
0.610885817305582
0.5818715985860858
0.5539674399808938
0.5279021339162768
0.5040228374607795
0.4692902364643356
0.3844188625754152
0.2905860367881139
0.19864657390872154
0.1129543534509682
0.036271877578644196
0.0
0.0
-0.13740552456077204
-0.24627028814291474
-0.33796789458529586
-0.42357522449916096
-0.5032149836310617
-0.5749407323315155
-0.6366482325008109
-0.6826780284291233
-0.6942985000382818
-0.6853281194563969
-0.6647154174331033
-0.6381830749743541
-0.6093257091128721
-0.580341777194284
-0.5525205784602059
-0.5265654537185354
-0.5028075348440757
-0.46362240263336124
-0.37795558897889536
-0.28424669697391836
-0.19276627449614644
-0.10772915341513631
-0.031848102000120906
0.0
0.0
0.14611246273432565
0.2520808306768026
0.3431918977343765
0.42855990972864905
0.5079056488184321
0.5792103638815643
0.6403696715952689
0.6841176113570364
0.6943440567600083
0.6845576211202502
0.6635012175388342
0.6367615592322969
0.6078437722540345
0.5788877837092238
0.5511449409607941
0.525294269981384
0.5016515892768694
0.45818357490348816
0.3717519274739912
0.278162348377902
0.1871232764015864
0.10271578049705479
0.027604803843181397
0.0
0.0
-0.15444803682217895
-0.2576394500224372
-0.3481868187530873
-0.4333240793206613
-0.5123869834262806
-0.5832875330232792
-0.6439212263192576
-0.6854869479344236
-0.6943805529124785
-0.6838141812953967
-0.6623340152024174
-0.6353966802221477
-0.6064216849041919
-0.5774929624159268
-0.5498255554197005
-0.5240752327026637
-0.5005431676406005
-0.45297443135207616
-0.3658095666532524
-0.2723332429168881
-0.18171589411128575
-0.0979105719220859
-0.023536450391111963
0.0
0.00788961811055583
0.16218820862562025
0.26384342868679733
0.35391885226504904
0.4386609894917961
0.517213344574288
0.5874654579724413
0.647328945879109
0.6865017721416633
0.6939546270676173
0.6825650302561561
0.6606573977606668
0.633541958078846
0.6045420844266317
0.5756790292782024
0.548127366488983
0.5225170944498823
0.4991332995491858
0.44757489915398607
0.3596748051014434
0.26629028420777184
0.17607396560651348
0.09285557832535704
0.01920979722368374
0.0
-0.02032835498191321
-0.17009973209409587
-0.2707257433768214
-0.36032745687724893
-0.44455075892605284
-0.5224321141576014
-0.591861090943102
-0.6507749000466947
-0.6873284032889343
-0.6932163039754076
-0.6809442756733574
-0.6585904553828968
-0.6313026315702641
-0.6022976301833554
-0.5735273438189108
-0.5461216632458017
-0.5206822214926186
-0.4974764793917411
-0.4425700466770681
-0.35400194529099654
-0.2606461798166426
-0.17073302594861
-0.08799172837008949
-0.014960217159508404
0.0
0.03235326174127223
0.17774557128808208
0.27737299474833194
0.3665131248950753
0.45023153199643867
0.5274613459530788
0.5960922532275877
0.6540862715448539
0.688113793854667
0.692493011679132
0.6793707730569768
0.656587566051207
0.6291344370083193
0.6001254070015846
0.5714454494455838
0.5441813483898679
0.5189073758420286
0.49587399450483066
0.43771693818987767
0.3485039028520473
0.25517998780725976
0.16556462270826922
0.08328926524019077
0.01085608018234624
0.0
-0.04380933234421722
-0.1849827961954021
-0.28363436962776933
-0.3723166868853955
-0.45553952433565476
-0.5321372797881092
-0.5999999276071497
-0.6571132947765541
-0.6887719843487434
-0.6917397210600222
-0.6778253178675149
-0.6546454261740766
-0.627043497908348
-0.5980367825570729
-0.5694472914028266
-0.5423212774688928
-0.5172073108261359
-0.49433990904485087
-0.43305771485463296
-0.3432205537920729
-0.24992262774664703
-0.16058921721884156
-0.07875802471105176
-0.006896949375216899
0.0
0.05482951574880246
0.1919407281778046
0.28965192699003667
0.37789293573562466
0.4606385691100957
0.5366281803836139
0.6037519950582553
0.6600187191721776
0.6894039365489406
0.6910170022042155
0.6763423071195162
0.6527816800862858
0.6250369222151977
0.5960324082706338
0.5675297227074615
0.5405362195030504
0.5155758015995442
0.492867683342316
0.4285982316337238
0.3381651520774892
0.24489291434745294
0.15582991744773536
0.074424200715792
0.003110881520395084
0.0
-0.06538153668533225
-0.1986060399624702
-0.29541834044278004
-0.3832378972174349
-0.4655274790629702
-0.5409354530339473
-0.6073522762645329
-0.6628085529379621
-0.6900143861895869
-0.6903286456644467
-0.6749248176494151
-0.650998856535595
-0.6231168106996052
-0.5941140453415373
-0.5656942311045202
-0.5388274390629759
-0.5140139284440272
-0.49145824396228255
-0.4239840743290129
-0.33293373337692317
-0.23971053210572413
-0.15095340378738475
-0.07001288321468992
0.0
0.0
0.07582032686986878
0.20530802550249724
0.30127936364292135
0.38871136929244565
0.47056846727442864
0.5454105971042544
0.6111288623211504
0.6657759139652206
0.690697645327707
0.689648836909417
0.6734779824183338
0.6491658094790256
0.6211364259446979
0.5921321117870101
0.5637959555493414
0.5370590128697708
0.5123967871291247
0.48999845104574474
0.418910888515745
0.3271461661060197
0.23395556831476608
0.14551979090955297
0.06508063830699738
0.0
0.0
-0.08463230780508946
-0.21120068574012726
-0.30657337337925916
-0.3937508735320079
-0.4752935939940154
-0.549689637779952
-0.6148310494259613
-0.6687894528744621
-0.6915236897770136
-0.6891621400309512
-0.6722454103379302
-0.6475502360227875
-0.6193661108191052
-0.590346960971873
-0.5620783071262895
-0.5354540721764137
-0.5109261452194925
-0.4886689870139523
-0.4140294001100185
-0.3215368640828309
-0.22834807526206774
-0.14019829054409771
-0.060224082151267566
0.0
0.0
0.0931940024178855
0.21691359232829843
0.31169810987796737
0.3986235313354275
0.4798569640393414
0.5538166393635269
0.6183955585010128
0.6716838205296696
0.6923033581101086
0.6886735581110537
0.6710370164322006
0.6459730300573099
0.6176408127319286
0.5886087898040102
0.5604067800491347
0.5338927837368578
0.5094958511177153
0.48737621948711374
0.4093761319118151
0.3161889906479225
0.2229958325525045
0.1351118673699431
0.05557447339593424
0.0
0.0
-0.10142851252156082
-0.22241836504208623
-0.31664269777146226
-0.403329942677944
-0.48426954355226404
-0.5578125626692814
-0.6218528523889059
-0.6744982112642723
-0.6930778825254693
-0.6882237542209217
-0.6698913964443065
-0.6444699332544729
-0.6159930815994191
-0.5869468954179593
-0.5588075218168205
-0.5323983400362378
-0.5081263820348312
-0.486138166261857
-0.4049217740848401
-0.31107185694718775
-0.2178767707967036
-0.1302492802219675
-0.051131699259340094
0.0
0.0
0.10929979813442597
0.22767978718152537
0.32136816204058505
0.40782722651560593
0.4884854223664108
0.5616296251877373
0.6251545232158388
0.6771848551843358
0.6938140585138224
0.6877894467616528
0.668792057103222
0.6430291204396276
0.6144143229559976
0.5853549367794352
0.5572757779497336
0.5309671160006658
0.5068149271397152
0.48219486515094107
0.3991732522145497
0.3051063922364108
0.21216695291768858
0.1250219067811404
0.04654556525451492
0.0
0.0
-0.11764240706328144
-0.23317472316263713
-0.3262557165343095
-0.4124466938766289
-0.49278783984464514
-0.5654971006320536
-0.6284699746779607
-0.6796275732889527
-0.6943728344174434
-0.687224159314671
-0.6675944355905593
-0.6415133143504809
-0.6127773714673213
-0.5837170796409503
-0.5557072738163359
-0.5295060368652641
-0.5054789235795869
-0.4760017096823468
-0.3920896364205485
-0.298132776970258
-0.20567121626473472
-0.11922168561039893
-0.04160487500209588
0.0
0.0
0.12706187338032862
0.23939050403666437
0.3317961358138897
0.4176953807486849
0.49768999066027986
0.5699196682420897
0.6322803542997963
0.6809988221239108
0.6942611242559069
0.6862511673994072
0.6661599694528366
0.639870551155385
0.611083054020377
0.5820649453886628
0.5541502656111588
0.5280710146216869
0.5041763687533102
0.4700012830583278
0.3852294163266306
0.2913809461590825
0.1993838602836488
0.11360945515392291
0.03682646505701649
0.0
0.0
-0.1363113276488866
-0.24553950765042382
-0.33731052652922566
-0.4229477122059812
-0.50262424401994
-0.5744027661350568
-0.6361790608318924
-0.6824959938265932
-0.6942919202922304
-0.6854242860823607
-0.6648674848309495
-0.6383613002140047
-0.6095116062552448
-0.5805242231164386
-0.5526932245104078
-0.5267250104120417
-0.5029526396010154
-0.4643061325045833
-0.37873539286963626
-0.2850113751001309
-0.19347534377739956
-0.10835896007310862
-0.032381009451874165
0.0
0.0
0.14506577130644235
0.2513829594520823
0.34256487833210425
0.42796192106833014
0.5073432242709919
0.5786987321199581
0.6399240750622552
0.6839460000923735
0.694339774972688
0.6846512424372903
0.6636480197592937
0.6369331555389471
0.6080225268646029
0.5790630919058962
0.5513107566353599
0.5254474672209246
0.5017908809348016
0.4588383847379868
0.3724989446177175
0.278895163643797
0.18780310887918306
0.1033199408458205
0.02811635561263498
0.0
0.0
-0.15344325931094382
-0.25696933050589427
-0.34758459886747894
-0.4327496318355718
-0.5118465895175704
-0.5827958214185289
-0.6434928411820613
-0.6853216027968296
-0.6943758778605229
-0.6839035370423375
-0.6624744724240441
-0.6355609878635349
-0.6065929107313534
-0.5776609228282883
-0.5499844425188913
-0.5242220418040642
-0.5006766593362983
-0.4536014007375433
-0.36652474094856713
-0.27303475325816906
-0.18236662064992076
-0.09848880221295653
-0.024025980782585
0.0
0.006456785715428515
0.1612720004601243
0.2630431329660668
0.3531711662474082
0.4379715163407779
0.5165999904114176
0.5869461412209303
0.6469186503420817
0.6863979434165252
0.6940342049862284
0.6827483223301893
0.6608934384396411
0.6337987328741362
0.6048000122212516
0.5759266255051936
0.5483583649747941
0.5227285439194496
0.4993243105492318
0.44814476449255447
0.36032090329061517
0.26693378176772353
0.17668367586529027
0.09341164601296092
0.01969651301527643
0.0
-0.01893764771565104
-0.16921131823988927
-0.26995069703769603
-0.3596042579799046
-0.44388473364370673
-0.5218405098882508
-0.5913611536574046
-0.6503810193708476
-0.6872300749342192
-0.6932947735193681
-0.6811226471562687
-0.6588195590815512
-0.6315515877917699
-0.6025475581460888
-0.5737671756854447
-0.5463453661658496
-0.5208869604499964
-0.4976614078660716
-0.4431286938851694
-0.354634389438737
-0.26127456322641024
-0.17132679643335103
-0.08853159820418388
-0.015431020915097363
0.0
0.03103758189177941
0.17691440497397443
0.2766539341243398
0.36584669326688957
0.44962207683228606
0.5269245497337998
0.5956437618956392
0.6537389933194321
0.688038742092827
0.692580142380529
0.679548900740311
0.6568112358575038
0.6293751601693575
0.6003658184669208
0.5716754213247759
0.5443954114172395
0.5191030147441027
0.49605052645790904
0.43825408550776224
0.34911315578310387
0.2557863463036747
0.1661385517121543
0.08381204266080408
0.011312934753700155
0.0
-0.042539053317080994
-0.18418104932218357
-0.28294116214742504
-0.37167445141754984
-0.4549523759993318
-0.5316202915024771
-0.5995681426931453
-0.6567791186587894
-0.6886996187505482
-0.691823340404112
-0.6779964646592178
-0.6548603867320729
-0.6272748740553852
-0.5982678733591698
-0.5696683556892553
-0.5425270541939505
-0.5173953798084172
-0.4945096124287732
-0.43357141397029725
-0.34380289766010397
-0.2505020349899856
-0.16113750083038933
-0.07925732147925633
-0.007333170749297846
0.0
0.05361359240723493
0.19117261525806584
0.28898736245034756
0.37727691014433956
0.46007507324139674
0.5361316892944158
0.6033369575207288
0.6596970610121438
0.6893334487971892
0.6910962054483089
0.6765055505667683
0.652987037958433
0.6252581129756055
0.5962534079653418
0.5677411814994932
0.5407330841661259
0.5157557437323513
0.49303006518644665
0.429090422079865
0.3387230839632983
0.24544795643654088
0.15635505935704413
0.07490233445566336
0.003528519478102579
0.0
-0.0642175752484177
-0.19787086679948876
-0.29478235492328386
-0.38264842766198087
-0.46498833907923154
-0.5404604926081554
-0.6069553192554696
-0.6625010071144377
-0.689947217162444
-0.6904047225648822
-0.6750813042238043
-0.6511956255990659
-0.6233287092566584
-0.5943257385177418
-0.5658967720961243
-0.5390159934297982
-0.5141862696356592
-0.49161376343542723
-0.4245166135602909
-0.3335375867302451
-0.24030734999810888
-0.15151331366883933
-0.07051756114715589
0.0
0.0
0.07490435807759341
0.20469361916409548
0.3007262370038071
0.38818404253878624
0.47007333293360715
0.5449614971075956
0.6107395412631941
0.6654581446098827
0.6906092526351869
0.68969817160953
0.6736056449685396
0.6493337685582102
0.6213207519427609
0.5923181314897806
0.5639750275350096
0.5372263869839295
0.5125501883907844
0.4901371470410475
0.41942795691103646
0.3277404612861604
0.2345493869857233
0.14608295175456526
0.06559418740238564
0.0
0.0
-0.08372956829077746
-0.2105989615619091
-0.30603401448343276
-0.39323836583255056
-0.47481393053895593
-0.54925618061201
-0.6144570551430245
-0.6684862254571776
-0.6914430706430984
-0.6892149638842373
-0.6723739110780016
-0.6477174493664986
-0.6195487978873435
-0.5905308900469903
-0.5622551138928858
-0.535619175759459
-0.5110773697238009
-0.4888056538907609
-0.4145208997706981
-0.3221018486242444
-0.2289136754978609
-0.1407359594789481
-0.06071573780089548
0.0
0.0
0.09232311419646033
0.21633128968628512
0.3111749808069741
0.39812552897492803
0.47938997866268646
0.5533936658773259
0.6180295035416534
0.6713857205293015
0.6922210177369286
0.6887207345494071
0.6711578178271198
0.6461316742340136
0.6178147882749884
0.5887842959085181
0.5605756917410694
0.5340506373929936
0.5096405117916164
0.4875070032706365
0.4098463694154503
0.316729135982136
0.22353613221993285
0.1356250510973685
0.05604330684201915
0.0
0.0
-0.10059744606079626
-0.22186278073760746
-0.31614366695301666
-0.40285498133822556
-0.48382427779738735
-0.5574093947041565
-0.6215040960692834
-0.6742143917894536
-0.69300007309748
-0.6882695745292083
-0.670007461518758
-0.6446220691625214
-0.6161597917422116
-0.5871150039477496
-0.5589692743740132
-0.5325494792629932
-0.5082648744696032
-0.4862633639595603
-0.405372862701065
-0.31159015075484575
-0.2183953192727116
-0.130741900830453
-0.05158183861445399
0.0
0.0
0.10850310244834255
0.22714740711593062
0.3208901076760874
0.4073723228765158
0.48805904390904786
0.561243644386422
0.6248207276784753
0.6769133176290093
0.6937397977504295
0.6878335641039871
0.6689034249193613
0.6431750108389804
0.6145741498869083
0.58551608336239
0.5574308196219426
0.5311119772936519
0.5069476623427344
0.4827982714458047
0.3998643749433782
0.30578838940679814
0.21280397269971113
0.1255925669923722
0.04703364504887177
0.0
0.0
-0.11673897689576912
-0.2325850111615479
-0.32573435117933325
-0.41195607296084946
-0.49233277587128854
-0.5650899299332353
-0.6281229512840586
-0.6795109371903881
-0.6943957209728947
-0.687327550607035
-0.6677404302874728
-0.6416779603285829
-0.6129458848985717
-0.5838806617584393
-0.5558609965429088
-0.5296474428712081
-0.5056071032977634
-0.47658589996328526
-0.39275825727396513
-0.2987919219594517
-0.20628618432189683
-0.11977183275572076
-0.04207457744379259
0.0
0.0
0.1261598234964836
0.2387918892878901
0.33125991017133594
0.41718503385694117
0.4972108849231825
0.5694846944494338
0.6319024209720984
0.6808539525344574
0.6942585449920715
0.6863317957343231
0.6662857508831336
0.6400173353190253
0.6112358409893075
0.5822147190852086
0.5542918892122459
0.5282018359600467
0.5042952998598003
0.47055208647259894
0.3858573017242708
0.2919967128309522
0.1999549900162555
0.11411692155008896
0.03725606935655085
0.0
0.0
-0.13546372158882083
-0.2449734176130015
-0.3368013045262057
-0.4224616176002642
-0.5021666349168802
-0.5739860373033924
-0.6358156228276821
-0.6823549829852724
-0.6942868233766003
-0.6854987803677342
-0.6649852819548663
-0.6384993601850104
-0.6096556091701876
-0.5806655525862697
-0.5528269626309141
-0.5268486090247342
-0.5030650432003364
-0.46483577537342224
-0.37933945828650106
-0.2856037235304061
-0.1940246155046421
-0.10884683199121971
-0.032793819600597476
0.0
0.0
0.1442549647597832
0.25084236215605016
0.3420791655234985
0.42749869656499484
0.5069075490676034
0.5783024029191972
0.6395788992334076
0.6838130635554006
0.6943364581410809
0.6847237650317654
0.6637617382812364
0.6370660804922614
0.6081609969091636
0.5791988922285101
0.5514392036932587
0.5255661395644262
0.5018987814917726
0.4593456250690666
0.37307761219910274
0.27946282991590865
0.18832973268985104
0.1037879461783584
0.028512622855431005
0.0
0.0
-0.15266492084691755
-0.2564502307171002
-0.34711809668814975
-0.43230464320307593
-0.5114279800669385
-0.5824149231124341
-0.6431609979404916
-0.685193520234403
-0.6943722563907129
-0.6839727553666606
-0.66258327587297
-0.6356882667447412
-0.6067255486994133
-0.5777910312831002
-0.5501075224438944
-0.5243357656575253
-0.5007800670262313
-0.45408707481662264
-0.3670787418698883
-0.27357816956620973
-0.18287069791309435
-0.09893672115425411
-0.02440518944374445
0.0
0.005346859817240646
0.1605622711345824
0.2624231937831989
0.3525919805209332
0.437437424491948
0.5161248631957792
0.586543858923378
0.646600819980344
0.6863175137800913
0.6940958490378598
0.6828903072694479
0.661076284433199
0.6339976402943464
0.6049998127980311
0.5761184228608002
0.5485373050953967
0.5228923406363307
0.4994722748584194
0.44858620363235646
0.360821395265678
0.2674322591972966
0.17715598037945984
0.09384239697229294
0.02007354138551394
0.0
-0.017860353518472427
-0.16852311942759735
-0.26935031697028944
-0.35904404089277775
-0.4433688053910632
-0.521382230953751
-0.5909738834190367
-0.6500759045746614
-0.6871539060904471
-0.6933555589824736
-0.6812608204214982
-0.6589970314305714
-0.6317444386521658
-0.6027411617537511
-0.573952958476917
-0.5465186548682306
-0.5210455589530467
-0.4978046604232492
-0.443561443042293
-0.35512430448330157
-0.26176133267035895
-0.17178675340247085
-0.08894980170014996
-0.015795723226617944
0.0
0.030018406748755
0.17627055225643895
0.276096922695043
0.3653304502392272
0.4491499699187799
0.5265087271744769
0.5952963436265185
0.6534699785330271
0.6879806041732399
0.6926476371023994
0.6796868851499928
0.6569844989100542
0.6295616333924344
0.6005520502387339
0.5718535662001202
0.5445612326970314
0.5192545640028209
0.4961872747546149
0.4386701800429586
0.3495851060409011
0.25625605442333627
0.16658313872588393
0.08421700573226285
0.011666831504151279
0.0
-0.04155504735573243
-0.18355998600812293
-0.2824041775338179
-0.37117695164406056
-0.4544975487920688
-0.531219812912112
-0.5992336658424445
-0.656520253256708
-0.6886435616339925
-0.6918881150966097
-0.6781290414079896
-0.6550269032737611
-0.627454106730358
-0.5984468849951818
-0.5698396004087112
-0.542686456592774
-0.517541065122975
-0.49464107105936544
-0.4339693446469465
-0.34425400314651244
-0.25095086565627484
-0.1615622219595666
-0.07964409555507743
-0.00767108424987871
0.0
0.05267169240328948
0.19057760606863317
0.2884725657351498
0.3767997135263041
0.4596385681244531
0.5357470886026682
0.6030154538171285
0.6594478924904023
0.6892788463308984
0.6911575592636298
0.6766320050877636
0.6531461158986464
0.6254294556671929
0.596424602650224
0.5679049854419045
0.5408855829467247
0.5158951336838128
0.49315585227709613
0.4294716913324226
0.3391552790104453
0.2458779129382922
0.1567618540536285
0.07527271485410919
0.0038520375657341704
0.0
-0.06331592689012078
-0.197301373984456
-0.2942896965919044
-0.3821918023479708
-0.46457070094668435
-0.5400925703779199
-0.6066478214090875
-0.6622627705391803
-0.6898951855049685
-0.6904636545967768
-0.6752025246169304
-0.6513480503250444
-0.6234928538580478
-0.5944897240233783
-0.5660536679749338
-0.5391620547423785
-0.5143197716122248
-0.4917342346754266
-0.42492913850209674
-0.3340053542763778
-0.24076966761123814
-0.15194704094685868
-0.07090850367764319
-6.112773273533878e-05
0.0
0.07414346686334083
0.20418851161419535
0.3002745821404141
0.38775552008823744
0.469672770212052
0.5445999677478655
0.6104280429812661
0.6652060416637583
0.6905420038008064
0.6897417468600082
0.6737120822738883
0.6494723759785751
0.621472232793693
0.592470667241191
0.5641216711562389
0.5373633328066274
0.5126756276773715
0.4902505144343181
0.41984307203968896
0.328217007016778
0.23502532964609008
0.14653417999767882
0.06600555466481296
0.0
0.0
-0.0830048041778979
-0.21011564708765904
-0.3056006457126572
-0.3928264546011767
-0.4744283004239227
-0.5489075712526811
-0.6141561235216171
-0.6682420628926475
-0.6913777327975853
-0.6892568474227053
-0.67247662487374
-0.6478513055771981
-0.6196951300700569
-0.5906782646908976
-0.5623968093493235
-0.5357515088976065
-0.5111985890541725
-0.48891521073262906
-0.4149163094955316
-0.32255631425131187
-0.22936848759219441
-0.14116814625428706
-0.061110766838701744
0.0
0.0
0.09162401888357272
0.2158640474259518
0.3107553467014196
0.39772614961912245
0.4790155709134256
0.5530546501421229
0.6177362278584172
0.6711470301369876
0.6921554205796522
0.6887590226534364
0.6712551412979798
0.6462593218910128
0.6179546989566607
0.5889253986741816
0.5607114702991153
0.5341775133953143
0.5097567753252945
0.4876121085451904
0.41022444642446554
0.31716347113181387
0.22397063881013612
0.13603779676930627
0.05642042700069799
0.0
0.0
-0.09992914503241784
-0.22141602543178593
-0.3157423937043618
-0.40247306377327563
-0.4834662375744382
-0.5570852030500706
-0.6212236535166984
-0.6739861608580072
-0.692937471040453
-0.688306370755942
-0.6701007363708674
-0.6447443478048268
-0.6162937913759199
-0.5872501313227323
-0.5590992949152341
-0.5326709698702051
-0.5083761999961128
-0.4863640031898089
-0.4057353562820721
-0.31200663763281017
-0.2188120030807177
-0.13113774358590458
-0.05194353979590584
0.0
0.0
0.10786279692505041
0.2267195052199013
0.32050585356279926
0.4070066650559867
0.48771630395989807
0.560933366151844
0.6245523868655719
0.6766950117587356
0.693680066662357
0.6878689892151447
0.6689929097794599
0.643292248571763
0.6147025931540728
0.585645590415568
0.5575554222918836
0.5312283994231982
0.5070543396924961
0.48328327314778385
0.40041987908436505
0.3063365544648168
0.21331598175626226
0.12605123403181773
0.04742593280393008
0.0
0.0
-0.11601286461815513
-0.2321110477475014
-0.3253153226214495
-0.4115617567961971
-0.4919670397849156
-0.5647626887216659
-0.6278440535499172
-0.6793502741077216
-0.6943761098787954
-0.6873911506142739
-0.6678499119775844
-0.641809565702714
-0.6130847953415406
-0.5840179115160429
-0.555991420470601
-0.529768315759984
-0.5057172411365577
-0.4770985550433091
-0.39334435802189177
-0.29936852335541225
-0.20682283809839053
-0.12025056389062695
-0.0424818645842948
0.0
0.0
0.1253711548119965
0.23826810889101985
0.3307907155714685
0.41673867565197137
0.49679215268827914
0.5691049302307029
0.6315729603237875
0.6807299644041312
0.6942598429724757
0.6864062054228965
0.6663996829958987
0.6401494874240403
0.6113729950799827
0.5823489424276403
0.5544186741350933
0.528318867355815
0.5044016418562017
0.47104514979425155
0.38642027314312594
0.2925498156856512
0.2004690193294848
0.11457469818620514
0.03764471291310889
0.0
0.0
-0.134704643766701
-0.24446771971944814
-0.3363471716955748
-0.42202864425163333
-0.5017595137754289
-0.5736157736943244
-0.6354932345169249
-0.6822307165978236
-0.6942835622248947
-0.6855663254161755
-0.6650912959021266
-0.6386233167074313
-0.6097847553448789
-0.5807922192811001
-0.5529467768638596
-0.5269593093459999
-0.5031656977834738
-0.46530689599924896
-0.3798767665143115
-0.28613073289723473
-0.19451345315503255
-0.10928119385519036
-0.03316153874614103
0.0
0.0
0.1435319671903926
0.250360050683569
0.3416456523596595
0.4270851256940787
0.5065184499840258
0.5779483106042527
0.6392703599355485
0.6836938941794042
0.6943329653594947
0.6847879764066624
0.6638627491981909
0.637184272542654
0.6082841798806672
0.5793197340911584
0.5515535224288626
0.5256717711944503
0.5019948329025903
0.4597972962967266
0.3735928270322442
0.27996817793619666
0.18879846895259522
0.10420443014976227
0.0288651841670578
0.0
0.0
-0.15197232549412662
-0.2559883378419484
-0.34670302220679117
-0.4319087261865697
-0.5110555497548969
-0.5820760624497173
-0.6428658000533751
-0.6850796472597385
-0.6943691357451724
-0.684034447228872
-0.6626801860535873
-0.6358016095889346
-0.6068436522577829
-0.5779068760133915
-0.5502171053100956
-0.5244370160594733
-0.5008721312519058
-0.4545196630377573
-0.36757220710619526
-0.2740622193625031
-0.1833197176355964
-0.09933572731615418
-0.024742999512199132
0.0
0.00435828389402193
0.15993017250880237
0.2618710856772143
0.35207618227856097
0.4369617990997424
0.5157017623226938
0.5861856426862947
0.6463178237252144
0.6862459304063817
0.6941507850108445
0.6830167866060547
0.6612391486424658
0.634174804396318
0.6051777690356581
0.5762892489061779
0.5486966785305645
0.5230382258139022
0.49960405845931155
0.449075119571515
0.36137592773124977
0.26797825381773843
0.17766565710393206
0.09429903004435294
0.020464403766986397
0.0
-0.016746073837587555
-0.16781740323954056
-0.26873834477562025
-0.35847561739021055
-0.44284773166317815
-0.5209219189832511
-0.5905877354222955
-0.6497750227531108
-0.6870849714311235
-0.6934250226780215
-0.6814081449719477
-0.6591835408727976
-0.6319458743349878
-0.6029427197719476
-0.5741459881301955
-0.546698468024524
-0.5212099816470989
-0.49795307971907304
-0.4440129387699383
-0.35563615497695
-0.2622704779890169
-0.1722683956938772
-0.08938824609378881
-0.01617860188009794
0.0
0.028937326725761825
0.17558382502743367
0.2755002873453439
0.3647755269499102
0.44864059787759947
0.5260580425327673
0.5949174716834792
0.6531738139215417
0.687910929467214
0.6927132052886188
0.6798286376093382
0.6571646948799733
0.6297565920111453
0.6007473120099408
0.57204067384348
0.5447355950702784
0.5194140436770635
0.4963312584665378
0.43910630141874174
0.3500792210079525
0.25674734348897643
0.16704769892811178
0.08463972031580055
0.012035797074557028
0.0
-0.04052471278255093
-0.18290892485964125
-0.2818407938167105
-0.3706546741001764
-0.45401978389097736
-0.5307988463979519
-0.5988817585962377
-0.6562475258147369
-0.6885839909782604
-0.6919555696853523
-0.6782678006770524
-0.655201384080651
-0.6276420044009114
-0.598634601146838
-0.5700192013308607
-0.5428536552482132
-0.5176938870453566
-0.4947789765676198
-0.4343881168524387
-0.34472884131849163
-0.2514233384271714
-0.16200932689269648
-0.08005125796338249
-0.008026809770681528
0.0
0.05168130363703183
0.18995225662038293
0.28793171026053765
0.376298506627639
0.45918023909425754
0.5353434080287415
0.6026781696922985
0.6591866966350215
0.6892220075311707
0.6912224901065251
0.6767652790193205
0.6533136158395686
0.6256097969334385
0.5966047486897652
0.5680773312380301
0.5410460199800607
0.5160417706862575
0.4932881735493959
0.42987258458162
0.3396097502281334
0.24633007689247238
0.15718970920501912
0.07566232080290643
0.004192401080077152
0.0
-0.062367370859911536
-0.19670222123522985
-0.29377135613503014
-0.38171135301635817
-0.4641312519649112
-0.5397054101094755
-0.6063242173417599
-0.6620120216098246
-0.6898403375326313
-0.6905255529634914
-0.6753299618486714
-0.6515083249320732
-0.6236654671090114
-0.5946621782103588
-0.5662186712232371
-0.5393156665039
-0.5144601766436406
-0.4918609363617872
-0.42536291203905896
-0.3344971998266031
-0.24125576983929026
-0.15240306993654185
-0.07131953624887648
-0.0004156564690262349
0.0
0.0730995609943256
0.2035188801919986
0.29968956036052075
0.3872097604713748
0.46917075861032354
0.5441550168607527
0.610053383196974
0.664912682388628
0.6904770851683499
0.6898130074245246
0.6738598310386842
0.6496584899050363
0.6216728111137043
0.5926711347587151
0.5643135206843629
0.5375419638490749
0.5128389175330396
0.4903978780030653
0.4203488382041561
0.3287950138202741
0.2356015912663812
0.1470798642503342
0.06650252837966747
0.0
0.0
-0.08212169537184913
-0.2095257364597537
-0.30507102733339136
-0.39232252671801005
-0.4739559952147724
-0.5484800289132391
-0.6137863926567422
-0.6679412934865051
-0.6912953274160388
-0.6893054825944689
-0.6725997126279747
-0.6480126218954152
-0.6198718890400627
-0.5908565004534942
-0.5625683028329225
-0.5359117478349705
-0.5113454184752078
-0.48904794427416415
-0.4154018191384469
-0.32311405227348894
-0.2299259718975708
-0.1416971438578511
-0.06159349987351151
0.0
0.0
0.09077261769964551
0.21529590143637903
0.3102456720932816
0.397241529763275
0.4785616976161008
0.552644163140032
0.6173816718377029
0.6708591126558228
0.6920778238817146
0.6888075640853489
0.6713752762966297
0.6464161417726949
0.6181262518284153
0.5890982360229436
0.5608776833889026
0.5343327661593629
0.5098990031411789
0.48774066140453576
0.4106876313809479
0.31769581277008047
0.22450340672700558
0.136544090850385
0.05688322527113722
0.0
0.0
-0.09910988735578177
-0.22086843416047444
-0.3152505790084915
-0.4020049777797098
-0.4830274116021789
-0.5566878515771883
-0.620879905966861
-0.6737063853439478
-0.6928605826125209
-0.6883512489592334
-0.670214811483453
-0.6448939667076365
-0.6164577841123672
-0.5874155213546023
-0.5592584443262713
-0.532819684383805
-0.508512475377029
-0.4864871997009852
-0.4061785940960807
-0.31251583787696696
-0.21932140875551281
-0.13162164077130828
-0.052385673259908935
0.0
0.0
0.10707948624026695
0.22619591169572723
0.3200355927113774
0.4065591081719297
0.4872967474894102
0.5605534942156052
0.6242238005553926
0.6764276265123997
0.6936067778525822
0.6879121797135387
0.6691022813992261
0.6434356034439673
0.6148596777711536
0.5858039909266611
0.5577078328632734
0.5313708090187553
0.5071848325754232
0.4838767923171838
0.40109966779139944
0.3070073427987447
0.21394250426400552
0.12661246123616504
0.04790591318281448
0.0
0.0
-0.11512447236541432
-0.23153117916838195
-0.324802678869323
-0.41107935860815165
-0.491519618053411
-0.5643623729213003
-0.627502891958904
-0.6790784150156159
-0.6943093723499505
-0.6874470515462707
-0.6679750486642808
-0.6419697969048561
-0.6132586852094115
-0.5841923587436704
-0.5561587501146142
-0.5299243493370219
-0.5058600203778617
-0.47777441779084906
-0.39411638781599706
-0.3001268147052145
-0.207527252324043
-0.12087754802277563
-0.043013786781154584
0.0
0.0
0.12433440208882404
0.23757914897339724
0.33017355290579053
0.4161517510776072
0.49624186681442434
0.5686062666521781
0.631140871362715
0.6805697403312941
0.6942652242214759
0.6865080705798923
0.6665535485084654
0.6403271562157243
0.6115569844515593
0.582528772804687
0.5545884028965802
0.5284754550133252
0.5045438740356023
0.471705173384666
0.38717479220617723
0.2932921144165879
0.2011599069993623
0.11519102978517701
0.03816907469596878
0.0
0.0
-0.13368818985903852
-0.24379183489109302
-0.3357409775085428
-0.42145123513796406
-0.5012170669642821
-0.5731229303666041
-0.6350646508071127
-0.6820663478678918
-0.6942805081090233
-0.6856576093438591
-0.665233778466332
-0.6387896200192926
-0.6099578743653985
-0.5809619322639341
-0.5531072596334177
-0.5271075544061703
-0.5033004708987946
-0.4659345206247854
-0.38059255383738333
-0.2868329253407789
-0.19516494081108918
-0.1098602509124655
-0.03365194175075374
0.0
0.0
0.14256698687023223
0.24971604935609965
0.3410666377625081
0.42653261600443343
0.5059985074991624
0.5774750123409764
0.6388577997257031
0.6835342021258948
0.6943277618369019
0.6848732162030889
0.6639971709949437
0.6373416812976026
0.6084482969123244
0.5794807664297293
0.5517058825935587
0.5258125661092433
0.502122866461742
0.4603994964927987
0.3742796886321099
0.28064181269253735
0.1894232238114753
0.1047594621742663
0.02933494572368152
0.0
0.0
-0.15104939015758861
-0.25537285335315457
-0.3461499420758243
-0.43138118896838284
-0.5105593240801217
-0.5816245839098264
-0.6424725173414065
-0.6849280045282471
-0.6943650808521569
-0.6841167566422948
-0.6628094203536641
-0.635952734026014
-0.6070011125588898
-0.5780613181529098
-0.5503631953119602
-0.5245719952395352
-0.5009948626003523
-0.45509654238675856
-0.368230287987522
-0.2747077566815867
-0.18391854971369406
-0.09986787022495722
-0.025193538165399196
0.0
0.003039996854511201
0.15908729084942222
0.2611348905813602
0.35138841936223436
0.43632761680958315
0.515137629263203
0.5857080386875859
0.6459405284981791
0.6861505258773407
0.6942240752426714
0.6831854675283371
0.6614563406752901
0.6344110600576317
0.6054150776144602
0.5765170472227644
0.5489092034591762
0.5232327633536491
0.49977979109559895
0.44974577386005726
0.3621366221521313
0.26872624631494507
0.17836268072594652
0.09492219037461218
0.020996360839701134
0.0
-0.015229961670890912
-0.16685821204001156
-0.26790718943278613
-0.3577040500011543
-0.4421408460498784
-0.5202978957011396
-0.5900647403317422
-0.649368090388339
-0.6869928183883374
-0.6935206326224341
-0.6816093291432561
-0.6594377965346372
-0.632220275505726
-0.6032171781365976
-0.5744087696725316
-0.5469432182901558
-0.5214337589691349
-0.4981550610096423
-0.44462789897529054
-0.35633343904993536
-0.26296417228068625
-0.17292470675378754
-0.0899857791275582
-0.016700492943664463
0.0
0.027461887978624422
0.17464597324832082
0.2746850589749502
0.3640169748581853
0.447944005594367
0.5254413791325747
0.5943986945692634
0.652767839216134
0.6878145252957563
0.6928017035536367
0.6800213429712838
0.6574100350910815
0.6300222031251573
0.6010134285903842
0.5722957313088869
0.5449733115606467
0.5196314904677535
0.49652759002287966
0.43970065707591294
0.35075252052189015
0.25741671294552815
0.1676805756000369
0.08521551668373965
0.012538305793101667
0.0
-0.03912072283446852
-0.1820216282431562
-0.28107291172065485
-0.36994276621467737
-0.453368503423661
-0.5302249444985353
-0.5984019523910658
-0.6558756157583091
-0.6885026724233086
-0.6920474261589407
-0.6784568721577682
-0.6554391620756853
-0.6278980818058532
-0.598890439437888
-0.5702639842123132
-0.543081537700852
-0.5179021766629224
-0.4949669369458201
-0.4349591080943911
-0.3453762954633086
-0.25206757217533754
-0.16261897269101194
-0.08060644132465225
-0.008511856718785946
0.0
0.05033105776344615
0.18909973481050205
0.28719440835631266
0.37561527819259627
0.4585554832741812
0.5347931690165114
0.602218460680759
0.6588307273392376
0.6891446111163859
0.6913110825012747
0.676947028936662
0.6535420150869641
0.6258556943550299
0.5968503734217657
0.5683123167307441
0.5412647661093425
0.5162416998591121
0.49346858330832205
0.4304191411867712
0.34022935729178255
0.24694654601836652
0.15777304444132095
0.07619351559341836
0.004656466606969542
0.0
-0.06107407736368223
-0.19588531065462303
-0.29306462455368226
-0.3810562807519536
-0.46353207846850997
-0.5391775265666752
-0.6058829865442693
-0.6616701224281509
-0.6897655378530376
-0.6906099308461084
-0.6755036993046278
-0.6517268355807391
-0.6239008021812098
-0.5948972977828199
-0.5664436331754265
-0.5395250980292238
-0.5146516026545945
-0.4920336796425483
-0.4259542985786651
-0.3351677563813286
-0.24191849412363586
-0.1530247920795802
-0.07187991107600948
-0.0008989957118260561
0.0
0.07167635422337346
0.20260593671333654
0.29889196788300926
0.38646569509772566
0.46848633639103604
0.5435483878721027
0.6095425852903944
0.6645127254396149
0.6903885754720176
0.6899101593374681
0.6740612641831593
0.6499122288078947
0.62194627038627
0.5929444431315604
0.5645750797745301
0.5377855015036445
0.5130615397292918
0.49059878702462
0.42103838479764916
0.3295830515746646
0.23638724972325115
0.14782383435772034
0.0671800878663325
0.0
0.0
-0.0809176960508205
-0.20872147437532432
-0.30434896620943575
-0.3916354915905205
-0.4733120737211116
-0.547897135853226
-0.6132823179524932
-0.6675312385417906
-0.6911829813931594
-0.6893717920122504
-0.672767527621277
-0.6482325560384407
-0.6201128769097575
-0.5910995015504568
-0.5628021116078057
-0.5361302124526978
-0.511545600948133
-0.4892289088556801
-0.41606374624834774
-0.32387445326191355
-0.2306860272446995
-0.1424183616727274
-0.062251642390137404
0.0
0.0
0.08961184517930898
0.21452130969811178
0.30955079826120063
0.39658081469968437
0.4779429013427613
0.5520845182615413
0.616898281372172
0.6704665749434817
0.691972030601204
0.6888737433996626
0.6715390639555766
0.6466299444314593
0.6183601410002991
0.5893338764471555
0.5611042925530411
0.5345444324099484
0.5100929116368911
0.4879159259422517
0.4113191213626514
0.31842158843656265
0.22522976349275936
0.1372343540638341
0.05751418778725745
0.0
0.0
-0.09799294033918188
-0.22012186744398937
-0.3145800560628719
-0.40136680568022925
-0.48242913156241557
-0.5561461163929808
-0.6204112524737925
-0.6733249490683396
-0.6927557555298599
-0.688412434267447
-0.6703703374547868
-0.6450979518514557
-0.6166813660467815
-0.5876410083188557
-0.5594754230508093
-0.5330224365374356
-0.5086982684546948
-0.48665516150697397
-0.40678288919798833
-0.3132100638819248
-0.2200159148348093
-0.13228136945345664
-0.05298846272328324
0.0
0.0
0.10601154770866358
0.22548206253790765
0.31939445548215384
0.4059489247557808
0.48672473887448864
0.5600355901233188
0.6237758175082851
0.6760630828707765
0.6935068585154107
0.6879710641952195
0.669251394906565
0.6436310485259775
0.615073841502606
0.5860199486968459
0.5579156241538833
0.5315649653235608
0.5073627420461805
0.48468597572532535
0.40202646809513226
0.3079218723153869
0.21479668330010743
0.12737761893222913
0.048560301786609
0.0
0.0
-0.1139132691914225
-0.23074060646475908
-0.324103758160946
-0.410421673650962
-0.4909096187820005
-0.5638165962404988
-0.6270377640732688
-0.6787077717511494
-0.694218384706559
-0.6875232649250385
-0.6681456556691622
-0.6421882505551795
-0.6134957606115925
-0.5844301940317765
-0.5563868815371416
-0.5301370800946901
-0.506054680634925
-0.47869586556159766
-0.395168946391944
-0.3011606427619562
-0.2084876261814362
-0.12173235638168277
-0.043738991001904357
0.0
0.0
0.12292092947072764
0.2366398449716965
0.32933213477976453
0.4153515585130041
0.49549162617955206
0.5679264060595116
0.6305517762886191
0.680351296396646
0.6942725608268102
0.6866469499920822
0.6667633233982722
0.6405693836691608
0.6118078291641423
0.5827739472888748
0.5548198051893931
0.5286889411818818
0.5047377884444015
0.47260502661061365
0.3882034772757809
0.29430413870991945
0.2021018392384683
0.11603131486796076
0.038883971327388814
0.0
0.0
-0.13230239193139923
-0.2428703570099282
-0.3349145134261351
-0.42066401562458877
-0.5004775138393753
-0.5724510049072243
-0.6344803346775003
-0.6818422532574735
-0.694276344235859
-0.6857820626798395
-0.6654280342434511
-0.6390163521755462
-0.6101938988217332
-0.5811933130467124
-0.5533260562641071
-0.5273096665691305
-0.5034842158803147
-0.466790202225918
-0.3815684333963879
-0.2877902701137656
-0.1960531564393007
-0.11064971717984062
-0.0343205401640843
0.0
0.0
0.14125136623842804
0.2488380403276329
0.3402772293835736
0.4257793434951997
0.5052896359850477
0.5768297339374653
0.6382953294733203
0.6833164835296861
0.6943206675346704
0.6849894291787686
0.6641804370006279
0.6375562869232336
0.6086720483693107
0.5797003123233957
0.5519136051467832
0.526004521002712
0.5022974229664587
0.4612205153099918
0.375216131864668
0.2815602229062966
0.190274992871872
0.1055161735455386
0.029975402302694798
0.0
0.0
-0.14979109219725892
-0.2545337231927934
-0.3453958918479532
-0.4306619630599945
-0.5098827872417327
-0.5810090537598908
-0.641936329360597
-0.6847212600984698
-0.6943595525518528
-0.6842289744357494
-0.6629856139066864
-0.6361587718310283
-0.6072157884607201
-0.578271879198136
-0.5505623693429998
-0.5247560211622989
-0.5011621902551782
-0.4558830396414184
-0.36912749258915106
-0.2755878598264044
-0.18473497655620885
-0.10059337537186624
-0.02580778690641297
0.0
0.0012426901228669573
0.157938135290027
0.2601311877747279
0.35045074730588965
0.43546299471673405
0.5143685098568453
0.5850568899953258
0.6454261372989187
0.686020454658382
0.694323996597551
0.6834154412351967
0.6617524527442135
0.6347331628150595
0.6057386158829909
0.5768276195303221
0.5491989525604031
0.5234979890740598
0.5000193788642088
0.4506601206080197
0.36317372648712637
0.26974603328867197
0.17931297850669953
0.09577178551055886
0.02172161262414532
0.0
-0.013162947036246958
-0.165550484095865
-0.26677402112568976
-0.3566521218392211
-0.4411771027729548
-0.5194471240466244
-0.5893517070022983
-0.6488132929453915
-0.6868671801326311
-0.6936509838976535
-0.6818836166501266
-0.6597844398671656
-0.6325943845249172
-0.6035913651319811
-0.5747670368942086
-0.5472769022958632
-0.5217388491924726
-0.4984304352812137
-0.4454663143459108
-0.3572840919204629
-0.2639099309681316
-0.17381949844233116
-0.09080043489813072
-0.017412021081049847
0.0
0.025450326070645707
0.17336733872834645
0.273573604948563
0.36298279130031175
0.4469942958859364
0.5246006416852981
0.5936914118821834
0.652214347412699
0.6876830911989785
0.6929223590123427
0.6802840707641541
0.6577445234079414
0.6303843280865077
0.6013762426870993
0.5726434677925287
0.5452974059616182
0.5199279498646707
0.4967952616431608
0.4405109809216735
0.3516704736782199
0.2583293079982098
0.16854341765848962
0.08600053743960123
0.013223408714939891
0.0
-0.037206571735863
-0.18081191887482906
-0.2800260079591498
-0.36897217574642455
-0.45248057027021227
-0.5294425065952174
-0.5977478012869224
-0.655368566513361
-0.6883918055317703
-0.6921726600824991
-0.6787146456432714
-0.655763340329983
-0.6282472088396098
-0.5992392404720753
-0.5705977126852934
-0.5433922247165734
-0.5181861514882672
-0.4952231955927702
-0.43573757770848776
-0.34625901194165176
-0.252945898076814
-0.16345014258378954
-0.08136335902364006
-0.009173152869701898
0.0
0.04849017946809392
0.18793743620487383
0.286189196565511
0.3746837882903183
0.4577037129028938
0.5340429922711606
0.6015917093919195
0.6583454111733162
0.6890390915344325
0.6914318662931886
0.6771948204571262
0.653853406682695
0.6261909423532988
0.597185249644524
0.5686326877844331
0.5415629969793375
0.5165142763447099
0.49371454770337986
0.43116429746629403
0.34107410802750393
0.2477870185988137
0.1585683434282885
0.07691772810877212
0.005289157417426929
0.0
-0.05931084596020286
-0.19477156316129662
-0.2921010912786005
-0.3801631779941381
-0.4627151861481912
-0.5384578284913659
-0.6052814278102409
-0.6612039889667907
-0.6896635585695917
-0.6907249687186583
-0.6757405669137171
-0.6520247454046462
-0.6242216498394173
-0.595217851636175
-0.5667503384823381
-0.5398106296919176
-0.5149125862247903
-0.49226919182773016
-0.42676057443273036
-0.3360819698824008
-0.24282202937948788
-0.15387242644103075
-0.07264390663912157
-0.0015579636366813698
0.0
0.06973600357635962
0.20136126130448975
0.2978045580200303
0.3854512622277825
0.46755321892481194
0.5427213309927741
0.6088461811776875
0.6639674380361028
0.6902679044282527
0.6900426128789962
0.6743358911313931
0.6502581676091869
0.6223190952542265
0.5933170622680826
0.5649316803474029
0.5381175322775702
0.5133650550942782
0.49087269940187983
0.42197848865756427
0.33065743486022137
0.23745838915726242
0.14883813734495194
0.06810384892141844
0.0
0.0
-0.0792762052223327
-0.20762497140208078
-0.3033645331687527
-0.3906988117760677
-0.4724341735365776
-0.5471024397140432
-0.6125950800201746
-0.6669721838819015
-0.6910298127302268
-0.6894621959678258
-0.6729963207506231
-0.6485324066050835
-0.6204414313956048
-0.59143080080039
-0.5631208783653013
-0.5364280595196234
-0.5118185227742434
-0.4894756296765739
-0.4169661946642667
-0.3249111575412866
-0.23172226028874243
-0.1434016449751222
-0.06314893102312184
0.0
0.0
0.08802928826850767
0.21346525824361245
0.3086034314293468
0.39568001874557945
0.47709925601036923
0.5513215178850398
0.6162392436120269
0.6699314026693873
0.6918277957194724
0.6889639699766913
0.6717623663572349
0.6469214355455637
0.6186790173682705
0.5896551404116849
0.5614132436114737
0.5348330108193942
0.5103572797405256
0.4881548755215373
0.41218007285584884
0.31941108575542543
0.2262200530621724
0.1381754349384906
0.058374420152211184
0.0
0.0
-0.09647013359699072
-0.21910402433015946
-0.3136658883832878
-0.4004967440198958
-0.48161345734982514
-0.5554075334712012
-0.6197723065897087
-0.6728049121072485
-0.6926128379286952
-0.688495852190129
-0.6705823761586942
-0.6453760581068987
-0.6169861898854224
-0.5879484294089689
-0.559771244302604
-0.5332988617769092
-0.508951572279422
-0.48688415479563407
-0.4076067641372486
-0.3141565474887952
-0.22096278028529867
-0.13318082060938577
-0.05381028492729638
0.0
0.0
0.10455555743159378
0.22450882540644146
0.31852035126698364
0.40511702189353604
0.48594488220944626
0.5593294976839982
0.6231650529918085
0.6755660767397448
0.6933706319638737
0.6880513452509731
0.669454691079931
0.6438975115579654
0.6153658248906643
0.5863143780149588
0.5581989195775752
0.5318296712814998
0.5076052976352479
0.4856671040600662
0.40322459828636487
0.30912183234487434
0.21592578872883927
0.12839584888822692
0.049438098664959546
0.0
0.0
-0.1122973436831268
-0.22968286682159728
-0.3231668502980316
-0.40953881647646384
-0.4900896917662826
-0.563081903223164
-0.6264104583247047
-0.678206547963798
-0.6940934921396253
-0.6876234785403512
-0.6683730555139867
-0.6424802247646597
-0.6138129886837607
-0.5847486352953419
-0.5566924444772374
-0.5304220847417689
-0.5063155190406065
-0.4799245632751701
-0.39657292135884203
-0.3025403993240112
-0.20977018955236537
-0.12287482252739218
-0.04470919014848179
0.0
0.0
0.12104152004160756
0.23539348529162707
0.32821732686514504
0.41429262899036545
0.4944999929519047
0.567029056909141
0.6297756289809996
0.6800664058540513
0.6942867195648074
0.6868351494037904
0.6670451327218615
0.6408938373168156
0.6121433437414179
0.5831016061604185
0.5551288962169371
0.5289740007046879
0.504996651028801
0.4738037038838058
0.38957396109219583
0.2956527536357504
0.20335740723214663
0.11715176363907104
0.03983762448732271
0.0
0.0
-0.13045582085510307
-0.24164278102689662
-0.3338136744057286
-0.41961555068036455
-0.4994926160568429
-0.5715562477939208
-0.6337023199856078
-0.6815438902608453
-0.6942708279837878
-0.685947804286678
-0.6656867187980009
-0.6393182782038987
-0.6105081956935767
-0.5815014244912894
-0.5536174093308587
-0.5275788016790505
-0.5037288926054216
-0.4679288982161173
-0.3828670124145671
-0.28906413861134017
-0.1972349980827774
-0.11170012466553264
-0.03521008878383361
0.0
0.0
0.13950042763465398
0.24766940997350245
0.33922646431130865
0.4247766338255299
0.5043459896862363
0.575970700761423
0.6375464899298824
0.6830265451377351
0.6943110981199111
0.685144003541719
0.6644242761569414
0.6378418529148685
0.6089697986837969
0.579992474269009
0.5521900379086285
0.5262599734567315
0.5025297236160031
0.46231336292188824
0.37646261015232063
0.28278267736314777
0.1914087212567826
0.10652335304018445
0.03082782071729462
0.0
0.0
-0.14811641244258678
-0.25341694440889556
-0.3443923616323472
-0.42970479261099337
-0.5089824421802
-0.5801899115724584
-0.6412227911025891
-0.6844461706296912
-0.6943522543266519
-0.6843783776877399
-0.6632201562826051
-0.6364330283139485
-0.6075015363721912
-0.5785521461929914
-0.5508274774241045
-0.5250009651596461
-0.5013849074837242
-0.45692990406861844
-0.37032172045479317
-0.27675933164803324
-0.18582169823327843
-0.10155908093230168
-0.02662540868735884
0.0
0.0
0.15637174075040675
0.2589224320698562
0.34933980306078144
0.43442389176865104
0.513421598347841
0.5842289428868329
0.6447413940401269
0.6858035105864322
0.6943895035311201
0.68364310459349
0.6620651018179251
0.6350821038527638
0.6060938632767249
0.5771713926138446
0.5495213569951986
0.5237941582954474
0.5002875901675203
0.4517740627308539
0.3644403247065193
0.2709901613877313
0.18047004106487835
0.09680351707197961
0.022599216551919016
0.0
-0.010632857491230913
-0.16394234144901423
-0.2653756405258122
-0.355350339829562
-0.4399810252048595
-0.5183876461438859
-0.5884597195542156
-0.648114480126252
-0.6867005581837099
-0.6938022706200936
-0.6822141071364843
-0.6602054844242333
-0.6330503480915114
-0.6040482669546307
-0.575204992180628
-0.5476851067129037
-0.5221122623800021
-0.4987675980947075
-0.4464838594518723
-0.3584378132599139
-0.26505827142222965
-0.1749066405394985
-0.09179095502365052
-0.018277952085433355
0.0
0.022990943385862328
0.1718006511008882
0.272209613806512
0.36171206242036924
0.4458259023203007
0.5235647742756964
0.5928182493905071
0.6515290070633233
0.6875166585268354
0.6930660695510481
0.6806027732883436
0.6581518232772882
0.6308259906776675
0.6018191288372419
0.5730681720253776
0.545693371240833
0.5202902370763832
0.49712242327575223
0.44150048471026454
0.35279109487036375
0.2594431039106546
0.16959621846344197
0.0869581167574293
0.014058836496651461
0.0
-0.03487220592549106
-0.1793368866451415
-0.2787496773601682
-0.36778904628888404
-0.4513983686963317
-0.5284890729543781
-0.5969509154804397
-0.6547511555268873
-0.6882574847333531
-0.6923261949746394
-0.6790297374366326
-0.6561593374371404
-0.6286735587734522
-0.5996651255261911
-0.5710051551540064
-0.5437715125034129
-0.5185328139953208
-0.4955360140027946
-0.43668853898315463
-0.34733745333238397
-0.2540190798482144
-0.16446580286438464
-0.08228837802304398
-0.009981406023951353
0.0
0.046241354077025454
0.18651778636470326
0.28496155493123265
0.3735462833600782
0.4566636533512756
0.5331270833802922
0.6008266044790225
0.6577530940343853
0.6889105324178477
0.6915796270506283
0.6774976475620119
0.6542338719113475
0.6266005150631421
0.597594346021096
0.569024051203641
0.541927306178892
0.5168472420208058
0.4940150022262624
0.4320742085630262
0.34210562320224613
0.24881331949279567
0.15953949693568006
0.07780209253714206
0.006061778645507582
0.0
-0.05715747042816585
-0.19341132422913246
-0.29092427375365837
-0.3790723519101555
-0.4617174141305153
-0.5375787409268421
-0.6045466081248568
-0.6606345520875915
-0.6895388893740045
-0.6908653630693122
-0.6760297682164147
-0.6523885107117554
-0.6246134398719995
-0.59560929173371
-0.567124872773644
-0.5401593108626233
-0.5152312921097819
-0.49255679402810515
-0.4276559049136886
-0.3370969596164835
-0.2438302545674701
-0.15482450326982483
-0.07350878636324776
-0.0023112897980919617
0.0
0.06761000733978395
0.20001357097424738
0.2966359710453815
0.3843664703497574
0.4665596933553463
0.541844791896694
0.6081122731304631
0.6633973669821422
0.6901429851277598
0.6901829920926827
0.6746252151642433
0.6506221309243604
0.6227111188088293
0.5937087466641824
0.5653064548073702
0.5384664409578773
0.5136839713889041
0.49116049304803056
0.4229644975516941
0.3317776216394636
0.23856789016022717
0.1498814243371664
0.0690466484858303
0.0
0.0
-0.07757400144583917
-0.20648434153385856
-0.3023383561892852
-0.3897209664841841
-0.4715164302527421
-0.5462704247009585
-0.6118742397248956
-0.666384301547025
-0.6908668781862348
-0.6895543828075872
-0.6732335651733333
-0.6488442422275335
-0.620783523292145
-0.5917759664400799
-0.5634531120036971
-0.5367385655673583
-0.512103091650996
-0.4897329096400645
-0.4179209315354031
-0.3260083540345546
-0.23281866854748368
-0.14444158730150786
-0.06409741922780415
0.0
0.0
0.08636065417607222
0.21235272105378733
0.30760600679690925
0.3947320988001932
0.47621193707994264
0.5505195162895213
0.6155470828452274
0.6693699990867336
0.6916780397140957
0.6890610057460071
0.6719993883301472
0.6472300965238653
0.6190163459906451
0.5899948182503104
0.5617398004712749
0.5351379719348772
0.5106366172670662
0.48840733047100315
0.41308839593108015
0.3204551689016961
0.22726520129896494
0.13916889265241877
0.059282779322900964
0.0
0.0
-0.09486136767143316
-0.2180284440030532
-0.31269967037033963
-0.3995769853050119
-0.4807510342213147
-0.554626446266804
-0.6190963916328911
-0.672254550010305
-0.6924610034583878
-0.6885832361245102
-0.6708057352602134
-0.6456692967176949
-0.6173077266155758
-0.5882727733403402
-0.5600833889650815
-0.5335905638940869
-0.509218889993145
-0.48712582646195424
-0.40847583534605286
-0.3151548515466498
-0.2219613979715367
-0.13412934780533234
-0.0546768649787773
0.0
0.0
0.10301963674104084
0.2234820629344278
0.31759812078372424
0.40423928329800474
0.4851220302785488
0.558584450771939
0.6225205662875997
0.6750415998636259
0.6932268531205711
0.6881360286228161
0.6696691832282203
0.6441786603667057
0.6156739055066017
0.5866250420333526
0.5584978373048853
0.5321089753517854
0.5078612303561655
0.4858984681168604
0.40405813915722766
0.31007955384098806
0.21688398011344173
0.12930612992244875
0.05026988174650596
0.0
0.0
-0.11082511754329555
-0.22869905923365447
-0.32228342443411256
-0.40869816552263266
-0.48930174828326023
-0.5623686074840158
-0.625793593842756
-0.6777047293476371
-0.6939562349879821
-0.6877049815891229
-0.6685788370563865
-0.6427498049348628
-0.6141083251653386
-0.5850464124395488
-0.5569789418102667
-0.5306897707788613
-0.5065607980099558
-0.4810396093244089
-0.3978500582636143
-0.3038006696885288
-0.2109473421496098
-0.12392934520276543
-0.04561110860242852
0.0
0.0
0.11937207573600236
0.23430376048154494
0.32725390029424895
0.41338601565113425
0.4936590858213365
0.5662766521982715
0.6291343707924243
0.6798508797634996
0.6943290167993649
0.687026210778204
0.6673149204019759
0.6411980902184412
0.61245474287527
0.5834038923308466
0.5554129628734538
0.5292353069877357
0.5052335161856663
0.47488324401184534
0.39080952359511634
0.29687080622830647
0.20449382478322614
0.1181683974681661
0.04070560284117099
0.0
0.0
-0.12878889942174276
-0.24053658617509743
-0.33282277044381786
-0.41867246903157707
-0.4986072659676146
-0.5707524504202915
-0.6330039292488108
-0.6812761832299702
-0.6942660624038218
-0.6860967998454549
-0.6659191537179625
-0.6395895244875406
-0.610790534638839
-0.5817781950892736
-0.553879119135185
-0.5278205496948961
-0.5039486683547851
-0.46894673845124873
-0.3840272938582746
-0.2902020256836386
-0.19829039977879534
-0.11263788174413916
-0.03600396307994018
0.0
0.0
0.13793411787948576
0.24662331937099655
0.33828546114871316
0.42387836810191415
0.5035003627934822
0.5752006172932784
0.6368748836561358
0.6827659671389842
0.6943016786283711
0.6852816625166959
0.6646419555067651
0.6380969765113436
0.6092359044468667
0.5802536397714793
0.5524371752374699
0.526488373806143
0.5027374364878526
0.4632921009705132
0.3775788751151671
0.28387729018595986
0.19242373167242582
0.10742490141086643
0.03159066083586268
0.0
0.0
-0.14661810676638903
-0.2524179638629544
-0.34349480325589393
-0.4288487908467731
-0.508177349340617
-0.5794575270194672
-0.6405849339085257
-0.6842005146878407
-0.6943461252362795
-0.6845123937864865
-0.6634302991515839
-0.636678663121
-0.6077574180526429
-0.5788030944291429
-0.5510648374040421
-0.5252202622388108
-0.5015842991534597
-0.4578672441422822
-0.37139105247021464
-0.27780833413148065
-0.186794857504324
-0.10242391789659326
-0.02735767933507624
0.0
0.0
0.15493343277181162
0.2579631767110332
0.3484777439440462
0.4336015879975113
0.512648041228613
0.5835250729886702
0.6441281740283346
0.6855668241807424
0.6943828113713703
0.6837710146055184
0.6622661620044255
0.6353173051731984
0.6063389677630386
0.5774118227576157
0.5497487989701237
0.5240043109888365
0.5004786794055743
0.4526715499633921
0.365464074530984
0.27199435168748476
0.18140153592833783
0.09763123580730443
0.023299964134131657
0.0
-0.008581802264987837
-0.16263081780543204
-0.2642300419529051
-0.35428005041345856
-0.43899406570155736
-0.5175096486129049
-0.5877163336646233
-0.647527154729354
-0.686551930550933
-0.6939161839272286
-0.6824764840514236
-0.6605433693377593
-0.6334179132532348
-0.6044174826010679
-0.5755594185092237
-0.5480157738898597
-0.5224149457461837
-0.4990410244251065
-0.4472996040370132
-0.3593626828078821
-0.2659794182474387
-0.17577942188698428
-0.09258694868962943
-0.01897467065830291
0.0
0.0210001890093095
0.1705289141874999
0.27110015898053474
0.36067682560220904
0.44487250776186693
0.5227179110929245
0.592102604656122
0.650965179081407
0.6873759045376491
0.6931783962771548
0.6808581065452008
0.6584797781291445
0.6311823638006574
0.6021768929773262
0.573411483916135
0.5460135950439774
0.5205833145540943
0.4973871426603613
0.4423001708979264
0.3536964190937092
0.26034261531349306
0.1704461825354762
0.08773092371632636
0.014732777501752364
0.0
-0.032988850935638636
-0.17814709778945712
-0.27772036433164177
-0.3668350700398786
-0.45052595249291894
-0.5277206657824324
-0.5963089140222676
-0.6542540374986667
-0.6881500504616884
-0.6924509198790612
-0.6792847217039668
-0.6564795138436759
-0.629018146529269
-0.6000092670990733
-0.5713343527822786
-0.5440779371025599
-0.5188128650292283
-0.4957887140304889
-0.4374574487457526
-0.3482095800487491
-0.2548870632708911
-0.16528736447202264
-0.08303671772214284
-0.010635379204383566
0.0
0.044422988953236486
0.18537011052264546
0.2839692498718608
0.3726269431595328
0.4558231686750907
0.5323870306458671
0.6002085177348051
0.6572747312618553
0.6888069433031221
0.6916993255542886
0.6777426388986535
0.6545415812987534
0.6269317228583317
0.5979251453538365
0.5693404978894475
0.542221869193628
0.5171164569496747
0.49425792736935314
0.4328095529532776
0.34293923043154995
0.24964272303452745
0.1603243479612807
0.07851682041198073
0.006686216045068721
0.0
-0.05541691378218508
-0.19231179434830678
-0.2899729701755593
-0.37819053033517375
-0.4609107872283969
-0.5368680292937114
-0.6039524947310394
-0.6601741083837661
-0.6894379883387219
-0.6909787400632973
-0.6762634461610819
-0.6526824741526487
-0.624930067602544
-0.5959256459595743
-0.5674275694924714
-0.5404411165373378
-0.5154888737059468
-0.4927892386142941
-0.42836046031123376
-0.33789562185117483
-0.24462478014748196
-0.15557622766737617
-0.074193220020389
-0.00290912561445833
0.0
0.06594383254794864
0.19896119333303408
0.2957255774477745
0.38352266291589493
0.46578793114661965
0.5411649007399453
0.6075440414518981
0.6629571246499097
0.6900468347436157
0.6902918938226124
0.6748492208549817
0.6509037997520728
0.6230144450385522
0.5940117788975446
0.5655963859715676
0.5387363507013435
0.5139306724736086
0.4913831143630708
0.42372681098871773
0.332642019036285
0.23942221651227769
0.15068291801314576
0.06976907933521018
0.0
0.0
-0.07626282045135357
-0.20560483786472725
-0.30154657251435557
-0.38896611454734237
-0.47080766075919295
-0.5456275519472349
-0.6113169386729336
-0.6659294245442124
-0.6907403467812261
-0.6896250039049764
-0.6734163101653009
-0.6490846704542776
-0.6210473802569909
-0.5920422478908104
-0.5637094480122865
-0.5369781564347044
-0.5123226808121824
-0.4899314486673097
-0.41866109895035153
-0.3268590692033646
-0.23366870160807085
-0.14524773463243273
-0.06483254887357102
0.0
0.0
0.08506841048216596
0.21149137150352154
0.30683393121955366
0.3939984598800018
0.4755253136797986
0.549899035760293
0.6150117215967674
0.6689359384177076
0.6915626359175281
0.6891366214582754
0.6721833331651854
0.6474694572536396
0.6192778568784748
0.5902581070325638
0.5619928938891622
0.5353743126074781
0.5108530904677223
0.4886029648781488
0.4137919624940727
0.3212639267986748
0.22807484054335905
0.1399385491033335
0.05998656917909009
0.0
0.0
-0.09361471811699698
-0.21719489578036033
-0.31195082728450785
-0.39886411032817365
-0.48008255909759096
-0.5540209728030969
-0.6185723952800104
-0.6718278290795345
-0.6923431357609034
-0.6886507677370243
-0.6709786587209658
-0.6458963909501598
-0.6175567672248022
-0.5885240049009353
-0.5603251808280236
-0.533816526520781
-0.509425967273798
-0.4873130394032112
-0.40914896578940596
-0.3159280528874151
-0.22273482023549568
-0.1348639544397634
-0.05534798555706767
0.0
0.0
0.1018299908045518
0.22268676118498745
0.31688377360056286
0.40355939082927517
0.48448464612115183
0.5580073282986401
0.6220213324020741
0.6746353210631597
0.6931154713308764
0.6882016189771054
0.6698353267928134
0.6443964382140268
0.615912545920217
0.5868656841947029
0.5587293810880285
0.5323253264806415
0.5080594779934201
0.4860776847491635
0.4047038585608599
0.3108214753977421
0.2176262662200414
0.13001130108852005
0.050914242312142435
0.0
0.0
-0.10968467230721102
-0.22793697363414003
-0.3215991043956682
-0.4080469850316667
-0.4886914007077804
-0.5618160879038414
-0.6253157758540557
-0.6773160317348383
-0.6938499330018257
-0.6877681342003351
-0.6687382566410504
-0.6429586425297432
-0.6143371124741375
-0.5852770887894339
-0.5572008791692178
-0.5308971352397917
-0.5067508043481089
-0.48190336677481793
-0.3988393790765562
-0.30477692754675656
-0.211859216267325
-0.12474622764708343
-0.046309779733821485
0.0
0.0
0.11807884339009314
0.23345960598906368
0.32650758191205204
0.41268370698287715
0.4930076758165559
0.5656937999348828
0.6286376175359507
0.6796839187954636
0.6943617781957461
0.6871742122158258
0.6675239072956771
0.6414337758443613
0.6126959646407669
0.5836380550731951
0.5556330122026102
0.5294377253122104
0.5054170014882293
0.47571949433284005
0.39176663366958103
0.29781435189616695
0.2053741325390493
0.11895591609327505
0.041377967360795395
0.0
0.0
-0.12749764290890608
-0.2396796876744159
-0.33205518001932394
-0.4179419232385787
-0.4979214409213686
-0.5701297988877395
-0.6324629293778735
-0.6810688068928081
-0.6942623702674369
-0.6862122168134761
-0.6660992059456546
-0.639799641478499
-0.6110092444599308
-0.58199259150413
-0.5540818489404327
-0.5280078163951083
-0.504118914555781
-0.469735196505283
-0.3849260923877532
-0.2910834766319391
-0.1991079543289226
-0.11336430419692169
-0.0366189283492596
0.0
0.0
0.1367207960164835
0.2458129789886271
0.33755652559897453
0.4231825387062147
0.5028453095139367
0.574604082858029
0.636354633392386
0.6825641144803924
0.6942943825512915
0.6853882987825081
0.6648105784468182
0.6382946050903778
0.6094420401663605
0.5804559485369697
0.5526286172211613
0.5266653013979598
0.5028983387642303
0.4640502683582657
0.37844357607892976
0.28472521864575734
0.1932099971639564
0.10812327497438483
0.03218158579775325
0.0
0.0
-0.14545746226865056
-0.2516441155514124
-0.34279952039083417
-0.4281856992952734
-0.5075536937600464
-0.5788901940249048
-0.6400908253839653
-0.6840102201461871
-0.6943413772944207
-0.6846162076377604
-0.6635930836990598
-0.636868941081032
-0.607955633639313
-0.5789974883914052
-0.5512487053952605
-0.5253901380286475
-0.5017387554639899
-0.45859334299010324
-0.37221939721799924
-0.2786209308452454
-0.18754870320374323
-0.103093853057309
-0.027924923638783086
0.0
0.0
0.1538192653301931
0.2572201014162247
0.3478099605006435
0.43296460053111124
0.5120488147452941
0.5829798288425646
0.6436531506901005
0.6853834779535196
0.6943776273493395
0.6838700984962599
0.6624219107768877
0.6354995009556271
0.6065288349125708
0.5775980689871562
0.5499249840765953
0.5241671031682265
0.5006267043158947
0.45336677738845643
0.3662571097177558
0.27277223532766515
0.18212310694232164
0.09827241792017782
0.023842789605803563
0.0
-0.006992977665373323
-0.16161486222378477
-0.26334261818380633
-0.3534509639569189
-0.4382295297363741
-0.5168295186966992
-0.5871404789959833
-0.6470721903952189
-0.6864367980136185
-0.6940044254808494
-0.6826797311011961
-0.6608051077231608
-0.6337026430742
-0.604703490948041
-0.5758339704925811
-0.5482719211389091
-0.5226494156811045
-0.4992528307580195
-0.44793151051447094
-0.36007912159285116
-0.2666929732728357
-0.17645551119335653
-0.09320355536726194
-0.019514375110975077
0.0
0.01945807568050678
0.16954377886970537
0.270240733480322
0.3598748921662608
0.44413397242288627
0.5220618989701086
0.5915482392859324
0.6505284166861096
0.6872668711932579
0.6932654087878535
0.6810558973014822
0.6587338243085782
0.6314584238435562
0.6024540305546583
0.5736774262369432
0.5462616524626213
0.5208103434066788
0.49759220426599005
0.44291963793393885
0.35439771732978526
0.2610394107195617
0.17110459671298006
0.0883295690882013
0.015254837582572747
0.0
-0.031529933235515395
-0.17722544253490077
-0.2769230196957083
-0.36609608411015826
-0.44985014604574286
-0.5271254286477249
-0.595811595513641
-0.6538689511509874
-0.6880668278276698
-0.692547536486205
-0.6794822421193782
-0.6567275345453912
-0.6292850771815796
-0.600275852121366
-0.5715893616623564
-0.5443153051367009
-0.5190298031065522
-0.49598446498839915
-0.4380530752055258
-0.34888516224813576
-0.255559435918872
-0.16592377703370936
-0.08361640983580398
