0.0
-0.15599999999999997
0.0
-0.36277973333333324
-0.15317494897777767
-0.38489469841256274
-0.09653902524339114
-0.35338155893016654
0.0
-0.24601576657958382
0.0
-0.0620228908334963
0.031194187259690226
0.28384424203204145
0.3808557394342067
0.503770818937085
0.5201135076953183
0.5302743584287593
0.5003598517976272
0.4594897976429735
0.4147550856781787
0.36868295823123876
0.3228474645136159
0.2785889224489132
0.23713199688150713
0.19958128684042328
0.16689522992951022
0.13986006534019763
0.11906892777136156
0.104907487209931
0.033760935997594166
-0.10353669409358823
-0.28347369714015413
-0.4655071025680052
-0.6288506386377033
-0.7587541523704526
-0.8642131840804038
-0.9027948294115847
-0.9006739308967668
-0.8748732384458511
-0.8363443758808267
-0.7920261601052705
-0.7462178725945208
-0.70149387012421
-0.6593113142229157
-0.598954574945947
-0.47374496060875787
-0.3380949530939732
-0.206469534161375
-0.08473503596014685
0.0
0.0
0.0
0.006663262616802612
0.15593017802848977
0.25604815964907124
0.3457970378839068
0.43091640237901835
0.510401280071485
0.5820567276590061
0.6437143348046804
0.6918555787104534
0.7043175604597788
0.6954111418884342
0.6744055847221958
0.6472303677222989
0.6176115453048744
0.5878293937467571
0.5592225631036217
0.5325226779822761
0.5080756441441665
0.48598734889922607
0.46429265020853105
0.3772619261422391
0.27846051933172655
0.18146145616480955
0.09129917675939245
0.01096907903842334
0.0
-0.043648390866467546
-0.20521794256472017
-0.31494225474885384
-0.4120737069819048
-0.5023172059233613
-0.5845885626549437
-0.6566663093927662
-0.7148525222370994
-0.7321995629227404
-0.7249563866651179
-0.7036615658996211
-0.675069163760854
-0.6434349165913509
-0.61137395980313
-0.5804317387538755
-0.5514630608076122
-0.5248829289592029
-0.5008317936574725
-0.4546994689268936
-0.36747959993585366
-0.27361047987977016
-0.18251585096825004
-0.09821428567494293
-0.023351011411333875
0.0
0.0
0.13626997215386444
0.24720700462290945
0.3397442581486939
0.42583921779208667
0.5057931768090671
0.577694933423762
0.639448742264076
0.6835382199575659
0.6939888442123746
0.6843484847574549
0.6633863128194638
0.6367065883940465
0.6078261482247901
0.57889272217502
0.55116284521582
0.525318982342439
0.5016792231777737
0.46322326857572044
0.37664807164065484
0.2817897512198976
0.18923613961444669
0.10328949276919407
0.026696870852852397
0.0
0.0
-0.13968937715742508
-0.24927530387989838
-0.34160957359033206
-0.42773627429924127
-0.5077608983899766
-0.5797268864031012
-0.6415253061356101
-0.6857642332976281
-0.6962071594728811
-0.6864676562217193
-0.6653571663242475
-0.638506734460956
-0.609449794915793
-0.580344017638344
-0.552451565622411
-0.5264577735118833
-0.5026818672494948
-0.4721826017152324
-0.38747626504022115
-0.2929123808787966
-0.20003282406723483
-0.11335989135106457
-0.03571553224383696
0.0
0.0
0.12867001275378812
0.2422522136414332
0.33546931934296365
0.4219844429852472
0.5024385984061529
0.5749715577462713
0.6374753646669177
0.6843163411981332
0.696340640934576
0.6875189646341168
0.6668996298502595
0.6402702207962093
0.6112671164880056
0.5821152399351931
0.5541202937911156
0.5279954460412202
0.5040773959241892
0.47461843718744345
0.39041888680255366
0.2961627791524155
0.20345782363504156
0.11683909865422525
0.03913324139137822
0.0
0.0
-0.12502514559911165
-0.23910309954197
-0.3321887507791844
-0.4185258954757525
-0.49887971540261655
-0.5714159588271107
-0.6340293259984919
-0.6823299307258843
-0.6952914068423772
-0.6870618088691343
-0.6668077531410106
-0.6403955871284367
-0.6115140037929468
-0.582422561629855
-0.5544497967770688
-0.5283238441072201
-0.5043911370661205
-0.47457157701931924
-0.39033913772987305
-0.29612121523542045
-0.2034703313489375
-0.116908443530174
-0.039257915768719634
0.0
0.0
0.1263176021005177
0.23961847458263802
0.33244304205282704
0.4186236542164813
0.49884303242830846
0.5712530309569439
0.6337485604496019
0.6820304511269663
0.694993776034463
0.6867779566696375
0.6665440586760081
0.6401549157442188
0.6112970465336339
0.5822287102625506
0.5542777102423692
0.5281718105935754
0.5042573012800208
0.4730116484360761
0.38860519383668757
0.2945122160807393
0.20208040417762518
0.11578219956823514
0.038422234233764646
0.0
0.0
-0.12975728384768193
-0.2417293542792946
-0.33422798708611196
-0.42024733593600694
-0.500299532958825
-0.5725063561486339
-0.6347629223075554
-0.6823060851590116
-0.6948262326308109
-0.6863587461620937
-0.6659957608947802
-0.6395546250338252
-0.6106920043562509
-0.5816467083613475
-0.5537339959435731
-0.5276736547313338
-0.5038070061948491
-0.4700367608144697
-0.3852287645185778
-0.2912568594984932
-0.19912635283742397
-0.1132278260279697
-0.036336741749526225
0.0
0.0
0.1347460432269802
0.24488305782408565
0.33695603925973194
0.42277460228549557
0.5026093390374828
0.5745391893097532
0.6364594808962942
0.6828446193850276
0.6946655031686867
0.6857965044964797
0.6652230250800609
0.6386919306974564
0.6098135825349239
0.5807965810198481
0.552936664678197
0.5269411758417364
0.5031436535253293
0.4663561916742313
0.3810420706308584
0.2871879219410898
0.19539574464284387
0.10995988623754982
0.03362146165269306
0.0
0.0
-0.14086361684827917
-0.2488475304161832
-0.3404488338971457
-0.4260574688528645
-0.505653942088773
-0.5772653615889919
-0.6387870798128388
-0.6836741863738369
-0.6945848246535093
-0.6851876848902883
-0.664331747379915
-0.6376737253189805
-0.608764694821785
-0.5797745273656932
-0.5519738897370662
-0.5260540980664998
-0.5023386315467184
-0.4622388155340235
-0.3763559723484724
-0.28261788007418454
-0.1911867577144818
-0.1062521008132965
-0.030517553727131316
0.0
0.0
0.14753849746565095
0.25321946432858217
0.3443292222788043
0.42972480642164923
0.5090732735622355
0.5803456086509126
0.6414371665208978
0.6846469223855698
0.6945364844554206
0.6845450987007822
0.6633695385421733
0.636565911098413
0.6076191137977247
0.5786557686520866
0.5509185289578782
0.5250807904075909
0.5014547707034993
0.4578405345967195
0.37134538737696554
0.27772107596728257
0.1866651640504805
0.10225644652464909
0.02715900728742364
0.0
0.0
-0.15448555924298232
-0.25779487483050917
-0.348405778433992
-0.43358855246407957
-0.5126856587790494
-0.5836098898753455
-0.6442565776583672
-0.6856978195807053
-0.6945097312279073
-0.6838901390974825
-0.6623756513584885
-0.6354164960609539
-0.6064279122019263
-0.5774909883076386
-0.5498188759189153
-0.5240660902446939
-0.5005329768938416
-0.45332940626806006
-0.3662038705864967
-0.27269050691704205
-0.18201343172588352
-0.09813868882677744
-0.023690065727689447
0.0
0.006411937810125473
0.16135087146155705
0.26318044609937474
0.3533487782413356
0.4381803288753474
0.516832191778359
0.587193793047095
0.6471736058429853
0.6865546241378544
0.694126808192176
0.6827995531970338
0.6609183220101306
0.6338071679245468
0.604798481440452
0.5759193399922812
0.5483480295468789
0.5227168683194304
0.4993123504476381
0.4483420949055066
0.36053855759778536
0.2671278481486343
0.17684149288225773
0.09352813598326767
0.019769293917923425
0.0
-0.01785918069781578
-0.16859838396404905
-0.26946426557801434
-0.3591852571773792
-0.44353083612373956
-0.5215592700704238
-0.5911600250793518
-0.650265144561268
-0.6872690496136651
-0.6934225173807486
-0.6812967818151467
-0.6590133562207223
-0.6317485991414943
-0.6027380407771881
-0.5739457182859398
-0.5465093179708507
-0.5210353959534157
-0.49779444860122135
-0.44368653544549713
-0.35526341191581107
-0.2618862032163807
-0.1718891624731342
-0.08902637188435197
-0.015844792286739726
0.0
0.02928527284893176
0.17585272680325778
0.27576456009931455
0.3650435512114874
0.44890702193251575
0.5263149249104978
0.5951568172548247
0.6533882923943384
0.6880047464746819
0.6927325531413493
0.6798036699673189
0.6571149122750795
0.6296944415257417
0.6006805904363635
0.5719741295415484
0.5446719935185369
0.5193548743576406
0.49627720212841786
0.4390503863600023
0.35001335712691756
0.25667178493146126
0.16696463667073844
0.08455187088103742
0.011946032221079511
0.0
-0.04034070260710934
-0.18282474117942496
-0.28178860996900934
-0.37062134602338737
-0.4540031513348801
-0.5307986051470501
-0.5988975629879546
-0.6562786139379168
-0.6886209460188059
-0.6919943742572428
-0.6783060297135142
-0.6552376458988668
-0.6276755701927611
-0.5986651603188375
-0.5700467007788624
-0.5428781945076188
-0.5177156505462208
-0.494798190449459
-0.43451946382747614
-0.34487592794337635
-0.25156272748181324
-0.16213322884698583
-0.08015565156153726
-0.008109026938317027
0.0
0.05115066238620938
0.1896400060707482
0.2876763549997531
0.3760725949470522
0.45898353803598374
0.5351804517047218
0.602553452556152
0.6591035860738045
0.6892255763764731
0.691276527454502
0.6768464843793455
0.653407222556602
0.6257066521563714
0.5966993685506317
0.568166608533386
0.5411283680525567
0.5161165585748434
0.4933553553406653
0.4301269200620052
0.33989682036464874
0.2466108660252893
0.15744985492892644
0.0758933575195327
0.0043880020648479345
0.0
-0.06161354976764635
-0.19624207479542025
-0.2933835909689514
-0.38135946004358134
-0.4638163272368495
-0.539435182958196
-0.606106380580662
-0.6618526852034935
-0.6898207231213211
-0.6905883730788227
-0.6754382434026405
-0.6516385359532374
-0.6238029292687812
-0.5947980099829242
-0.5663477553607122
-0.5394353024326167
-0.5145691903521507
-0.4919590954421334
-0.42574786870944226
-0.3349328670537215
-0.2416825080034316
-0.15279891942595636
-0.0716715368812052
-0.0007141018656424414
0.0
0.0720656038649318
0.20286937503169833
0.29913073390111344
0.3866945843226094
0.46870246746954075
0.5437457158132231
0.6097150893970088
0.6646552072202748
0.6904317683596167
0.6898935246149821
0.6740103998845429
0.6498435446468925
0.6218701099498373
0.5928671660622307
0.5645004477465465
0.5377155984796677
0.5129973809726779
0.49054072036042823
0.4208801240839473
0.32940066830343234
0.23620128901578968
0.14764309327329672
0.0670106125432739
0.0
0.0
-0.08113424408015782
-0.20887577913898708
-0.3044933217303052
-0.3917769024010498
-0.47344823913796363
-0.5480240765496279
-0.613396071815675
-0.6676283041108205
-0.6912166375954741
-0.6893669811464384
-0.6727404572512868
-0.6481936411204634
-0.6200687051455894
-0.5910541444500512
-0.5627579975073214
-0.5360887064657881
-0.511507389021659
-0.4891942510360302
-0.41596858397136
-0.32376394674284287
-0.23057248956327464
-0.14230717288512318
-0.062146570473253976
0.0
0.0
0.08973604030113377
0.21461060228567552
0.3096347542806621
0.3966633134330966
0.4780225425633938
0.5521589497914444
0.616965163678434
0.6705238354087576
0.6919919335380345
0.6888709803479093
0.6715231818566987
0.6466070784452793
0.618334172039345
0.5893072033579341
0.5610783463047182
0.5345200176766388
0.5100704330036371
0.48789553707978217
0.4112675912066488
0.31836146283364797
0.22516734787417392
0.13717253957238318
0.05745507863659466
0.0
0.0
-0.09805448493132288
-0.22016745534830942
-0.31462367732305707
-0.40141018246562166
-0.48247145666884134
-0.5561861221966573
-0.6204476758695041
-0.6733566575098641
-0.6927676514481836
-0.6884122521130397
-0.670363109477826
-0.6450869175078072
-0.6166685795836497
-0.5876277441737061
-0.559462445876221
-0.5330101806464376
-0.5086869567113292
-0.48664488378020937
-0.40676135350819453
-0.31318474545212727
-0.21998906942172963
-0.13225416899141865
-0.052961835955015205
0.0
0.0
0.10602918971139061
0.22549697109260047
0.31940971847569427
0.4059647520936535
0.48674073704822396
0.5600512509643127
0.6237906334504942
0.6760765831201099
0.6935127871653077
0.6879723180753168
0.6692498652222152
0.6436279585065227
0.61506997208828
0.5860157892109262
0.5579114727375521
0.5315609957469661
0.5073590480325935
0.4846871990294933
0.4020274187944364
0.3079214946968987
0.2147948235324883
0.1273743472644771
0.048555766900170924
0.0
0.0
-0.11389615938516481
-0.23073186860329004
-0.32409752240763084
-0.4104168510262117
-0.4909060850772742
-0.5638143931179269
-0.6270369311549306
-0.6787083116182172
-0.6942203572114566
-0.6875259899302195
-0.668148703867621
-0.642191357442045
-0.6134987692119813
-0.5844330168659129
-0.5563894754428633
-0.5301394296329068
-0.5060567872155549
-0.4787197851797224
-0.39519593566519284
-0.30118617322512914
-0.20851021689451413
-0.12175125811100092
-0.04375371456456208
0.0
0.0
0.1228735822513557
0.2366108759637409
0.32930770443368956
0.41532939318814677
0.49547180481242054
0.5679094211477106
0.6305381161758343
0.6803478289870659
0.6942751938987104
0.6866530334007659
0.6667711622448669
0.6405779132340408
0.6118163981803992
0.5827821737333756
0.554827480577023
0.5286959672690935
0.504744135560448
0.4726428338433683
0.38824645107313116
0.29434577142529256
0.20213985340947077
0.1160644432166501
0.03891130685878805
0.0
0.0
-0.1322365985027168
-0.24282845660540636
-0.3348780611868702
-0.4206300871609558
-0.5004463519225639
-0.5724234157536858
-0.6344571231043108
-0.6818345173835492
-0.6942779762342596
-0.6857890958837461
-0.6654379216680065
-0.6390274846015128
-0.610205283345016
-0.5812043590551678
-0.5533364332835427
-0.527319210146149
-0.5034928655343421
-0.4668363371498862
-0.38162089705422925
-0.28784130902655636
-0.196100017941307
-0.11069084178287701
-0.0343547946440486
0.0
0.0
0.14117557564288832
0.24878880067534961
0.34023377428429047
0.42573845042738917
0.5052516676200625
0.5767956936383449
0.6382662200986506
0.6833060645601897
0.6943216083044937
0.6849969638968422
0.664191501103175
0.637568940117938
0.6086850897241943
0.5797130239326823
0.551925581822645
0.5260155574726169
0.5023074394667022
0.4612717080446429
0.37527441913219955
0.2816170947081428
0.1903274009678022
0.10556237157356185
0.030014109039815468
0.0
0.0
-0.14970919011246622
-0.25448002090414323
-0.3453481914706378
-0.43061685619338835
-0.5098407078799841
-0.5809711240399366
-0.6419036714402527
-0.6847092381407359
-0.6943600949331467
-0.6842368312494337
-0.6629974071248361
-0.6361723607320782
-0.6072298462474721
-0.5782856110152368
-0.5505753249029612
-0.5247679706175326
-0.5011730423018275
-0.45593686915180315
-0.3691888232487878
-0.27564781314345316
-0.18479035332898947
-0.10064232932212963
-0.025848955240524676
0.0
0.0011149926865181015
0.15785724056639872
0.26006101068331466
0.3503855319522198
0.43540317495192277
0.5143156223752233
0.5850124716911907
0.6453914627029806
0.6860123311960323
0.6943317255982772
0.6834320983036617
0.6617736131026499
0.6347560502528794
0.6057615354044905
0.5768495798891065
0.5492194157928537
0.5235167048868137
0.5000362756425155
0.45072680151257416
0.36324931731410026
0.2698201965364519
0.17938189547447492
0.09583319277017305
0.021773808231055777
0.0
-0.013007990765917715
-0.16545299884538925
-0.26668990211077015
-0.35657429048468603
-0.4411060322164862
-0.5193846296081107
-0.589299601868166
-0.6487730696811531
-0.686858576917213
-0.6936612138612708
-0.6819044087118531
-0.6598105130662207
-0.6326224294516792
-0.603619364964182
-0.5747938157316785
-0.5473018255086783
-0.5217616253300759
-0.4984509857450221
-0.4455299974693518
-0.35735626836465695
-0.263981625582724
-0.17388720330012383
-0.09086194339840697
-0.017465601820611035
0.0
0.02529436932789081
0.17326856541304644
0.27348797650605006
0.3629032833007631
0.44692143613508545
0.5245363018396891
0.5936374618779038
0.6521723352598889
0.6876734464833056
0.6929320283878266
0.680304607008853
0.6577705296911546
0.6304124192707962
0.6014043528964196
0.5726703897435365
0.5453224852998618
0.519950883065295
0.49681596301618874
0.4405744419254698
0.3517423480264648
0.258400691894117
0.16861082759105828
0.08606178048773062
0.013276763733492389
0.0
-0.037054396132158274
-0.1807159855043469
-0.2799431393471201
-0.3688954598417027
-0.452410490862018
-0.5293808607493347
-0.5976963820970193
-0.6553288506781317
-0.6883833474690274
-0.6921828174362319
-0.6787352410198001
-0.6557891527757592
-0.6282749667228068
-0.5992669501543763
-0.5706242119384928
-0.5434168864443745
-0.5182086878675161
-0.49524352921628334
-0.4357998727850495
-0.34632963577228215
-0.25301612047227084
-0.16351653721928927
-0.08142376155896763
-0.009225860024982768
0.0
0.048341272084773595
0.18784358203112975
0.28610813227354137
0.3746087459955658
0.4576351636657504
0.5339826927583786
0.6015414126593109
0.6583065609278953
0.6890307989779181
0.6914417732427403
0.6772149332217062
0.6538786214986295
0.6262180609350779
0.5972123229660671
0.5686585795456126
0.541587093994121
0.5165362970883006
0.4937344163528674
0.43122485698080726
0.34114275239114045
0.2478552802506064
0.15863289586175677
0.07697646812920615
0.005340428952559831
0.0
-0.059166449931764564
-0.19468047077109177
-0.29202235928902953
-0.3800902553697916
-0.4626485362983507
-0.5383991608760765
-0.6052324485743974
-0.6611661044617532
-0.6896553804761648
-0.6907344881015981
-0.6757600154625164
-0.6520491627815587
-0.6242479272038661
-0.5952440940657954
-0.5667754408330214
-0.5398339952028726
-0.5149339404928764
-0.4922884604145425
-0.4268268939280757
-0.3361571617595124
-0.24289631526825178
-0.1539420839304781
-0.07270665621627666
-0.0016120496321484906
0.0
0.06957562518284363
0.20125848282904946
0.29771482791834025
0.38536759841300505
0.46747630186927225
0.5426531981823364
0.6087888574054096
0.6639226068351645
0.6902580676733209
0.6900536325820759
0.6743586208319536
0.6502867661477189
0.6223499009898231
0.593347842628713
0.5649611325936662
0.5381449522758691
0.5133901183398385
0.49089531693869687
0.42205641122474463
0.3307464765188892
0.23754713217917467
0.14892213796699694
0.0681803160758412
0.0
0.0
-0.07913971496269687
-0.20753386666579357
-0.3032827819743703
-0.3906210554910485
-0.47236132290000454
-0.5470365201535744
-0.6125381027690278
-0.6669258666929433
-0.6910171738161927
-0.6894697644266794
-0.673015367394332
-0.6485573438519496
-0.6204687447655152
-0.5914583364557088
-0.5631473689806716
-0.536452809565408
-0.5118412003254366
-0.48949612931540787
-0.417041405877818
-0.32499754923638796
-0.23180859046170738
-0.14348353888993537
-0.06322363671995435
0.0
0.0
0.08789708775777397
0.21337708622822005
0.30852436154568785
0.39560485507318865
0.4770288782241821
0.5512578849378685
0.6161842996892357
0.6698868066905634
0.6918158088858763
0.6889715383221418
0.671781032011176
0.6469457856264285
0.6187056482176749
0.5896819669803421
0.5614390398799118
0.5348571047517177
0.510379351500779
0.4881748246048643
0.4122521091083874
0.3194938709941293
0.22630288839813262
0.13825413603371922
0.058446341206770905
0.0
0.0
-0.09634250587919105
-0.2190187501814741
-0.31358931941399726
-0.40042388271871293
-0.48154516258393026
-0.5553457055414361
-0.6197188325332291
-0.6727614045634346
-0.6926009040717458
-0.688502866544205
-0.6706001569889017
-0.6453993679104115
-0.617011734057729
-0.5879741885679659
-0.5597960299563778
-0.5333220213824049
-0.5089727941295554
-0.4869033395310304
-0.4076758987044068
-0.3142359664568869
-0.22104222034294263
-0.13325627043672458
-0.05387921009747268
0.0
0.0
0.10443323218526687
0.22442708123627902
0.3184469469950858
0.4050471709409366
0.4858794097124427
0.5592702265171398
0.6231137930543204
0.6755243746830635
0.6933592177549288
0.6880581061513544
0.669471777779076
0.6439198994910914
0.6153903535259552
0.5863391102652084
0.5582227154962832
0.5318519050900562
0.5076256705289773
0.4856855209360708
0.4032910094706833
0.30919813353051934
0.21600211959503093
0.12846835467067233
0.04950434315016397
0.0
0.0
-0.11217992849572384
-0.2296044166242893
-0.3230964117243638
-0.409471793267032
-0.49002687496651787
-0.5630250416630479
-0.626361288343299
-0.6781665531805536
-0.6940825591127253
-0.6876299840549706
-0.6683894675682297
-0.6425017219903952
-0.613836538434683
-0.5847723789316005
-0.5567152882807188
-0.53044342837396
-0.5063350759111237
-0.48001356540734047
-0.3966748586599158
-0.3026409829311053
-0.20986413095354522
-0.12295896856546376
-0.04478114934310218
0.0
0.0
0.12090819524473759
0.23530647041249542
0.32814040464663036
0.41422024833042626
0.4944328629742985
0.5669689971882278
0.6297244469349426
0.680049212051254
0.6942901084983264
0.6868504140608214
0.6670666815093901
0.6409181366216202
0.6121682125779736
0.583125746533157
0.5551515811775694
0.5289948678129966
0.5050155661813983
0.47388996276193945
0.3896726852126818
0.2957500747455182
0.20344820131184532
0.11723298283592583
0.03990696240271652
0.0
0.0
-0.1303225800550631
-0.2415543716897622
-0.3337344862820046
-0.4195401891664229
-0.4994218722632616
-0.5714920249356811
-0.6336465238809306
-0.6815225097980487
-0.6942704584889289
-0.6859597209622086
-0.6657053021522163
-0.6393399620086864
-0.6105307649858276
-0.5815235479517494
-0.5536383284912398
-0.5275981249773427
-0.5037464594595268
-0.4680102901818881
-0.38295979388082513
-0.2891551267941514
-0.1973193876275044
-0.11177510426825675
-0.03527356064796079
0.0
0.0
0.13937514805301243
0.24758574782918813
0.339151211671206
0.4247048024588157
0.5042783708457076
0.5759091258158062
0.6374927925700536
0.6830057162258331
0.6943103530818393
0.6851550192742552
0.6644416901749244
0.6378622605334519
0.6089910838400713
0.5800133637406273
0.5522098050162852
0.5262782417072414
0.5025463370885841
0.4623916700481508
0.3765519199645915
0.2828702530787479
0.1914899262680287
0.10659547844800886
0.03088884685875995
0.0
0.0
-0.14799651456298324
-0.2533370092349273
-0.34432054530691314
-0.4296363037207024
-0.5089180286455852
-0.5801313174029967
-0.641171761878287
-0.6844265213462057
-0.6943517692980322
-0.6843891052785162
-0.6632369743325688
-0.6364526856219459
-0.6075220130950725
-0.5785722277806553
-0.5508464714383944
-0.5250185136198092
-0.5014008630059769
-0.45700492809024706
-0.3704073085454874
-0.27684329131110874
-0.18589958612497356
-0.10162829756301307
-0.0266840137617064
0.0
0.0
0.15625660501953448
0.25884564807590665
0.3492708015203342
0.4343580739944728
0.5133596837617485
0.5841726074748638
0.6446923155522497
0.685784570010458
0.6943889716269388
0.6836533460482143
0.6620811979455152
0.635100932341197
0.6061134841150507
0.5771906390287391
0.5495395635664403
0.5238109807842897
0.5003028865927174
0.45184591732978474
0.36452228782219653
0.27107055765669114
0.1805446162713502
0.09686978291179091
0.0226553161074685
0.0
-0.010468626273584969
-0.16383732888414587
-0.26528391547161145
-0.355264646047349
-0.43990200465385
-0.5183173509747919
-0.5884002033239348
-0.6480674600220703
-0.6866886620981735
-0.6938113945277624
-0.6822351174334577
-0.660232539933223
-0.633079779635935
-0.6040778303578522
-0.5752333712175169
-0.547711583240947
-0.5221364981776833
-0.4987894912451559
-0.44654918183714043
-0.3585118738662086
-0.2651320333139993
-0.17497652881272244
-0.09185469376324207
-0.01833374064980972
0.0
0.022831514326874358
0.17169880630644505
0.2721207663175941
0.3616291593602655
0.44574955411208556
0.5234969579935151
0.5927609419419662
0.6514838579052408
0.6875053892668965
0.6930750669733826
0.6806232225631061
0.6581780879314788
0.6308545308881987
0.6018477802570266
0.573095665930789
0.5457190160845525
0.5203137078880762
0.4971436230314428
0.4415645309139227
0.3528636014872522
0.2595151446427172
0.16966429061064886
0.08702000909773616
0.014112810430514988
0.0
-0.03472135781888064
-0.1792415912124083
-0.2786672359177925
-0.36771263940756505
-0.4513284947269913
-0.5284275298640321
-0.5968994970455509
-0.6547113416315143
-0.6882488815088919
-0.6923361858529009
-0.6790501609934116
-0.6561849822730845
-0.6287011586567618
-0.5996926895621408
-0.5710315221895642
-0.5437960554972247
-0.5185552445810168
-0.49555625390382807
-0.43675012711116407
-0.3474073088554836
-0.2540886032415159
-0.164531607683493
-0.08234831765556101
-0.010033786864503735
0.0
0.04609569842537947
0.18642585544276197
0.2848820700199252
0.3734726434127758
0.4565963301543212
0.533067805195397
0.6007770961731185
0.65771477800104
0.6889022358779975
0.6915892158806793
0.6775172723246699
0.6542585203354412
0.6266270456394194
0.5976208438029942
0.5690493992615941
0.5419509012809218
0.5168688066722231
0.4940344610027283
0.4321331129660322
0.3421723988534166
0.24887975822850195
0.159602366617896
0.07785934485705746
0.006111798133882906
0.0
-0.0570180383921739
-0.19332324398655767
-0.2908480678876325
-0.3790017123045618
-0.4616527983632073
-0.5375218088314734
-0.6044990165201894
-0.6605976684810404
-0.6895308073202411
-0.6908744459566706
-0.6760484878928608
-0.6524120595668338
-0.6246388042162491
-0.5956346341116143
-0.5671491210484121
-0.5401818855881031
-0.5152519262941904
-0.4925754145446598
-0.4277123462874507
-0.3371609397843007
-0.24389390322911658
-0.15488472302992007
-0.07356361539212854
-0.0023591814355684304
0.0
0.06747652749122213
0.19992926378000755
0.2965630386231837
0.3842988723966059
0.46649786716969655
0.5417903257243222
0.60806675222042
0.6633620995125596
0.6901352829867808
0.6901917167282899
0.6746431607862576
0.6506446959225638
0.6227354187494705
0.59373302301374
0.5653296815888205
0.5384880637822111
0.5137037349284437
0.4911783275208965
0.42302556868882224
0.33184687099652727
0.23863633259803957
0.14994563408825518
0.0691045241842227
0.0
0.0
-0.07746895721205158
-0.20641388111544268
-0.30227492355272356
-0.38966049271831704
-0.47145964843052235
-0.546218922203557
-0.6118295927706182
-0.6663478602224641
-0.6908567416772743
-0.6895600408019863
-0.6732482057499334
-0.6488635039675373
-0.6208046619573364
-0.5917972993131995
-0.5634736480916603
-0.5367577601263706
-0.5121206837892496
-0.4897488153666963
-0.41798023016163094
-0.3260765091716886
-0.23288676894103144
-0.14450617168248825
-0.06415631392452734
0.0
0.0
0.08625712451858103
0.2122837131931981
0.30754415132417634
0.39467332279212564
0.476156927824935
0.5504698061827067
0.61550419218895
0.6693352242496805
0.6916687942491085
0.6890670639074793
0.6720141253279154
0.6472492731834589
0.6190372972086021
0.5900159118917188
0.5617600772926121
0.5351569065889158
0.5106539602168301
0.4884230038996139
0.4131447634928771
0.32051996403543914
0.22733006697117025
0.13923055495239603
0.05933916452801277
0.0
0.0
-0.09476148907330234
-0.2179616622404969
-0.31263967505157725
-0.39951987171392367
-0.480697477877013
-0.5545779374909323
-0.6190544106236673
-0.6722203624798215
-0.6924515603727477
-0.688588646699646
-0.6708195895220365
-0.6456874909773722
-0.6173276791455871
-0.5882929013922795
-0.560102760724944
-0.5336086674509557
-0.5092354805010392
-0.48714082548757687
-0.4085297653348701
-0.3152167990167626
-0.2220233630948205
-0.13418820304153428
-0.05473063378234411
0.0
0.0
0.10292432383631861
0.22341834447750086
0.31754088835157734
0.40418481136714357
0.4850709640842031
0.558538212683842
0.6224805685429025
0.6750090495629691
0.6932179294892695
0.6881412837080201
0.6696824944668949
0.6441961084528236
0.6156930250599522
0.5866443219559573
0.5585163882731033
0.5321263091026643
0.5078771136787475
0.485912826700887
0.4041098736169866
0.31013899591850214
0.21694345136572618
0.12936262752468908
0.05032150722666974
0.0
0.0
-0.11073374564593053
-0.22863800138626506
-0.3222285971574945
-0.4086459933927798
-0.48925284768305044
-0.5623243400454189
-0.6257553114645118
-0.6776735872501871
-0.6939477182169371
-0.6877100413909298
-0.6685916096918618
-0.6427665368994201
-0.6141266554809255
-0.5850648940986719
-0.5569967233032257
-0.5307063846977476
-0.5065760212050444
-0.4811088134488867
-0.3979293224969109
-0.3038788872911306
-0.21102040130570182
-0.12399479361160229
-0.04566708591375894
0.0
0.0
0.11926846181374434
0.23423612678045946
0.3271941052595738
0.4133297466977378
0.4936068948879801
0.5662299541281284
0.6290945709895138
0.6798375029060537
0.6943316416879881
0.6870380686912837
0.6673316644637136
0.6412169733776941
0.6124740695860105
0.5834226534693308
0.5554305932424983
0.5292515247583482
0.5052482170405818
0.47495024465746627
0.3908862075558201
0.29694640338665074
0.20456435528118372
0.11823149365424424
0.040759472828913984
0.0
0.0
-0.12868544332570706
-0.24046793110091685
-0.3327612708002615
-0.4186139374390503
-0.49855231743612843
-0.5707025633907957
-0.6329605841957231
-0.6812595682138995
-0.6942657666367217
-0.6861060471391497
-0.665933579607964
-0.639606359173145
-0.6108080577811564
-0.5817953726362391
-0.5538953619457946
-0.5278355535928877
-0.5039623085614936
-0.46900991024127625
-0.3840993061978257
-0.2902726481124168
-0.19835590277354728
-0.11269608316324799
-0.0360532344653291
0.0
0.0
0.13783690559196188
0.2465583943080809
0.33822705832244326
0.4238226177793557
0.5034478794948869
0.5751528225770147
0.6368332008911745
0.6827497946054002
0.694301094098011
0.6852902063201805
0.6646554657215997
0.6381128106745737
0.6092524202049954
0.5802698489086817
0.5524525137181975
0.526502549381645
0.5027503281021481
0.46335284603240834
0.3776481557416939
0.28394522697672553
0.19248672796206043
0.10748085571186097
0.031638006250740675
0.0
0.0
-0.1465251147801895
-0.2523559623940743
-0.34343909654048455
-0.4287956633397985
-0.508127381489156
-0.5794120717940006
-0.6405453455028661
-0.6841852681380592
-0.6943457448497882
-0.6845207114691803
-0.6634433416188869
-0.6366939083839097
-0.6077732992836362
-0.578818669466308
-0.5510795690890925
-0.5252338728543307
-0.5015966743447783
-0.45792541996896896
-0.37145742034717005
-0.27787344025339084
-0.18685525642550177
-0.10247759380917175
-0.02740312754036854
0.0
0.0
0.15484416440568224
0.25790364068752447
0.3484242403979471
0.43355055186613334
0.512600030554777
0.5834813874445001
0.6440901146573288
0.6855521342979266
0.6943823960379908
0.6837789533299007
0.6622786407796336
0.6353319029103466
0.6063541801371749
0.5774267450184565
0.5497629151216707
0.5240173540834233
0.5004905393295274
0.45272725242632067
0.3655276134688237
0.2720566766612985
0.1814593490623827
0.09768260808162192
0.023343455952160738
0.0
-0.008454503629703736
-0.16254941817382387
-0.2641589404596346
-0.3542136229843819
-0.4389328101432234
-0.5174551557766142
-0.5876701954945909
-0.6474907024462414
-0.6865427060071109
-0.6939232539636885
-0.6824927684678791
-0.6605643401503637
-0.6334407261665191
-0.6044403979501825
-0.5755814159593007
-0.548036296729029
-0.5224337317714449
-0.49905799461396766
-0.4473502332019118
-0.3594200848099022
-0.26603658919627693
-0.17583359103108903
-0.09263635200591168
-0.019017912466524123
0.0
0.020876632826774988
0.17044998383653517
0.2710313006725529
0.3606125736383301
0.4448133353406256
0.5226653505438147
0.5920581881818139
0.6509301851151094
0.68736716865316
0.6931853678435135
0.6808739538093566
0.6585001326508765
0.6312044821012199
0.6021990976105686
0.5734327915699772
0.5460334697352861
0.5206015044084543
0.4974035724694905
0.4423498034406813
0.3537526080634682
0.2603984435089056
0.17049893557293136
0.08777888799411317
0.014774605660339404
0.0
-0.032871960411365225
-0.17807325348808808
-0.27765647997334303
-0.36677586146450736
-0.4504718059473598
-0.5276729745637474
-0.5962690681812898
-0.6542231838553898
-0.6881433825556235
-0.6924586609408533
-0.6793005473176845
-0.6564993856095327
-0.6290395333859653
-0.6000306262629341
-0.5713547844491987
-0.5440969553601448
-0.5188302464101044
-0.4958043978697831
-0.4375051711783598
-0.3482637086477347
-0.25494093471496393
-0.16533835474201897
-0.0830831634686721
-0.010675968086046803
0.0
0.04431013197233338
0.18529887993071428
0.28390766238214504
0.37256988424105736
0.4557710039321886
0.5323410992203805
0.6001701561389396
0.6572450416459061
0.6888005140414759
0.6917067546547191
0.6777578443075851
0.6545606793077351
0.6269522792973594
0.5979456764412793
0.5693601381785005
0.5422401512707551
0.5171331657957462
0.49427300453772255
0.4328551921696275
0.34299096833972226
0.24969420003967072
0.16037305980962233
0.07856118005982207
0.006724971805687138
0.0
-0.055308885951707465
-0.19224355191370363
-0.2899139274232694
-0.3781357999916112
-0.4608607238507867
-0.5368239189078221
-0.6039156210273868
-0.6601455309035181
-0.6894317259092803
-0.6909857768205161
-0.6762779494083357
-0.6527007190248667
-0.6249497191358598
-0.5959452805175498
-0.567446356395708
-0.5404586068356688
-0.5155048605342841
-0.49280366531147934
-0.42840418862023705
-0.3379451909113473
-0.24467409246519461
-0.1556228835243717
-0.07423569946957388
-0.0029462303585745253
0.0
0.06584042120755004
0.1988958773889592
0.29566907376148044
0.3834702919085631
0.465740031635404
0.5411227032170538
0.6075087740882615
0.6629298009606317
0.6900408671610254
0.6902986528231849
0.6748631237960968
0.6509212815623105
0.6230332710177874
0.5940305866296937
0.5656143805841801
0.5387531026820085
0.5139459840060412
0.4913969313816852
0.4237741240690088
0.33269566797041283
0.23947524038530627
0.15073266281895675
0.06981391709621139
0.0
0.0
-0.07618144182894093
-0.2055502513542039
-0.30149743035761906
-0.3889192645643217
-0.47076367088949733
-0.5455876519676973
-0.6112823497125661
-0.6659011925460798
-0.6907324935947504
-0.6896293870137981
-0.6734276522579331
-0.6490995926641695
-0.6210637565744069
-0.5920587746841443
-0.563725357540374
-0.5369930266733562
-0.512336309642288
-0.48994377101807324
-0.41870703754218597
-0.32691186895649105
-0.23372145902564112
-0.14529776827575544
-0.06487817479415693
0.0
0.0
0.08498820719472183
0.21143791172282334
0.306786012241013
0.3939529264783024
0.47548269830320156
0.5498605255504653
0.6149784943272005
0.6689089983829224
0.6915554733656636
0.6891413145586495
0.6721947497275176
0.6474843132110958
0.6192940875884986
0.5902744480877925
0.5620086021676345
0.535388981124443
0.510866525907243
0.48861510695502247
0.413835629454287
0.32131412247407565
0.2281250909194019
0.13998631794120645
0.060030249996965185
0.0
0.0
-0.09353734462861779
-0.21714316148763663
-0.3119043502288915
-0.398819865638753
-0.48004107009175534
-0.553983394004687
-0.6185398733705569
-0.6718013445835087
-0.6923358202857206
-0.688654959096955
-0.6709893912412457
-0.6459104855872184
-0.6175722239668784
-0.5885395976246797
-0.5603401876755161
-0.5338305509243825
-0.5094388195556135
-0.4873246588018796
-0.40919074373124015
-0.315976041744418
-0.2227828228039277
-0.1349095479101193
-0.05538963875564104
0.0
0.0
0.10175615524850534
0.22263740066133045
0.3168394375345899
0.4035171932005414
0.48444508677733716
0.5579715091054931
0.6219903473760198
0.6746101053086108
0.6931085584037343
0.688205689852727
0.6698456385185558
0.6444099546292749
0.6159273571737524
0.5868806196869804
0.5587437518880611
0.5323387543462683
0.5080717822630872
0.48608880785661784
0.404743935234971
0.3108675228732304
0.21767233632123104
0.13005506764506874
0.050954234649286306
0.0
0.0
-0.10961389039627806
-0.22788967467317883
-0.32155663196649187
-0.4080065694137573
-0.4886535193911943
-0.561781795690828
-0.6252861200069624
-0.67729190715774
-0.6938433353529142
-0.6877720537771717
-0.6687481510424453
-0.6429716040675542
-0.614351312194002
-0.5852914057529034
-0.5572146537458447
-0.530910005347233
-0.5067625971209618
-0.48195697601665577
-0.3989007814281698
-0.30483751914391044
-0.21191581187737962
-0.1247969275838872
-0.04635314286681695
0.0
0.0
0.11799857871997943
0.2334072134071859
0.32646126154394794
0.412640118084708
0.49296724595204433
0.5656576251174749
0.6286067864670479
0.6796735563368932
0.6943638115371754
0.6871833979485541
0.6675368781003276
0.6414484037100159
0.6127109361077799
0.5836525884208089
0.5556466695989966
0.529450288437501
0.5054283895325208
0.47577139634204774
0.391826036858583
0.29787291320803866
0.20542876897977047
0.11900479356176454
0.04141969777134723
0.0
0.0
-0.12741750086712036
-0.23962650413226316
-0.3320075393972947
-0.41789658179759664
-0.4978788750807362
-0.5700911539213697
-0.6324293521349532
-0.6810559360476374
-0.6942621411146124
-0.686219380186169
-0.6661103809160148
-0.6398126824231615
-0.6110228187199469
-0.5820058980518852
-0.5540944313981901
-0.528019439132776
-0.5041294809134425
-0.4697841322810319
-0.3849818764628152
-0.29113818402654223
-0.1991586959832613
-0.11340938972295704
-0.03665709626726389
0.0
0.0
0.13664549099966708
0.24576268508245736
0.33751128409693054
0.4231393519430086
0.5028046535269891
0.5745670588526074
0.636322343976372
0.6825515864628807
0.6942939297192522
0.6853949171796184
0.6648210440568086
0.6383068709399972
0.609454834013006
0.5804685048630882
0.5526404990987112
0.5266762824374366
0.5029083251899217
0.46409732413972604
0.3784972438839927
0.28477784546261853
0.19325879685869157
0.10816661964237072
0.03221826165088547
0.0
0.0
-0.145385426679913
-0.25159608653072263
-0.3427563675473577
-0.42814454441092376
-0.5075149864756479
-0.5788549824109492
-0.6400601584586124
-0.6839984094847993
-0.694341082612741
-0.6846226508613154
-0.6636031869484
-0.636880750713459
-0.6079679359218125
-0.5790095534841603
-0.5512601171919139
-0.5254006813970538
-0.5017483418199145
-0.4586384084329914
-0.3722708085692617
-0.27867136479219573
-0.18759549075942378
-0.10313543269175746
-0.027960129748497653
0.0
0.0
0.15375011434674635
0.2571739823272872
0.3477685144127436
0.43292506580055756
0.5120116236563156
0.5829459881761377
0.6436236682895419
0.6853720985402244
0.6943773056022401
0.683876248154095
0.6624315773498035
0.6355108089665057
0.6065406190480888
0.5776096283896816
0.5499359190338787
0.5241772068913111
0.5006358915060223
0.4534099267918593
0.3663063295758181
0.27282051480250336
0.18216789136482323
0.09831221299241931
0.02387648015707114
0.0
-0.006894367007380359
-0.16155180677491546
-0.26328754008288335
-0.353399506570839
-0.4381820786870881
-0.5167873063226256
-0.5871047384821693
-0.6470439529597416
-0.6864296522939949
-0.6940099022073217
-0.6826923456625256
-0.6608213525587635
-0.6337203148769925
-0.6047212421027532
-0.5758510106062134
-0.5482878189597024
-0.5226639680958592
-0.4992659765526183
-0.44797072989317316
-0.3601235874830184
-0.26673726018198285
-0.17649747278652284
-0.09324182516135177
-0.019547871955906293
0.0
0.019362364164667467
0.16948263628520374
0.2701873930962166
0.35982512003653505
0.4440881351064225
0.5220211834705533
0.5915138325086993
0.6505013089567393
0.6872601040209706
0.6932708092335869
0.6810681732171218
0.6587495917262423
0.631475557555249
0.6024712311436983
0.5736939319905549
0.5462770481868554
0.5208244339895224
0.49760493144806034
0.44295808525685854
0.35444124351952166
0.26108265744041076
0.17114546129659303
0.08836672411110948
0.015287239326858257
0.0
-0.031439385269594444
-0.17716823985065036
-0.27687353237036716
-0.36605021882748107
-0.44980820200799987
-0.5270884851575559
-0.5957807293590343
-0.6538450507038259
-0.6880616626012969
-0.6925535330117646
-0.6794945012563092
-0.656742927990854
-0.6293016442762184
-0.6002923977644192
-0.5716051888302466
-0.5443300374225993
-0.5190432674038358
-0.49599661430364744
-0.4380900428593082
-0.3489270923679917
-0.25560116683738937
-0.16596327608357586
-0.08365238852176883
-0.011173413189920794
0.0
0.042926991466433084
0.18442589962001074
0.28315286494744357
0.3718705875681782
0.4551316887596387
0.5317781776630632
0.5997000080837932
0.6568811747123002
0.6887217189155143
0.6917978033897959
0.6779441971114784
0.6547947386348512
0.6272042127027473
0.5981972991497481
0.5696008435377405
0.542464210802718
0.5173379442912155
0.4944577856920728
0.433414532308691
0.34362505216484396
0.2503250863282194
0.1609700572016941
0.07910483823721086
0.007199950481130951
0.0
-0.05398493054807624
-0.1914071938813494
-0.289190317811156
-0.3774650419037954
-0.4602471626329815
-0.536283315693463
-0.6034637083298278
-0.659795294131641
-0.6893549754754419
-0.6910720170932694
-0.6764556966687678
-0.6529243224829915
-0.6251905621992239
-0.59618591553967
-0.5676766028274647
-0.5406729624828982
-0.5157007901224011
-0.4929804744186484
-0.4289401090797634
-0.33855269378960834
-0.24527844879526406
-0.15619468311148915
-0.07475631431766848
-0.003400974510823135
0.0
0.06457304443151957
0.19809538575289806
0.29497658236572455
0.38282844931440485
0.4651529902810614
0.5406055436288083
0.6070765483435815
0.6625949303828911
0.6899677303155121
0.6903814889827009
0.675033513847744
0.6511355331114255
0.6232639962819946
0.5942610882655752
0.565834916884655
0.5389584096777857
0.5141336373227219
0.49156626840826184
0.4243539782017178
0.33335317232305484
0.24012508419265816
0.1513423194228275
0.07036343451822728
0.0
0.0
-0.07518409129598677
-0.20488125641097035
-0.3008951596747414
-0.388345086027519
-0.4702245449877578
-0.5450986504565103
-0.6108584383624852
-0.6655551901043761
-0.6906362474111208
-0.6896831049887187
-0.673566657334517
-0.6492824745248573
-0.6212644595176221
-0.5922613218139782
-0.5639203396643204
-0.5371752715965759
-0.5125033402568925
-0.49009478983689003
-0.41927004628390363
-0.3275589659067287
-0.2343680371303089
-0.14591096467701917
-0.06543735155545694
0.0
0.0
0.08400526134072309
0.21078272572783688
0.30619873254065333
0.3933948836414032
0.47496041784645915
0.5493885567035715
0.6145712715064833
0.6685788299018961
0.6914676914052712
0.6891988316899506
0.6723346674640988
0.647666383077733
0.619493005984779
0.5904747188404765
0.5622011178110102
0.5355687537831988
0.5110311863628738
0.4887639163712547
0.4143707977330618
0.32192930459688934
0.22874094343990484
0.14057175752899687
0.06056558812488645
0.0
0.0
-0.09258907998871271
-0.21650912259260857
-0.3113347423405117
-0.3982776169112071
-0.4795325941357006
-0.5535228402943837
-0.6181412952674377
-0.6714767590814162
-0.6922461641587397
-0.6887063270531237
-0.6711209255625108
-0.646083224934659
-0.6177616568374481
-0.5887306970436125
-0.5605241067834851
-0.5340024295154754
-0.5095963329982973
-0.487467062424338
-0.4097027607557342
-0.3165641777495457
-0.22337112685459942
-0.13546832683206111
-0.05590012697590305
0.0
0.0
0.1008512504461957
0.2220324539702347
0.31629606897636353
0.4030000326386797
0.4839602601845618
0.5575325205940942
0.6216106048595086
0.6743010691260425
0.6930238357867091
0.6882555811896387
0.6699720157075251
0.6445756074624496
0.6161088791289278
0.58706366427265
0.5589198757876174
0.53250332194542
0.5082225794319056
0.4862251290815853
0.4052351020351833
0.31143186589130356
0.21823695663447407
0.13059145645964265
0.05144436784914638
0.0
0.0
-0.10874641013622777
-0.227309993866546
-0.32103610357405876
-0.40751124863519517
-0.48818925819089176
-0.5613615213850827
-0.6249226675054703
-0.6769962441163735
-0.693762476691647
-0.6878200908434298
-0.6688694136320846
-0.6431304564923568
-0.6145253393790818
-0.5854668698380884
-0.5573834705130565
-0.5310677372320142
-0.5069071255406529
-0.48261399356774726
-0.3996533088159129
-0.30558011018852166
-0.21260942939662353
-0.12541828963778442
-0.04688458742454224
0.0
0.0
0.11701488086906817
0.23276510685687407
0.3258935740812712
0.4121059066335605
0.49247175059546416
0.5652142782422039
0.6282289308457716
0.6795465573901256
0.6943887315100497
0.6872959753183232
0.667695844088773
0.6416276781029282
0.6128944215681364
0.5838307044315777
0.5558140502347467
0.5296042580404483
0.5055679577225854
0.4764074905792631
0.3925540631295329
0.29859062170619766
0.2060983755276592
0.11960382000967441
0.04193113218969348
0.0
0.0
-0.12643530593670915
-0.23897470384692443
-0.33142367134592265
-0.4173408917641447
-0.4973572019062388
-0.5696175337125043
-0.6320178403044531
-0.6808981951298211
-0.6942593326889637
-0.6863071721621072
-0.6662473377355065
-0.6399725080203233
-0.6111891804577892
-0.5821689787950705
-0.5542486379287862
-0.5281618836445813
-0.5042589787737702
-0.470383873304589
-0.3856655480256781
-0.2918086601429234
-0.19978056927162044
-0.11396194333473403
-0.03712486991526219
0.0
0.0
0.13572257710224386
0.2451462992548169
0.3369568188969054
0.42261006895597797
0.5023063869135829
0.5741133046280992
0.6359266153460232
0.682398047134341
0.6942883799543201
0.6854760301098036
0.6649493071825877
0.6384571972199697
0.609611631253749
0.580622391129316
0.5527861195417965
0.5268108625009016
0.5030307155889806
0.46467402455165024
0.3791549791151002
0.285422822680024
0.19385687010772734
0.10869783785136608
0.03266774902603059
0.0
0.0
-0.1445025818484712
-0.2510074584162435
-0.34222750027991783
-0.42764016348258826
-0.5070406025387626
-0.5784234402779276
-0.6396843145561761
-0.6838536618441016
-0.694337471088235
-0.6847016169203775
-0.663727009097746
-0.6370254857411587
-0.6081187087092889
-0.5791574193510807
-0.5513999764735743
-0.5255298975035714
-0.5018658290916039
-0.45919071589304755
-0.37290088942544153
-0.2792894668982655
-0.18816890387640028
-0.10364501921456452
-0.028391604418405256
0.0
0.0
0.15290262231255916
0.25660876172425456
0.3472605645949464
0.43244054095838913
0.5115558217252172
0.5825312479374299
0.64326234154424
0.6852326361386228
0.6943733623731613
0.68395161636621
0.6625500477331923
0.6356493962815604
0.6066850415924608
0.5777512966794149
0.5500699343252078
0.5243010348458086
0.5007484867297517
0.45393875188802335
0.3669095521959145
0.2734122123909582
0.18271675472540075
0.09879992849430105
0.02428938062957224
0.0
-0.005685826764095847
-0.16077901964271563
-0.2626125207395235
-0.3527688615340552
-0.4376005340145113
-0.5162699651543076
-0.5866667143341701
-0.6466978841064334
-0.6863420766705873
-0.6940770231901082
-0.6828469456347305
-0.661020443995308
-0.6339368947607521
-0.6049387944979794
-0.5760598487126063
-0.5484826574955439
-0.5228423177716364
-0.4994270871479512
-0.4484513898779534
-0.36066854701067946
-0.267280026176464
-0.17701174046270718
-0.09371084734561985
-0.019958398423495533
0.0
0.018189354873873576
0.16873329260278136
0.26953367065069367
0.3592151289590313
0.4435263678237315
0.5215221875143584
0.5910921542067754
0.6501690854177015
0.687177167751843
0.6933369953442363
0.68121862285684
0.6589428320823087
0.631685542767804
0.6026820359833736
0.5738962211526423
0.5464657331889825
0.5209971236021418
0.49776091166306885
0.44342928317397
0.35497468638072815
0.26161267522168036
0.17164628437677257
0.08882208401878891
0.015684344593814542
0.0
-0.030329658776599544
-0.17646718231098557
-0.2762670317661745
-0.36548810880293836
-0.44929414948908497
-0.5266357177272755
-0.5954024437816415
-0.6535521345769222
-0.6879983592622342
-0.6926270244832679
-0.6796447452610653
-0.6569315850641603
-0.6295046852130969
-0.6004951757976504
-0.5717991614649967
-0.5445105915388869
-0.5192082814630463
-0.4961455123696654
-0.43854310642980926
-0.34944097431262267
-0.256112607435111
-0.16644736362331713
-0.0840933316237869
-0.011558752846640902
0.0
0.04185555885562964
0.18374965626965592
0.2825681704952375
0.3713288860926324
0.45463645120894075
0.5313421174779313
0.5993358137399494
0.6565993097190727
0.6886606812540326
0.6918683331636104
0.6780885529971565
0.6549760497854021
0.6273993697855604
0.5983922155548023
0.5697873029537013
0.5426377757353005
0.5174965734083816
0.49460092411737006
0.43384781820382234
0.3441162373283588
0.25081379455912184
0.1614325138189851
0.07952597629339396
0.007567886813192523
0.0
-0.05295934491156862
-0.19075931950431868
-0.2886297826008041
-0.3769454474720994
-0.4597718750479469
-0.5358645441215162
-0.6031136397672011
-0.659523987564149
-0.6892955217065438
-0.69113882205289
-0.6765933863808995
-0.6530975341295386
-0.6253771282918835
-0.5963723204755725
-0.5678549603705559
-0.5408390104267491
-0.5158525645480246
-0.4931174374008005
-0.42935525322182777
-0.33902328836509266
-0.24574660593578407
-0.15663762057413222
-0.07515960215617473
-0.0037532364308034555
0.0
0.06359128670620195
0.19747529482107026
0.2944401524833514
0.38233125389948375
0.4646982459683197
0.5402049323610781
0.6067417300261728
0.6623355270400298
0.6899110757658455
0.6904456569890458
0.6751655043918622
0.6513015004210542
0.623442724750804
0.5944396435033436
0.566005752598684
0.5391174481994857
0.5142790006405091
0.49169744323873843
0.42480315502854005
0.33386249993156925
0.24062847765425407
0.15181458236430162
0.07078911138651021
0.0
0.0
-0.07441150604450919
-0.20436302775584844
-0.3004286181429564
-0.38790030572952094
-0.4698069177801337
-0.5447198514881028
-0.6105300606822167
-0.6652871635961453
-0.6905616914972039
-0.6897247169542082
-0.6736743358977191
-0.6494241416957601
-0.6214199315694637
-0.5924182224420762
-0.5640713801541533
-0.537316445371429
-0.5126327284558037
-0.49021177469629756
-0.4197061740426318
-0.32806023155609065
-0.23486890086204776
-0.14638596968473305
-0.06587051091686102
0.0
0.0
0.08324383448707304
0.21027519399752254
0.30574380358226527
0.39296260265805716
0.474555839748931
0.5490229518727183
0.6142558213844094
0.6683230689714467
0.6913996921957248
0.6892433866250189
0.6724430530090593
0.6478074212489522
0.6196470956610944
0.5906298561029121
0.5623502476738761
0.535708012450567
0.5111587385489302
0.48887918974562006
0.41478535922552595
0.32240584782456594
0.22921800598262565
0.14102526106904661
0.06098028118807673
0.0
0.0
-0.09185451850293408
-0.21601797219773264
-0.31089350262900495
-0.3978575706357286
-0.47913870952045373
-0.5531660780547258
-0.6178325416661115
-0.6712253229341736
-0.6921767131484802
-0.6887461186059667
-0.6712228169992843
-0.646217035335679
-0.6179083986698112
-0.5888787298470325
-0.560666577447723
-0.5341355731420901
-0.5097183488402047
-0.4875773736307216
-0.41009938841811533
-0.3170197700398161
-0.22382684931911956
-0.13590117802021137
-0.05629557036844844
0.0
0.0
0.1001502771185121
0.2215638394886309
0.3158751552349331
0.4025994205980227
0.48358469525375025
0.5571924635668848
0.6213164420104619
0.6740616780652232
0.6929582064583737
0.6882942288977496
0.6700699122360413
0.6447039283835325
0.6162494928693033
0.5872054574999032
0.5590563079908443
0.5326308022032779
0.5083393925959991
0.4863307286345858
0.40561557833088213
0.3118690272403743
0.21867433278671544
0.13100696342999574
0.05182404347873115
0.0
0.0
-0.10807442726498781
-0.22686095128818248
-0.3206328826830128
-0.4071275545110302
-0.4878296239855383
-0.5610359610844584
-0.6246411235138599
-0.6767672123929451
-0.6936998405284911
-0.6878573021637676
-0.6689633481997818
-0.6432535095616233
-0.6146601473889761
-0.5856027909248871
-0.557514242337064
-0.5311899222887273
-0.5070190826961796
-0.48312294410145784
-0.40023624486528586
-0.30615534917227744
-0.21314673164353243
-0.12589962008051364
-0.047296264389000475
0.0
0.0
0.11625287147355384
0.232267706945271
0.3254538219972163
0.41169208632860305
0.4920879212352203
0.564870845059214
0.627936229654153
0.6794237281310883
0.6943941472386371
0.687376055048597
0.6678161108608736
0.6417662827251791
0.6130378216976592
0.5839707867318208
0.5559462180778801
0.5297261646793225
0.5056786704682472
0.47691597796345697
0.39313580340202625
0.29916368100964325
0.20663255095036684
0.12008119436847606
0.04233817556674478
0.0
0.0
-0.12565121911205446
-0.2384542222459518
-0.3309574340642062
-0.41689722582006833
-0.49694080544393177
-0.5692396379217998
-0.6316896837507157
-0.6807732466242725
-0.6942583888197941
-0.6863786872723342
-0.6663581175783313
-0.6401014918603581
-0.6113232921216866
-0.5823003630104437
-0.554372823587699
-0.5282765667584076
-0.5043632192550761
-0.4708668480764137
-0.3862164437906233
-0.2923492874891781
-0.20028237948807134
-0.11440819922302131
-0.037503059078655504
0.0
0.0
0.13497923159847652
0.24465030471404736
0.33651092999276566
0.422184626272248
0.5019060508234827
0.5737489105937814
0.6356090120538229
0.6822751186813919
0.6942843865548195
0.6855416651665623
0.6650528048287134
0.6385783907187179
0.6097379882078152
0.5807463723112479
0.5529034234090394
0.526919261851364
0.5031292896626899
0.4651373478655583
0.379683401851998
0.285941040723809
0.19433745843477318
0.10912476566161883
0.03302905973484771
0.0
0.0
-0.14379265022470641
-0.2505340234688088
-0.34180206946583663
-0.42723438271942493
-0.5066589092334235
-0.5780761692593297
-0.6393818106346316
-0.6837370341896687
-0.6943343712870511
-0.684764949643675
-0.6638264362191464
-0.6371417497672048
-0.6082398448892036
-0.5792762323918448
-0.5515123634446686
-0.5256337364725452
-0.5019602455646631
-0.45963461635843694
-0.3734072764682047
-0.27978620053343695
-0.188629696117124
-0.10405449244276949
-0.028738281662095647
0.0
0.0
0.15222164959189172
0.2561546064038795
0.346852432704585
0.4320512364614973
0.5111896014525972
0.5821980260438196
0.6429720424783072
0.6851206124241794
0.6943702311424705
0.6840122119452072
0.6626452743576766
0.6357607844339646
0.6068011155160008
0.5778651546058939
0.5501776401712067
0.5244005524273778
0.5008389762814137
0.45436382323779767
0.3673944312925778
0.2738878321005042
0.18315794745767905
0.09919197273714274
0.0246212897356326
0.0
-0.00471440958775618
-0.16015787086625266
-0.2620699634237661
-0.3522619764163978
-0.43713311881458106
-0.5158541587414951
-0.5863146639035535
-0.6464197472531262
-0.6862717032181401
-0.6941309861644009
-0.6829712186620028
-0.6611804757776902
-0.6341109816334036
-0.6051136618367816
-0.5762277108371849
-0.5486392664577007
-0.5229856729045532
-0.49955658555892085
-0.44889394718340686
-0.3611704316538111
-0.26777618907066375
-0.1774773612264004
-0.09413068779705587
-0.020320699416144866
0.0
0.01715564056168639
0.16807652179948876
0.26896287537743
0.358684050738949
0.44303869169957255
0.5210904943617459
0.5907290187670765
0.6498849525934273
0.6871098659155154
0.6933991943498862
0.6813537965299635
0.6591148555511837
0.6318717468493923
0.6028685768353054
0.5740749996021056
0.5466323505148937
0.5211495298259933
0.4978985159377663
0.4438468117325645
0.3554477887449284
0.26208308151107224
0.17209109802531858
0.08922682688295153
0.01603761679897278
0.0
-0.029335905794111744
-0.17583717887891537
-0.2757205153732542
-0.3649804442926675
-0.44882877722791426
-0.526224629675527
-0.5950576155565743
-0.6532834850426111
-0.6879369723548089
-0.6926892981246606
-0.6797765796542685
-0.6570984180023107
-0.6296848390961354
-0.6006754225468273
-0.5719717719200333
-0.5446713776853976
-0.5193553020044601
-0.49627822092126894
-0.43894574054883007
-0.34989733402757445
-0.25656651818507703
-0.16687673188531246
-0.08448417310315058
-0.011900047988876367
0.0
0.04090399048236998
0.18314862160362905
0.2820482315940223
0.3708469908503834
0.4541957225838266
0.5309538818318913
0.5990113747608835
0.6563479946174483
0.6886059585951685
0.6919307553247633
0.6782167243876568
0.6551371500798465
0.6275728269473452
0.598565488288211
0.5699530750109796
0.542792094456608
0.5176376191160398
0.49472820043486365
0.4342338677104915
0.3445539362779707
0.25124930335338425
0.16184463550259598
0.07990127920551908
0.007895777856012004
0.0
-0.05204606276560064
-0.19018255920351212
-0.2881308870219537
-0.37648307583361484
-0.4593490123474658
-0.5354920511068506
-0.6028023567474112
-0.6592828591584268
-0.6892429156114082
-0.6911985575138625
-0.6767161805976377
-0.6532519154397298
-0.6255433695287499
-0.5965383949501776
-0.5680138516117504
-0.5409869273000076
-0.5159877612704828
-0.49323943716169977
-0.42972493627953495
-0.33944236787462756
-0.24616354223010706
-0.15703212542258466
-0.07551882238367986
-0.004067037144460509
0.0
0.06271674471611932
0.196922903702577
0.29396227454499735
0.3818883160366064
0.46429311433848836
0.5398480140192412
0.606443412640977
0.6621043831935988
0.6898605441234859
0.6905027588906045
0.6752830279352694
0.6514492958654489
0.6236018930464146
0.5945986623634515
0.5661578993837605
0.5392590900965805
0.5144084642954132
0.4918142710175939
0.42520315325532154
0.33431605383757984
0.24107673968129495
0.15223511620959113
0.07116815505430359
0.0002850858787440541
0.0
-0.0734840299794626
-0.2037655052501956
-0.29990502418251463
-0.3874107643345449
-0.46935565030799453
-0.5443188932814814
-0.6101913715460442
-0.6650207278570579
-0.6905009954207355
-0.6897867625399718
-0.6738054153359003
-0.6495899441810575
-0.6215989380749043
-0.5925973024843815
-0.564242862393516
-0.537476173918327
-0.5127787777616347
-0.49034360388829673
-0.4201625621939381
-0.3285821311373989
-0.23538935133346955
-0.1468788861226235
-0.06631949059939596
0.0
0.0
0.08244694705455125
0.2097430020277039
0.30526608690816015
0.39250812427391435
0.47412994593524693
0.5486374932450676
0.613922564781514
0.6680520668552633
0.6913256768791599
0.6892875695862714
0.6725543786248769
0.6479532082820945
0.6198067879152067
0.5907908554698955
0.5625051410884516
0.5358527312032477
0.5112913406322833
0.48899905800519616
0.41522300433137166
0.3229086354624674
0.2297206484590387
0.1415023120969274
0.06141570744685808
0.0
0.0
-0.09108619197569215
-0.21550515177553195
-0.3104333872183577
-0.3974200171448338
-0.4787288609405552
-0.5527953471442563
-0.6175122562654207
-0.6709651538713183
-0.6921064031690138
-0.6887896862236568
-0.6713310302486921
-0.6463583845353686
-0.6180630683652787
-0.5890345794716942
-0.5608164665670486
-0.5342755860572083
-0.5098466201676873
-0.4876933149610524
-0.410517038943259
-0.3174997497386028
-0.22430718671577504
-0.13635762125048456
-0.0567127753244492
0.0
0.0
0.09941162248991081
0.22107011374328972
0.3154317159182338
0.4021773753430427
0.48318903261495877
0.5568341974074197
0.6210065093083704
0.6738094275868395
0.692888900888479
0.6883347201920613
0.6701727972704921
0.6448388616007547
0.6163973850746625
0.5873546076869057
0.5591998290978144
0.5327649123602785
0.5084622847248521
0.48644182603750274
0.4060153481578952
0.3123282977576867
0.21913379297618168
0.13144341985353925
0.05222283405905083
0.0
0.0
-0.10736798208768644
-0.22638875286740567
-0.32020879128300256
-0.40672394479549373
-0.4874512714673451
-0.5606934022492279
-0.624344819925872
-0.6765261053327623
-0.6936337703366984
-0.6878962724979646
-0.6690619994668976
-0.6433828053728335
-0.6148018229926593
-0.5857456515016173
-0.5576516995534464
-0.5313183591014343
-0.5071367716224646
-0.4836581972893419
-0.400849299412414
-0.3067602892838788
-0.21371175399367143
-0.1264057594350757
-0.04772913484847578
0.0
0.0
0.11545167011672369
0.23174474664940126
0.32499148722867605
0.41125702742844805
0.49168440493160914
0.5645098105325201
0.6276285428831411
0.6791785416048417
0.6943339520017825
0.6874264630548532
0.6679289604195061
0.6419107832358978
0.6131946410092722
0.5841281092658607
0.5560971220656982
0.5298668816660002
0.5058074343214938
0.4775254953598213
0.39383204675203093
0.2998475335551392
0.20726781429308017
0.12064662774545003
0.0428178781215956
0.0
0.0
-0.1247162414631835
-0.23783289513568628
-0.3304008559088363
-0.41636791729428735
-0.4964445388796421
-0.5687899260595353
-0.6313000111236491
-0.6806287513756331
-0.6942632422907647
-0.686470553314129
-0.6664968793437043
-0.6402617202263116
-0.6114892205720982
-0.5824625406962948
-0.5545258912457837
-0.5284177832735316
-0.5044914894647324
-0.4714620845632678
-0.3868969003967697
-0.2930187233950321
-0.20090545083780337
-0.11496403286554385
-0.0379759505568959
0.0
0.0
0.13406255311652499
0.24404076545623127
0.33596424078518305
0.42166389677896277
0.5014168518762111
0.5733044461552663
0.635222499570862
0.6821268854013001
0.6942816329491539
0.6856239891779365
0.665181301677287
0.6387283699720101
0.609894114070656
0.5808994264239171
0.5530481533108011
0.5270529552714807
0.5032508335249343
0.4657033644474071
0.38032892705360927
0.2865743055949951
0.19492499580229905
0.10964698232717116
0.033471324739446556
0.0
0.0
-0.1429223922403202
-0.24995323712600756
-0.3412798907096595
-0.4267361071085169
-0.5061900039965019
-0.5776493296207947
-0.6390097469841894
-0.683593017225316
-0.6943296783111871
-0.6848418221107252
-0.6639476630129312
-0.637283707144601
-0.6083878520793266
-0.579421457699155
-0.5516497678526375
-0.5257607108872255
-0.5020757112882366
-0.46017770421505616
-0.37402671528585246
-0.2803937108354956
-0.18919312457859538
-0.10455504208654888
-0.029161931024773186
0.0
0.0
0.1513893102237989
0.2555995382788729
0.3463536432749555
0.4315754826302236
0.5107420855993714
0.5817908649147369
0.6426173646348805
0.6849838550362142
0.6943665742823811
0.6840864418194277
0.662761822943434
0.6358970744076006
0.6069431194212828
0.5780044366139652
0.5503093898922958
0.5245222819714364
0.5009496602482064
0.454884075858713
0.3679879146727708
0.2744700032013381
0.18369799792460056
0.09967188027237986
0.025027603323813402
0.0
-0.003525526230288595
-0.15939772688774598
-0.2614060336136485
-0.3516417246663237
-0.43656118819594314
-0.5153454012915897
-0.5858839417833263
-0.646079487549233
-0.6861856636735977
-0.6941970822134865
-0.6831233417996728
-0.6613763481478862
-0.6343240463342663
-0.6053276760981836
-0.5764331483667889
-0.5488309298413381
-0.5231611145492443
-0.4997150681978938
-0.44949876971882397
-0.36185645593925236
-0.2684507582615915
-0.1781059646739958
-0.09469267841165263
-0.02080043933115551
0.0
0.015788350680185886
0.16721148525778198
0.26821330663087395
0.35798822076334746
0.44240119430508484
0.5205277254920555
0.5902573611133025
0.6495179648930154
0.6870267586517285
0.6934854191710099
0.6815352323629739
0.6593441533529272
0.6321192126680018
0.6031160942341706
0.5743119863814885
0.5468530759765787
0.521351341058444
0.49808067064775974
0.44440140714483567
0.3560766270730585
0.2627086824318663
0.17268298527000298
0.08976570578070256
0.016508278778819954
0.0
-0.02800529683606784
-0.1749913870885966
-0.2749853102176214
-0.36429635204431243
-0.44820056278284576
-0.5256684982551945
-0.5945897618565054
-0.6529173610117682
-0.68785003126357
-0.69276910935671
-0.6799503689638842
-0.6573196754986814
-0.629924377693726
-0.600915416994033
-0.5722017928203336
-0.5448857598092255
-0.5195514041122113
-0.4964552804763675
-0.4394817539671211
-0.35050454213559795
-0.2571701820120686
-0.16744748507705703
-0.08500344902113406
-0.012353230208547242
0.0
0.03963781686838297
0.18234842245370095
0.28135572517751856
0.3702049641889504
0.45360837212394106
0.5304363144222617
0.5985786665665956
0.6560125914336636
0.6885326223098218
0.6920135951229458
0.6783872365205645
0.6553515876718964
0.6278037676702733
0.5987962133687271
0.5701738298862251
0.5429976078572983
0.5178254629238271
0.4948977105312632
0.43474881017521116
0.3451378360099657
0.2518302988044856
0.1623944381738373
0.0804019654989997
0.00833321236070017
0.0
-0.05082835768108723
-0.18941372134742446
-0.2874659590297273
-0.3758669134326095
-0.45878558286118787
-0.534995823822438
-0.6023877729949453
-0.6589618319809469
-0.6891731164660049
-0.6912784536360624
-0.6768800898549042
-0.6534578949062317
-0.6257651295402079
-0.596759909039401
-0.5682257708145821
-0.541184201203199
-0.5161680652988148
-0.49340213781123826
-0.430217842623269
-0.34000115400840286
-0.24671949844760016
-0.15755820018914105
-0.07599787483587919
-0.0044855497741038974
0.0
0.06155040153673941
0.19618618146074993
0.29332491607841377
0.381297545983353
0.4637527560030551
0.5393719477809842
0.6060454932725214
0.6617960450013753
0.689793086816696
0.690578854199331
0.675439711238285
0.6516463574028674
0.6238141275137944
0.594810702484654
0.566360778961624
0.5394479637218118
0.5145810998362975
0.4919700577341419
0.4257364890054658
0.3349207882357769
0.24167441062856976
0.152795809805628
0.07167352321670728
0.0007209803071216436
0.0
-0.07220052587523723
-0.20294217674608203
-0.2991857237693529
-0.3867397367787804
-0.4687384113056432
-0.5437718112885304
-0.6097307138096828
-0.6646600308761245
-0.6904211738791355
-0.6898743779740508
-0.6739870757052551
-0.6498187759501876
-0.6218455544526867
-0.5928437827748316
-0.5644787467165714
-0.5376958057986403
-0.5129795472551599
-0.4905247915828806
-0.42078442255946574
-0.3292928147237156
-0.23609788917526608
-0.14754982776353762
-0.06693054051832205
0.0
0.0
0.0813611328906585
0.20901768669944437
0.3046149036542369
0.39188852884766057
0.4735492320876201
0.5481118172504502
0.6134679702946418
0.6676822631027419
0.6912243587963554
0.6893473700394478
0.6727057208170639
0.648151553582997
0.6200241202987608
0.591010003461353
0.5627159990806225
0.5360497512281693
0.5114718730966014
0.4891622590156441
0.41581995635520524
0.32359439512115956
0.23040609640475146
0.14215273482138496
0.06200924637492547
0.0
0.0
-0.09003936144879393
-0.2148065943378808
-0.3098067225385673
-0.39682415819225536
-0.4781708060094509
-0.5522906372784008
-0.6170763156423742
-0.6706111478511554
-0.6920109946082152
-0.6888493693443876
-0.6714787404316183
-0.6465512002214787
-0.6182739988626408
-0.5892470893176067
-0.5610208316657556
-0.5344664750460024
-0.5100214945114371
-0.48785137544676294
-0.4110865415621603
-0.3181542829137477
-0.22496224394920517
-0.13698012789220546
-0.05728180225404475
0.0
0.0
0.09840431553404902
0.2203968303776926
0.31482701183008177
0.4016018465262864
0.48264948003399477
0.5563456392115727
0.6205838590694241
0.6734654332809976
0.6927943636830812
0.6883898995207532
0.6703130567370682
0.645022823463948
0.6165990200979841
0.5875579607414136
0.5593955090855429
0.5329477622641979
0.5086298402639268
0.48659330063117423
0.40656032535958786
0.3129543782013804
0.2197601260019811
0.13203838924835765
0.052766453416418946
0.0
0.0
-0.10640487292016892
-0.22574497548904976
-0.31963058839507497
-0.4061736572793404
-0.48693541149542025
-0.5602263358737619
-0.6239408111118866
-0.6761973454717607
-0.6935436591301121
-0.6879493768503712
-0.6691964759200533
-0.6435590654708254
-0.6149949643083878
-0.5859404107523662
-0.5578390939502154
-0.5314934569292169
-0.5072972174133071
-0.4843879508617814
-0.4016851245489431
-0.3075850481397281
-0.21448208640141314
-0.12709580888068267
-0.04831928834962036
0.0
0.0
0.11435935923358187
0.2310317769457007
0.32436117291592764
0.41066390114555607
0.49113428348445826
0.5640176075553437
0.6272090721762923
0.6788442808629337
0.6942518957495848
0.6874951952914067
0.6680828205580639
0.642107793369981
0.6134084449750214
0.5843425985267642
0.5563028599971733
0.5300587306693463
0.5059829866333364
0.47835649337060016
0.39478128566779663
0.30077988054854704
0.20813391738696424
0.12141752770136618
0.04347189594439871
0.0
0.0
-0.1234415160026468
-0.23698579367024425
-0.3296420317940498
-0.41564627201982496
-0.49576794222926746
-0.5681768009122975
-0.6307687419076684
-0.6804317500035301
-0.6942698587313626
-0.6865958002558786
-0.6666860626286119
-0.6404801705154674
-0.6117154422460643
-0.5826836487342342
-0.5547345789773314
-0.5286103135362672
-0.5046663691411384
-0.4722736077602343
-0.3878246092411508
-0.2939314068930185
-0.20175492255159339
-0.115721835157163
-0.03862067258833567
0.0
0.0
0.13281278578541056
0.2432097402906892
0.33521890281784156
0.4209539511147286
0.5007498936446407
0.5726984772247835
0.6346955401958563
0.6819247880264998
0.6942778778037982
0.6857362261141118
0.6653564892131328
0.6389328459898674
0.6101069702519129
0.5811080947568656
0.5532454727581317
0.5272352280065242
0.5034165420099738
0.46647505192766836
0.3812090138019162
0.28743767694086675
0.19572602375376633
0.11035895420294356
0.03407429320833395
0.0
0.0
-0.14173591356765372
-0.2491614138895054
-0.3405679710399706
-0.4260567761940375
-0.5055507156539315
-0.577067392058256
-0.6385024890845123
-0.683396669992079
-0.6943232803891026
-0.6849466275643628
-0.6641129395386351
-0.6374772469779618
-0.6085896399848022
-0.5796194528614454
-0.5518371002593166
-0.525933823395276
-0.5022331332418112
-0.4609181314270568
-0.3748712367966387
-0.28122196945735234
-0.18996128357501657
-0.10523747430270187
-0.029739520075445225
0.0
0.0
0.15025452740138096
0.2548427775419319
0.3456736109830777
0.43092685628574234
0.5101319579450792
0.5812357555027783
0.6421338091262553
0.6847974047399105
0.6943615886427157
0.6841876442598647
0.6629207212518587
0.6360828874417707
0.607136722632497
0.5781943288848947
0.5504890129038728
0.5246882438203907
0.5011005629393006
0.45559337016149715
0.36879704923566564
0.2752637149947143
0.18443428391238353
0.10032616948228408
0.025581557110571307
0.0
-0.0019046439989033603
-0.15836137299526523
-0.26050085476119206
-0.3507960949536896
-0.4357814378269674
-0.514651779019092
-0.5852967101624283
-0.6456155892395108
-0.6860683603085609
-0.6942871952397209
-0.683330741175957
-0.6616433937125447
-0.6346145313288433
-0.6056194556933977
-0.5767132347460459
-0.5490922370302944
-0.5234003055843364
-0.49993113791496513
-0.45032336374665644
-0.3627917576098515
-0.26937044245150144
-0.17896298076380823
-0.0954588768771017
-0.021454500048777414
0.0
0.01392423520433586
0.16603212452272595
0.26719137067425447
0.35703955037985
0.4415320525355253
0.519760465995671
0.5896143194812136
0.6490176266360788
0.686913453108122
0.6936029751018489
0.6817825956751731
0.6596567700078536
0.6324565989644707
0.6034535508526511
0.5746350859189686
0.5471540053984887
0.5216264834775262
0.4983290140473096
0.4451575232561436
0.3569339633968609
0.263561604987971
0.17348994377253113
0.09050039454582409
0.01714996296923267
0.0
-0.026191190820345656
-0.17383826395308916
-0.2739829570573878
-0.3633636844459362
-0.44734407703989143
-0.5249102880034006
-0.5939519063809375
-0.6524182002321363
-0.6877314988014619
-0.6928779212170858
-0.6801873072692144
-0.657621330280171
-0.6302509562932823
-0.6012426170830927
-0.57251539532213
-0.5451780409466502
-0.5198187629109796
-0.49669667732061284
-0.44021253603127075
-0.35133238856500376
-0.2579931962918784
-0.16822563014067565
-0.08571141175895805
-0.012971083095383931
0.0
0.037911559769753606
0.1812574587435349
0.28041158599686766
0.3693296473516833
0.45280759891937783
0.5297306810029239
0.5979887272520215
0.655555314388459
0.6884326381661146
0.6921265360238444
0.6786197068357414
0.6556439444315643
0.6281186242251113
0.5991107759242714
0.5704747994104787
0.54327779768491
0.5180815626426217
0.49512881470517356
0.43545086483452233
0.34593390461078166
0.252622407809589
0.16314402002692086
0.0810845837896394
0.008929595360791867
0.0
-0.04916818089181535
-0.18836551453650233
-0.28655941931571993
-0.3750268590308019
-0.4580174226825543
-0.5343192847901581
-0.6018225439165187
-0.6585241546851935
-0.6890779547373806
-0.6913873812323964
-0.6771035580395699
-0.6537387201519376
-0.626067469432411
-0.5970619136497578
-0.5685146940902988
-0.5414531575863886
-0.5164138855444191
-0.4936239582220138
-0.43088985400108143
-0.3407629836023018
-0.247477469832021
-0.15827543224192203
-0.0766509982995685
-0.005056135347826729
0.0
0.05996024978278419
0.1951817599614043
0.2924559636968139
0.3804921106252942
0.46301605022899517
0.538722895617716
0.6055029838355106
0.6613756674266023
0.6897011178691616
0.690682599898532
0.6756533278080136
0.6519150242540089
0.6241034806102992
0.5950997906163332
0.5666373779268935
0.5397054674580466
0.5148164651326967
0.4921824519290307
0.42646362043074765
0.3357452620962985
0.2424892544255996
0.1535602399671561
0.0723625246048967
0.001315263620951579
0.0
-0.07045064098857484
-0.20181967927888797
-0.29820505458578894
-0.3858248811312306
-0.46789688910235505
-0.5430259387135011
-0.6091026690623524
-0.6641682691485408
-0.6903123479635376
-0.6899938298117181
-0.6742347451390889
-0.6501307572310056
-0.6221817826508288
-0.5931798254362368
-0.5648003432043024
-0.5379952442708025
-0.5132532694047509
-0.4907718165883741
-0.4216322453686529
-0.33026173602501374
-0.2370638850430593
-0.14846456627772603
-0.06776362474032632
0.0
0.0
0.07988077159782297
0.20802881698972797
0.3037271030381603
0.39104379397797273
0.47275750701087726
0.5473951288696228
0.6128481919709884
0.6671780855193425
0.6910862252436448
0.6894288998989085
0.6729120555018958
0.6484219706726261
0.6203204237169673
0.5913087822162719
0.5630034755386382
0.5363183614825848
0.511718004783926
0.48938476160112854
0.41663381999703686
0.32452933600579026
0.23134061231074063
0.14303949855804038
0.06281845672061706
0.0
0.0
-0.08861214909170981
-0.21385420540621503
-0.30895234969428875
-0.3960117848057844
-0.4774099733119541
-0.551602533388821
-0.6164819693483198
-0.6701285083469809
-0.6918809178924109
-0.688930739236866
-0.6716801233612548
-0.6468140784264843
-0.618561574171715
-0.5895368178556032
-0.5612994559384882
-0.5347267264588509
-0.5102599121138318
-0.4880668696194838
-0.4118629816393263
-0.319046650696002
-0.2258553262143117
-0.13782883181189298
-0.05805759379294395
0.0
0.0
0.09703098824005202
0.21947889923744954
0.3140025792931886
0.40081719054040804
0.4819138727976176
0.55567955594752
0.620007632423135
0.6729964434001634
0.692665474942945
0.6884651290996971
0.6705042816189867
0.6452736306745083
0.6168739222808205
0.5878352052282586
0.5596622923798235
0.5331970534681315
0.5088582796623964
0.48679981582758486
0.4073033283353287
0.31380795451846805
0.22061404668073303
0.1328495498426937
0.053507605154400006
0.0
0.0
-0.10509180335467869
-0.2248672717863128
-0.31884228667350273
-0.40542341440542773
-0.48623210593875643
-0.5595895538106562
-0.6233899995364958
-0.6757491257035401
-0.6934208046429279
-0.6880217774787655
-0.6693798164424671
-0.6437993723623905
-0.615258286465497
-0.5862059387458499
-0.5580945809577531
-0.5317321792219738
-0.5075159636281411
-0.4853828715193728
-0.40282465949042645
-0.3087094956987484
-0.21553233083271106
-0.12803659831169395
-0.04912388312190166
0.0
0.0
0.11287014053950042
0.23005973883141334
0.323501824288921
0.4098552533859609
0.4903842670232507
0.5633465551231043
0.626637180393559
0.6783885613848714
0.694140023107258
0.6875889024338888
0.6682925881234619
0.6423763901395716
0.6136999378710246
0.5846350257303627
0.5565833559423874
0.530320290932668
0.5062223285538646
0.47948944717660397
0.3960754450141179
0.3020510100350155
0.2093147322431732
0.12246854590811851
0.04436356111318131
0.0
0.0
-0.1217035996136866
-0.23583088497383803
-0.32860747736938883
-0.4146624059338864
-0.49484549387171506
-0.5673408873961272
-0.6300444279232165
-0.6801631651797182
-0.6942788793565139
-0.6867665575832179
-0.6669439885440626
-0.6407779980473157
-0.6120238650138635
-0.5829850997484026
-0.5550190965774416
-0.5288728026049628
-0.5049047940138902
-0.4733800102819466
-0.3890894152364382
-0.2951757278532473
-0.20291306276221677
-0.11675499646363083
-0.0394996641982554
0.0
0.0
0.13110889644266882
0.2420767494628247
0.334202734937888
0.41998603587074823
0.4998405859722973
0.5718723202458188
0.6339771020987993
0.6816492554897265
0.6942727581691329
0.6858892460520233
0.6655953338107449
0.6392116214859133
0.6103971709714794
0.5813925859096002
0.5535144912346531
0.5274837323184722
0.5036424631991677
0.46752714381774174
0.3824088934865537
0.2886147674267793
0.19681811742253408
0.1113296319133124
0.03489635946224222
0.0
0.0
-0.1401183097822009
-0.24808186960920503
-0.33959736450556166
-0.4251306000358369
-0.5046791321465653
-0.5762739986111202
-0.6378109112941802
-0.6831289769984632
-0.6943145576844967
-0.6850895156772683
-0.6643382718094836
-0.6377411124601592
-0.6088647506018536
-0.5798893925842575
-0.5520925027517198
-0.526169838972111
-0.5024477568620094
-0.46192760415385503
-0.37602262807253434
-0.28235118847570906
-0.1910085648528573
-0.10616787866781664
-0.03052698491263764
0.0
0.0
0.14870740394143214
0.25381103625491186
0.3447464785913086
0.4300425416711191
0.5093001311066122
0.5804789386237134
0.641474546352091
0.684543204886135
0.694354791394875
0.6843256201497978
0.663137357682948
0.636336218474502
0.6074006745218573
0.5784532214072471
0.5507339046749388
0.5249145104371399
0.5013062984236142
0.4565603973619149
0.36990019517670336
0.27634583406781904
0.1854381106380148
0.10121820465080832
0.026336798450402543
0.0
0.0
-0.1569386773814141
-0.25930054525815327
-0.3496796060333276
-0.43474802499681575
-0.5137265171730308
-0.5845063927276949
-0.6449831116630695
-0.6858968025039284
-0.6943921343814891
-0.6835926771310409
-0.6619858398725215
-0.6349893844123186
-0.6059972406886345
-0.5770766131512879
-0.5494316978416891
-0.5237113148596381
-0.5002122617641089
-0.45142022150105404
-0.3640367002210143
-0.270594246819792
-0.18010278629728493
-0.09647717633280695
-0.02232293503345452
0.0
0.011441481458895675
0.16445939791059017
0.26582727691060265
0.35577228252335363
0.44037011273297516
0.5187337737479893
0.5887527755556075
0.6483460090321559
0.6867591390282304
0.6937573503474002
0.6821106588096395
0.6600722695090426
0.6329054333251083
0.6039027025051527
0.5750652590660787
0.5475547410441735
0.5219929295681627
0.49865980000459753
0.44616225854110064
0.3580731903290322
0.26469511536307744
0.17456255138805965
0.09147713809258044
0.018003272977819867
0.0
-0.02377579455928741
-0.17230203243743267
-0.27264701655462986
-0.36212020551462554
-0.4462017798295671
-0.5238986524794249
-0.5931003953612405
-0.6517512998506904
-0.6875721544126306
-0.6930217882218649
-0.6805021114023249
-0.6580225300532142
-0.6306854932630631
-0.6016780827317242
-0.5729328234515353
-0.5455671248979729
-0.5201746929470455
-0.49701805912196345
-0.44118521405567585
-0.35243417756523715
-0.25908847863301204
-0.16926112718280156
-0.08665344437431938
-0.013793141501599479
0.0
0.03561470351451784
0.17980595163990257
0.279155476176422
0.3681651442618702
0.4517423123241342
0.5287920118795708
0.597204019967099
0.6549471408611999
0.6882998400197827
0.6922770231542178
0.6789292117834812
0.6560331102402092
0.6285377075686894
0.5995294502189245
0.5708753713839876
0.543650706832001
0.5184224059088088
0.4954363888508888
0.43638540086719957
0.346993622468997
0.2536768824387934
0.16414190698334313
0.08199334945700268
0.009723580916107963
0.0
-0.04695823311544986
-0.1869702501645478
-0.2853527646732756
-0.3739087270903064
-0.45699500872671045
-0.5334188440473698
-0.6010702807885141
-0.6579416850284264
-0.6889513714092558
-0.6915324364088651
-0.6774010610818586
-0.6541125592847276
-0.626469938372388
-0.5974639303890265
-0.5688992940301448
-0.5418111765179385
-0.5167411056927114
-0.4939192304878896
-0.431784303706933
-0.3417769788273816
-0.24848633236577947
-0.15923007432651098
-0.077520315509681
-0.005815598044011869
0.0
0.05784367419932113
0.19384480716852895
0.291299319402905
0.37942000472205484
0.46203542191815017
0.537858934720485
0.6047808337882101
0.6608160793034974
0.6895786690830876
0.6908206649668232
0.6759376421910069
0.6522726174897806
0.6244886113847006
0.5954845710669199
0.5670055364891474
0.540048210738858
0.5151297421758311
0.4924651542021879
0.4273781384044145
0.3367820920936159
0.24351701790388242
0.15452814070929013
0.073238952757358
0.0020755968472489367
0.0
-0.06826688617369014
-0.20042846418773755
-0.29699488795547746
-0.3846991360903419
-0.4668639557252271
-0.5421128346887292
-0.6083362948824961
-0.6635709297465925
-0.690180891815584
-0.6901400582797435
-0.6745369023415435
-0.6505110847737289
-0.6225915343637793
-0.5935892781248475
-0.565192151281318
-0.5383600307500271
-0.5135867110477521
-0.49107272600358604
-0.4226639602722609
-0.3314368383989811
-0.23823107736575505
-0.14956544049344092
-0.06876183466495882
0.0
0.0
0.07809092628712236
0.2068310803059559
0.30265051190402437
0.39001856209202135
0.4717958581461867
0.5465238732188373
0.6120939521378461
0.6665636339237003
0.6909167623844901
0.6895265408771863
0.6731615191061611
0.6487494549100193
0.6206794993433118
0.5916709866537067
0.5633520531457524
0.5366441083762218
0.5120165200067638
0.4896546368787117
0.41762912519643036
0.32567296493949927
0.23248354836823856
0.1441237687936136
0.06380759899387363
0.0
0.0
-0.0868701131153845
-0.21269230269068604
-0.3079103927324466
-0.39502133132596784
-0.47648263403327606
-0.5507641368327624
-0.6157581456482595
-0.6695411247744161
-0.6917235369364128
-0.6890311947297318
-0.6719268692392283
-0.6471357300652338
-0.6189132469715044
-0.5898910183073156
-0.5616400199863172
-0.5350447961141046
-0.510551274071864
-0.48833020283879586
-0.41281101924891217
-0.32013632119960383
-0.22694600613152638
-0.1388654604495212
-0.05900531460995774
0.0
0.0
0.09535285139971372
0.21835706513577047
0.31299489703699424
0.39985803177155177
0.48101457632573624
0.5548651503639662
0.6193029738927461
0.6724227820481877
0.6925074720555678
0.6885566122121737
0.6707375612759121
0.6455797662480298
0.6172095439251639
0.5881737268811366
0.5599880640471627
0.5335014795527764
0.5091372510804697
0.4870520189398759
0.4082104579107033
0.3148500217905882
0.22165648111790598
0.1338397337690526
0.05441227992007565
0.0
0.0
-0.10348864715392223
-0.22379560563672032
-0.31787974765838867
-0.40450732661859146
-0.4853733149652462
-0.5588119776694318
-0.6227173861002151
-0.6752017727197743
-0.6932707646888708
-0.6881101700387647
-0.6696036821747822
-0.644092802822759
-0.6155798230274064
-0.5865301703777511
-0.5584065526275684
-0.5320236802826853
-0.5077830724745458
-0.4858278130890116
-0.4038035683517992
-0.3097870559429517
-0.21659133849389395
-0.12902812063426805
-0.05001584665427994
0.0
0.0
0.11127473089046211
0.2289995066785544
0.3225532132966488
0.4089548893274283
0.4895423739684628
0.5625864348465109
0.6259819705735926
0.6778579709319226
0.6939981438761491
0.6876800840701951
0.6685159868898563
0.6426674720292379
0.6140181272107226
0.5849554697423855
0.5568914444052016
0.5306080186469975
0.506485889208601
0.48069907839324677
0.39746002476812237
0.30341578618061454
0.2105878415256333
0.12360729444736454
0.04533566191214848
0.0
0.0
-0.1198819244380423
-0.23463656307010547
-0.3275481316129281
-0.4136628964174591
-0.49391590011036723
-0.5665064380298318
-0.629330212633131
-0.6799167030729274
-0.6943161008253236
-0.6869678621441757
-0.667232528636234
-0.6411051726457833
-0.6123596427144733
-0.5833115751454374
-0.5553262098122485
-0.5291555048390102
-0.505161178261508
-0.47455355759304846
-0.390432188980201
-0.2964988192952093
-0.20414676899840972
-0.11785792321335481
-0.04044052736671838
0.0
0.0
0.1292979691640868
0.2408744130085836
0.3331253881311073
0.4189604821063624
0.498877648169833
0.5709979268628708
0.6332172150383878
0.6813579400439437
0.6942675180053133
0.686051297433193
0.6658481692619254
0.6395066871880628
0.6107043096702364
0.5816936706538957
0.5537991941871198
0.5277467209785389
0.5038815498629767
0.4686358938325107
0.38367294820248593
0.2898545192023996
0.19796808404984362
0.11235149427022682
0.03576151689817586
0.0
0.0
-0.13841246237731503
-0.24694279095977706
-0.33857283939526295
-0.4241526944558775
-0.5037586134206333
-0.5754357972348666
-0.6370799890438725
-0.6828455462775096
-0.6943045550607798
-0.6852396218409497
-0.664575476975355
-0.6380190626895659
-0.609154636738577
-0.5801738808156868
-0.5523617004419163
-0.5264186212181127
-0.5026740017794384
-0.46299319825606
-0.3772379722097744
-0.283542999734551
-0.1921137514576403
-0.10714957203478201
-0.031357692393801165
0.0
0.0
0.1470756835449395
0.2527230486827873
0.3437689141435912
0.4291102105119774
0.5084232216228183
0.5796811944770944
0.6407797330803342
0.6842755371116025
0.6943479970824348
0.6844714658298836
0.6633661223696521
0.6366036472344383
0.6076792728068041
0.5787264558346421
0.5509923486072881
0.525153289779269
0.501523405726457
0.4575809842475913
0.3710644827738432
0.27748797299827327
0.1864976585882584
0.10215980018158559
0.027134046843260137
0.0
0.0
-0.15537268626389814
-0.25825612946295856
-0.34874101335806357
-0.4338527162916796
-0.512884282493181
-0.5837400320570025
-0.6443154489857132
-0.6856391072753295
-0.6943848551393846
-0.6837319514060457
-0.6622047590324512
-0.6352454756342208
-0.6062641138359275
-0.5773383963553913
-0.5496793391022614
-0.5239401311980704
-0.5004203215175719
-0.4523974609325632
-0.3651514254065116
-0.2716876759647671
-0.18111706110360154
-0.09737845380019926
-0.023085958612951096
0.0
0.009208186350203235
0.16303135189068227
0.26457990318109875
0.3546069125238326
0.4392954791875279
0.5177777855460148
0.5879433607385498
0.647706521550784
0.6865973208281742
0.6938813952508346
0.6823963551829659
0.6604401806288575
0.6333056603157602
0.6043047256127723
0.5754511781200824
0.5479147894512281
0.5223225074520313
0.4989575211132138
0.4470504788907133
0.3590802313320903
0.2656981036756841
0.17551287793883652
0.09234385539298755
0.018761895579193874
0.0
-0.021608157470393352
-0.17091729757796317
-0.27143898206767214
-0.3609929828053401
-0.44516367066481966
-0.522976539737987
-0.5923211597095656
-0.6511373699031636
-0.6874188902465191
-0.6931440921431872
-0.6807801287860653
-0.6583796220239674
-0.6310735288685462
-0.6020676332340557
-0.5733066378321935
-0.5459157999699991
-0.5204938098597575
-0.4973062984146934
-0.44205594992302005
-0.3534199366838992
-0.2600679081160354
-0.17018660689549192
-0.08749491155128268
-0.014526958605046797
0.0
0.03356402004443507
0.17851045456505577
0.27803471242928607
0.3671264105853901
0.4507923849256109
0.5279553342714524
0.5965049787100638
0.6544058553643255
0.6881828604606599
0.6924128293905977
0.6792068505250158
0.6563817332451154
0.6289129108018618
0.5999041676341225
0.57123381713844
0.5439843562510547
0.5187273385594433
0.4957115404490061
0.43722262676777884
0.3479432360243344
0.2546219845918906
0.1650364628304138
0.08280817775970109
0.010435658400792969
0.0
-0.044978310416606965
-0.1857206061516925
-0.2842722958829089
-0.3729077059933882
-0.45607984934597795
-0.532613039801892
-0.600397278963383
-0.6574208213462083
-0.6888385790057693
-0.6916627701080401
-0.6776678195204898
-0.6544476080778195
-0.6268305733173131
-0.5978241205556387
-0.5692438563324469
-0.5421319108225852
-0.5170342397830623
-0.49418373899857027
-0.4325849817063964
-0.3426846501051204
-0.24938942649751317
-0.1600846575851602
-0.07829854536669002
-0.0064955153511638
0.0
0.055948472846962194
0.19264758639304938
0.2902634944980283
0.3784598351307295
0.4611571278704605
0.5370850777947839
0.6041339345943908
0.6603147260563771
0.6894688031128946
0.690944115181084
0.6761920818478471
0.6525926988890619
0.6248333707551981
0.5958290326394664
0.5673351271205953
0.5403550542070958
0.515410209312776
0.49271825096381483
0.42814529190007555
0.33765171358691987
0.24438213520108681
0.15534665403156794
0.07398419670858775
0.0027265489381870095
0.0
-0.06645267569063176
-0.19928258527155404
-0.29600360802510645
-0.3837803583441302
-0.46602362425015975
-0.5413725367902664
-0.6077175771424818
-0.6630915729040875
-0.6900761986878461
-0.690258635668213
-0.6747808104095703
-0.6508177792143812
-0.6229218104165772
-0.5939192340608856
-0.5655078421492307
-0.5386539213411237
-0.5138553309453012
-0.4913151267004747
-0.42349400350241423
-0.33237803551540307
-0.23916130864834276
-0.15043814503797748
-0.06954845183226843
0.0
0.0
0.0766632499027827
0.2058734347809718
0.3017883800938823
0.3891966433212074
0.471024116138487
0.5458238827247452
0.6114871361936784
0.6660683421684463
0.6907789889681564
0.6896034365032123
0.6733605005728812
0.6490112446317916
0.6209667993912388
0.5919609265967297
0.5636311640166093
0.5369049863384436
0.512255619157288
0.4898708156394488
0.4184350547709525
0.3265992641804025
0.23340910489824152
0.14500154044958308
0.06460804320880485
0.0
0.0
-0.08546305655746517
-0.2117544242242085
-0.3070697200246172
-0.3942225102831145
-0.47573500573041755
-0.5500885280416743
-0.6151752187889516
-0.6690684988165551
-0.6915978797771847
-0.6891135287210325
-0.6721271571454756
-0.6473963574404767
-0.6191979924952971
-0.5901776996875129
-0.5619156001677664
-0.535302135107743
-0.510786980414759
-0.48854321890969343
-0.4135770960690309
-0.3210169353593591
-0.2278275799440544
-0.13970349908984975
-0.05977163456119612
0.0
0.0
0.09399543992376236
0.2174494580863755
0.3121795209792255
0.3990818195057164
0.48028670873689966
0.5542058819864608
0.6187324216783658
0.6719581479515623
0.6923791320860824
0.688630143851636
0.6709258485850494
0.6458270372764008
0.6174807112150236
0.5884472797833382
0.5602513385564782
0.5337475184349156
0.5093627266973667
0.4872558653168838
0.4089433944340312
0.31569192027869386
0.22249862015771144
0.13463960850057977
0.05514302800647519
0.0
0.0
-0.10219330393352169
-0.2229296431704604
-0.31710193238405004
-0.4037670272802564
-0.48467930070322246
-0.5581835792024942
-0.6221737964415621
-0.6747593969900415
-0.6931494868856585
-0.688181587944244
-0.6697845872101703
-0.6443299297271706
-0.6158396660887394
-0.5867921930374428
-0.5586586685392213
-0.5322592537079198
-0.5079989339549018
-0.48602295270373025
-0.40450665842779954
-0.31059489551042685
-0.21739957500065576
-0.1297959446240907
-0.05071745716279173
0.0
0.0
0.11003295973831317
0.2281697115397724
0.3218080930087993
0.40824585295903937
0.4888777984254584
0.5619848251821634
0.625461699563983
0.6774347384370571
0.6938823972048472
0.6877488476444965
0.6686895705350865
0.6428948643603606
0.614267241741612
0.5852066411512873
0.5571331003840828
0.5308338069596478
0.5066927771694995
0.4816395786910243
0.39853724444214045
0.3044787822866625
0.21158073354505252
0.12449675500338094
0.04609640835408435
0.0
0.0
-0.11847379139576988
-0.23371740740761252
-0.326735504572339
-0.41289818925187954
-0.4932066138365336
-0.5658718006938013
-0.6287893240012108
-0.6797349080098614
-0.694351772995826
-0.687129013166474
-0.6674600835310296
-0.6413617983932727
-0.6126222964747098
-0.5835665427046814
-0.5555658100142519
-0.5293759075624328
-0.5053609658079067
-0.4754641068167697
-0.3914743360663555
-0.29752619680867237
-0.20510529005792538
-0.1187154110429616
-0.04117262991547614
0.0
0.0
0.12789198750303488
0.23994138106229163
0.33228959907657174
0.4181650290129686
0.49813088915788595
0.5703199541848837
0.6326281485828942
0.6811321387999058
0.6942634978311778
0.6861769689313104
0.6660442187127187
0.6397354725866518
0.6109424513519982
0.5819271156932752
0.554019936065668
0.5279506258910102
0.5040669220443269
0.46949440455711816
0.38465160289802885
0.2908142850243867
0.19885827642678305
0.11314245767420386
0.03643112040628069
0.0
0.0
-0.13709133967907705
-0.2460604537126772
-0.33777913961148903
-0.4233950422311939
-0.503045360175511
-0.5747862620977182
-0.6365135157500463
-0.682625759478063
-0.6942966107441608
-0.685355732491811
-0.6647590816727882
-0.6382342501097732
-0.6093790871389554
-0.5803941642460692
-0.5525701516021245
-0.5266112684163703
-0.5028491998501246
-0.4638187270588931
-0.3781794998499167
-0.2844662646726268
-0.1929698748156442
-0.10790999447069036
-0.03200111966887696
0.0
0.0
0.14581191847378056
0.2518804457424312
0.3430118570075339
0.4283882048130751
0.5077441556894553
0.5790634552609588
0.6402417241586369
0.6840683353409973
0.6943428272969466
0.6845845033012179
0.6635433699468605
0.636810830950183
0.6078950993889156
0.578938121249875
0.5511925528433472
0.5253382586392855
0.5016915851221706
0.45837159529505145
0.3719664240324879
0.27837276704657726
0.1873184817307683
0.1028892575285204
0.027751689488562922
0.0
0.0
-0.15415952762756713
-0.2574470336505449
-0.3480138989035377
-0.4331591339653325
-0.5122318161257375
-0.5831463442323106
-0.6437982209249108
-0.6854394711607873
-0.6943792105290122
-0.6838398386708178
-0.6623743457223439
-0.6354438590896152
-0.6064708502416115
-0.5775411901307351
-0.5498711778470721
-0.524117387085271
-0.5005814980980743
-0.45315445770291035
-0.3660149199314902
-0.27253467276335863
-0.18190274202968315
-0.09807660345763648
-0.023677012869592257
0.0
0.007478198367572408
0.16192513101043965
0.2636136338670319
0.3537041636573284
0.4384630159739188
0.5170372276631943
0.5873163427173467
0.6472111346901007
0.6864719590317793
0.6939774768619636
0.6826176602620143
0.6607251738631312
0.6336156877213566
0.6046161451384491
0.5757501234107906
0.5481936947896442
0.5225778094972032
0.49918814594787037
0.44773852879402776
0.3598603240425053
0.266475056411173
0.17624903621300533
0.09301524614472491
0.019349551521531186
0.0
-0.019929030946716275
-0.16984463527058005
-0.27050319860378635
-0.36011979944237055
-0.444359518172786
-0.5222622424585978
-0.5917175402611715
-0.6506618021813948
-0.6873001695422021
-0.6932388355137795
-0.6809954927925929
-0.6586562396176026
-0.6313741162063904
-0.6023693938427699
-0.5735962085117907
-0.5461858967153292
-0.520741009699675
-0.4975295792686801
-0.44273045516934956
-0.3541835436427454
-0.26082661217886505
-0.1709035196465608
-0.08814674517687787
-0.015095402513990358
0.0
0.03197548088821045
0.17750691237739225
0.2771665255705766
0.3663217674686738
0.4500565346420221
0.5273072116969972
0.595963474604656
0.6539865549872277
0.6880922436885063
0.6925180301593433
0.6794219201715136
0.656651790011303
0.6292035576239245
0.6001944381177413
0.57151148296644
0.5442428138848454
0.5189635510821073
0.49592468342580515
0.4378711732579297
0.3486788421362379
0.2553540959911853
0.16572941917309725
0.08343937417402163
0.010987260202703991
0.0
-0.04344458776814869
-0.18475258470841463
-0.28343532385620496
-0.3721322770832293
-0.45537093210735413
-0.5319888331320282
-0.5998759460228844
-0.657017340325094
-0.6887512054809722
-0.6917637312981503
-0.6778744605066612
-0.654707149382814
-0.6271099346461539
-0.5981031373617085
-0.5695107672201595
-0.5423803636561014
-0.5172613124586979
-0.494388637227843
-0.4332052170660085
-0.34338776647690017
-0.25008899721685207
-0.16074664993143434
-0.07890139147050063
-0.007022204832141471
0.0
0.05448037872415756
0.191720174257621
0.28946110567877725
0.37771605177005185
0.46047676839061025
0.5364856192399352
0.6036328222727709
0.6599263590951078
0.6893836968813275
0.6910397444148765
0.6763891804127677
0.6528406460045914
0.625100434347354
0.5960958655407068
0.567590440427888
0.5405927467037452
0.515627469709486
0.492914309237234
0.4287395579012903
0.3383253551687941
0.24505228767018294
0.15598070531168706
0.0745614907778989
0.003230800983079485
0.0
-0.06504731986716267
-0.19839494427862772
-0.2952357252373076
-0.3830686384831883
-0.4653726718292134
-0.5407990741492212
-0.6072382950752118
-0.6627202450407157
-0.6899950994520256
-0.6903504901849442
-0.6749697507917445
-0.651055356285668
-0.6231776546925976
-0.5941748303620269
-0.5657523881908604
-0.5388815800667559
-0.5140634140394306
-0.4915028994137902
-0.4241369862394888
-0.33310712223634287
-0.2398819008214761
-0.15111417483424605
-0.0701577951054072
0.0
0.0
0.07555731800697862
0.20513160648705067
0.3011205403186325
0.3885599540791749
0.4704262957056359
0.5452816437155967
0.6110170736992572
0.6656846705104771
0.6906722644829888
0.6896630027449948
0.6735146391062199
0.6492140368059766
0.6211893528255794
0.5921855249938028
0.5638473738069764
0.5371070722314387
0.5124408343627833
0.49003827584800985
0.41905935817062934
0.32731681045617744
0.23412607584136547
0.1456814954289255
0.06522809743949937
0.0
0.0
-0.08437309756301689
-0.21102790824730538
-0.30641850328902814
-0.3936037134234284
-0.47515586469509025
-0.5495651760323742
-0.6147236616942732
-0.6687023849538437
-0.6915005410115506
-0.6891773077327586
-0.6722823077013464
-0.6475982492210776
-0.6194185671018345
-0.590399773881185
-0.5621290749547285
-0.5355014795836096
-0.5109695674246422
-0.4887082291803537
-0.41417052802550447
-0.3216990922530519
-0.2285104802211716
-0.1403526753831849
-0.060365254857088615
0.0
0.0
0.09294393787258398
0.21674639148453895
0.3115478999771868
0.3984805362519635
0.4797228750907414
0.5536951878729798
