0.0
-0.12
0.0
-0.3008042666666667
-0.04953161102222233
-0.08971968649291873
0.0
-0.08118834236672179
0.0
-0.028781682006309317
0.035955296068945264
0.10404977261927173
0.1106064798582318
0.3756131187874285
0.38230951777583083
0.5257921141691944
0.5742749868191845
0.6179839162232972
0.631009283903105
0.6255597025149136
0.6095532663435734
0.5880645682555183
0.5642910803265255
0.5401976106153952
0.5169452595845049
0.4951762221735261
0.47520225217944406
0.4571288242765772
0.4409364458788357
0.42653347520372425
0.41379004538743364
0.40255950710485605
0.3926916671113569
0.36652899038699444
0.2959857205427631
0.20531438143701375
0.09829672238294633
0.0
-0.16723521142055603
-0.3684546207736872
-0.5138602144694725
-0.6417378902805418
-0.7568267744718893
-0.8572619094861115
-0.9077161669074002
-0.9123188967867171
-0.8899479514400048
-0.852778873429418
-0.8085535666049135
-0.7620943685775933
-0.7163128372036609
-0.6728804084939282
-0.63267297269837
-0.5960644500253003
-0.5631196562498146
-0.5021615192883252
-0.4049958127238043
-0.3022473806280571
-0.20270992379839045
-0.11042859737955896
-0.028199326230344962
0.0
0.0
0.01876170619239209
0.15053728079277007
0.2417729777189418
0.32449766409055686
0.4032392241617257
0.47692141539318916
0.5434950295929675
0.6009572069265869
0.6476074764510282
0.6659905493446237
0.6621773338091129
0.6455641830271858
0.6221846978280471
0.5958511980310868
0.5689161163670022
0.5427789410435181
0.5182229291700798
0.4956380399247352
0.4271673929554707
0.33053050093068265
0.2312651694095445
0.13699839320264318
0.05138976315788468
0.0
0.0
-0.08978671379166303
-0.21531707047022672
-0.31129819901737155
-0.3994682405170523
-0.48208278176611485
-0.557526954196007
-0.6236350894923792
-0.6784346938677163
-0.701863147531069
-0.6994658701758081
-0.6820886497395011
-0.6567045706158126
-0.6277275400613038
-0.597888579174855
-0.5688193799723751
-0.5414400074259722
-0.516215680208698
-0.49332613742490544
-0.4384308236809275
-0.3495401800689348
-0.25589420525178347
-0.16580545401723523
-0.08302252101453156
-0.010085879063892883
0.0
0.03767333509099227
0.1841903267690956
0.28495885041054647
0.3750420790225006
0.45944212757466657
0.5370678270194952
0.6058005258230406
0.6636049133815577
0.6938231434534917
0.6957341356948189
0.6810321653741083
0.6572555089841846
0.6291937066024774
0.5998266825298546
0.5709504020168359
0.5435927703778479
0.518289288631224
0.49526504564293017
0.4339381682707433
0.3441063718039332
0.2508070976624052
0.16145393092536825
0.0795828514121882
0.007662643466793934
0.0
-0.04503404616760437
-0.18602079495157534
-0.28469469558246985
-0.37340537149485015
-0.4566210724930447
-0.5331694901354511
-0.6009421838145105
-0.6579291990217359
-0.6889176324146308
-0.6914877251997238
-0.6773518497776966
-0.6540628196073842
-0.6264220123513402
-0.5974191083868199
-0.568858197180369
-0.5417740086227727
-0.5167078181372315
-0.4938896293198202
-0.4319222666593253
-0.3417078397145354
-0.24815089335487311
-0.15864098368176105
-0.07671029757352536
-0.00482558873636979
0.0
0.054258614106355324
0.19194568096021727
0.289897742977119
0.37830213478338404
0.46118376940454137
0.5372892759170025
0.6045077771686622
0.6608457557492141
0.6900189189909184
0.6914819057804612
0.6766997287522545
0.6530610822743522
0.6252588398875516
0.5962112864984579
0.5676758337619596
0.5406569604566677
0.515676574800226
0.4929524957187211
0.4295083032641765
0.33919488470988596
0.24587116432082196
0.15670007550725806
0.07515713586409939
0.0036872349293232687
0.0
-0.06039407221572693
-0.1958200710994496
-0.2932431107954194
-0.38139383372735886
-0.4640004113782015
-0.5397571534844703
-0.6065538147920607
-0.6624100748042611
-0.6902968335028339
-0.6909967023533461
-0.6757895664616358
-0.6519415775985139
-0.6240648447915808
-0.5950247327878911
-0.5665442521121197
-0.5396057633073521
-0.5147171732775875
-0.49208763730702776
-0.42628814376876556
-0.33553110291857285
-0.2422515837218565
-0.15330894615627877
-0.07210648398767125
-0.0010630119851103709
0.0
0.06821128843238258
0.20063236369994933
0.29732258047949955
0.3851110930973856
0.46733916807985665
0.542633051722249
0.6088832067971499
0.6641260595459635
0.6904993866238116
0.6903067691413256
0.6746078583815239
0.650523092540188
0.6225686040071331
0.5935469222661914
0.5651402581127906
0.5383047819010588
0.5135318597656289
0.49102044722187105
0.4226869653666304
0.3314383945076044
0.23819303659420665
0.14948706383821952
0.06864690229046515
0.0
0.0
-0.07662403609866317
-0.2060798837883935
-0.30211296911941243
-0.3896018403550122
-0.4714896824430623
-0.5463321343911505
-0.6120203260078341
-0.6666085783272346
-0.6910900275829238
-0.689767352771375
-0.6734315036298517
-0.6490249569096618
-0.6209464687969253
-0.5919215824037517
-0.5635823945675783
-0.536852793369703
-0.5122036537530364
-0.48982120032344045
-0.41854704785067376
-0.32670395621516873
-0.23347074671062742
-0.14501345166904017
-0.06457083027395988
0.0
0.0
0.08489573935281083
0.2114709179808238
0.3068728764948637
0.3940755672822006
0.4756334961767717
0.5500334749535536
0.6151675139331736
0.6691077445141397
0.6916813912736627
0.6892193282868813
0.6722414588290273
0.6475107474889354
0.6193075535067938
0.5902797659382666
0.5620089346515473
0.5353863879683038
0.5108623348186421
0.48861016149364433
0.4141769835657587
0.3216951649190597
0.22847359099682735
0.14028043966074427
0.06026032835948564
0.0
0.0
-0.09254463448733091
-0.21654475156824493
-0.3114059862407284
-0.39837270737489316
-0.479646123886681
-0.5536503741270704
-0.6182783607043056
-0.6716187558139957
-0.6923328685872943
-0.6887570413871761
-0.6711484578697876
-0.6460960442265218
-0.6177653367718563
-0.5887288825827324
-0.5605191610127541
-0.5339958660793426
-0.5095891048855116
-0.48745975453986584
-0.4098904342066154
-0.31677195545194337
-0.22355817110288473
-0.1356226576362639
-0.05601675632750751
0.0
0.0
0.10022530875100868
0.2216571190389307
0.31598470700591685
0.4027214572659611
0.4837148612987502
0.5573262132416806
0.6214492358392684
0.6741891369015532
0.6930219362848656
0.6883180218432327
0.6700693668773409
0.644689192723827
0.6162270987952915
0.5871795463924278
0.5590294484764117
0.5326045348251315
0.5083145917669115
0.48630784243885616
0.40568034574447426
0.311937190154935
0.21872725494917467
0.13104022417739847
0.05183671194064332
0.0
0.0
-0.10775743306640706
-0.22667860021615976
-0.32048686711124946
-0.4070009283086208
-0.4877219281662186
-0.56094959845242
-0.6245784515008458
-0.6767298953202975
-0.6937106793732091
-0.6878958016068526
-0.669016358789408
-0.6433127328756723
-0.6147204720726887
-0.5856611849553114
-0.5575690173873366
-0.5312402467857795
-0.5070646608916103
-0.4835075709224148
-0.4006724104296131
-0.3065728675523181
-0.21352194509304107
-0.12622000816996498
-0.04755326426029659
0.0
0.0
0.11553033068565713
0.2318199867512004
0.3250726635280228
0.41134371763975824
0.49177407903787385
0.5645995114909639
0.6277153143939652
0.6792595894482963
0.6943721816691669
0.6874380557749374
0.6679245025396434
0.6418971420085403
0.6131762187326784
0.5841076808736474
0.5560763937133644
0.5298468625466555
0.5057886835433069
0.4775950800257776
0.3939082023275886
0.29991174425049993
0.2073152174062325
0.12067568211012127
0.042828212677002084
0.0
0.0
-0.12449942609792253
-0.2377121043132065
-0.3303070047245485
-0.4162888812392752
-0.4963797086590295
-0.5687406713301688
-0.6312676545597266
-0.6806333858756003
-0.6942892818333783
-0.6865079823811633
-0.6665393629194734
-0.6403053430026155
-0.611531647403059
-0.5825024588837209
-0.5545626412093886
-0.528451114995978
-0.5045214027808511
-0.4716793442015805
-0.3871435197717398
-0.2932559288477413
-0.2011199787431379
-0.11514872096038056
-0.03812580817083189
0.0
0.0
0.13365751670412127
0.24378970557089547
0.33575020490276986
0.4214678454951177
0.5012396900052806
0.5731506063523009
0.6350963981820817
0.6820899015644423
0.6942982717396581
0.6856712336610921
0.6652444041203363
0.6387980410927339
0.6099646486646574
0.5809674558103021
0.5531118170687856
0.5271113531821385
0.5033036645365653
0.4660029017870114
0.3806689952439758
0.28690382236407613
0.19522603875601113
0.10990955087706943
0.03368824794267354
0.0
0.0
-0.142414212498781
-0.24962651533462954
-0.3409936893178243
-0.42646830197270336
-0.5059427328483459
-0.5774290557022179
-0.6388229264148714
-0.6835284487468011
-0.6943392599754511
-0.684894298640697
-0.6640229511458642
-0.6373691049599914
-0.6084755103091489
-0.5795066959265333
-0.5517299559675535
-0.5258345283768937
-0.5021426587865343
-0.4605309294888375
-0.37442859849560983
-0.28078505905121603
-0.18955286570862895
-0.10487119626893553
-0.029425766238343865
0.0
0.0
0.15081610055743108
0.25522593259235526
0.3460231821201929
0.43126397778834347
0.5104523852955033
0.5815306520615169
0.6423943190901564
0.6849032889558874
0.6943726536953565
0.6841428628122046
0.6628452361231231
0.635992692062113
0.6070417848024995
0.5781006721446452
0.5504001003409535
0.5246058954597169
0.5010255616027934
0.4552674462046453
0.36842454988861073
0.27489637057859595
0.1840912845682282
0.10001897686177863
0.025318867672020295
0.0
-0.0026055115839798415
-0.15881656477902176
-0.26090293196379244
-0.35117496556607986
-0.4361337547169875
-0.5149682359735072
-0.5855679866390315
-0.6458337925465711
-0.6861296013395907
-0.6942541573508915
-0.6832440540145198
-0.661529074028126
-0.6344889518908718
-0.6054926586153716
-0.5765911365748903
-0.5489780925427205
-0.5232956762127773
-0.49983652955767854
-0.44998287845398
-0.36240516169180265
-0.268988752915708
-0.1786054948627691
-0.09513733862509292
-0.021177919883471077
0.0
0.014654402322377913
0.16649922882700777
0.26759943619704973
0.3574207665905527
0.44188352133600395
0.5200730300954461
0.5898788227838145
0.649226415712234
0.6869654665083931
0.6935612122689918
0.6816878494030378
0.6595351239147911
0.6323244336092906
0.6033208813035486
0.5745077824880438
0.5470352673936325
0.521517813836368
0.49823086090190705
0.4448691307413022
0.356606663966762
0.2632349551183177
0.17317971272263957
0.09021670000092319
0.01690085410654453
0.0
-0.026853430783667614
-0.17426258235909653
-0.27435395606617463
-0.36371046053117545
-0.4476639711237083
-0.5251949749803853
-0.5941930618139319
-0.6526088604516534
-0.6877798842133508
-0.6928411536970791
-0.6801023791845011
-0.6575119000239501
-0.6301318857931665
-0.6011229970218803
-0.5724005581065157
-0.5450708966340648
-0.5197206827444333
-0.4966080753691261
-0.4399517363095694
-0.3510368017126996
-0.2576986699023168
-0.16794638968177764
-0.08545654024932073
-0.012747779939806941
0.0
0.03850636011331013
0.18163560293949402
0.28074028148686875
0.36963543400541754
0.45308831252573073
0.5299790508676578
0.5981974944259822
0.6557184531033952
0.6884704274024598
0.692089508823942
0.6785405666642661
0.6555435869320066
0.6280101577259348
0.5990022016732824
0.5703707947338066
0.5431808991725103
0.5179929484666861
0.49504881945323953
0.4352127758628194
0.34566380747849146
0.25235318386475836
0.16288871003778826
0.08085151208063905
0.008725360862100962
0.0
-0.049716235132594794
-0.18871307818755814
-0.2868609965429333
-0.3753070384811501
-0.4582742867137449
-0.5345462019816963
-0.6020128936291436
-0.658672452534624
-0.6891116462115183
-0.6913527050804665
-0.6770304347098324
-0.6536462635990958
-0.6259676670901976
-0.5969620795998193
-0.5684191011091794
-0.5413641200233207
-0.5163324752815176
-0.4935504758069598
-0.4306706768662488
-0.34051442511572994
-0.24722984127454106
-0.15804073525720314
-0.07643688075232746
-0.004868652210861274
0.0
0.06046859636125754
0.19550394131326176
0.29273539029052686
0.3807516219965
0.4632538869407587
0.538932923905638
0.6056790797362432
0.6615127606706801
0.689732143737381
0.6906503586488728
0.6755855141881654
0.6518293297510839
0.6240109999704487
0.595007292713152
0.5665488165191296
0.539622983583671
0.5147410498497932
0.492114382422284
0.4262338993018322
0.33548473215061936
0.24223150753136757
0.15331813582561443
0.07214398535685747
0.0011264175245957048
0.0
-0.07099619643148716
-0.20217056790566373
-0.2985121918965484
-0.38611182276511746
-0.4681612087101201
-0.5432606056149526
-0.6093006951610537
-0.6643238266520209
-0.6903475630531114
-0.6899572624210821
-0.6741578169886775
-0.6500335406646363
-0.6220768655563718
-0.5930748876960734
-0.5646998707506268
-0.5379016663691258
-0.5131677105785799
-0.49069459141221505
-0.4213699752979112
-0.32996190199291386
-0.2367646768975692
-0.14818092005186478
-0.0675049687654189
0.0
0.0
0.08033466653626611
0.20833266866467107
0.30400029314121313
0.3913040067602182
0.47300163624142205
0.5476163695968822
0.6130397859665516
0.6673342500669179
0.6911294888787359
0.6894043834860117
0.6728490015745909
0.6483391011378052
0.620229517634176
0.5912170614489983
0.5629151924150307
0.5362358526894857
0.511642388575016
0.489316396952965
0.41638589768880263
0.3242444502685018
0.23105564740664786
0.14276886107467576
0.06257124401687839
0.0
0.0
-0.08904402230691169
-0.21414283183534524
-0.3092115326833902
-0.39625840756307845
-0.4776411100852181
-0.55181173825454
-0.6166628445137127
-0.6702755878289568
-0.6919208601242818
-0.6889064091127821
-0.6716192962665877
-0.646734532390369
-0.6184744902380016
-0.5894490473708643
-0.5612150293819659
-0.5346478549561521
-0.5101876499466809
-0.48800155049009136
-0.4116291172900169
-0.3187778077992718
-0.22558611629593325
-0.13757282999059195
-0.057823408791159256
0.0
0.0
0.09744263166228284
0.21975434284102302
0.3142501480036694
0.40105294069540787
0.4821349986148102
0.5558798964501526
0.6201810692441396
0.6731377430402462
0.6927045226144609
0.6884427955875854
0.670447054392153
0.6451984672132887
0.616791491033065
0.5877520466597368
0.5595822571548977
0.5331222571121293
0.5087897341170352
0.48673784536557346
0.40708141560332906
0.31355297772397583
0.22035886433593604
0.13260703071237434
0.053285897037086194
0.0
0.0
-0.10548259565358009
-0.22512870259448503
-0.319077215212791
-0.4056470887933517
-0.4864418652242267
-0.5597795522203542
-0.623554432634349
-0.6758830299425875
-0.6934576578825488
-0.6880003805298306
-0.6693253143199037
-0.6437278622423238
-0.6151798947733448
-0.5861268729277983
-0.5580184949250797
-0.5316610797213552
-0.5074508098409357
-0.4850877536347942
-0.40248661496624205
-0.30837583779081834
-0.2152205892284888
-0.1277572372720845
-0.04888484657750214
0.0
0.0
0.11331084499618546
0.23034755855957767
0.32375637756028586
0.41009485898336867
0.4906065635172503
0.5635455124547376
0.6268068087506609
0.6785238134516451
0.6941733501297985
0.6875612832776353
0.6682305548161263
0.6422969057224502
0.613613653340919
0.5845484514075588
0.5565003062184206
0.5302428430293114
0.506151456557621
0.479154910312818
0.39569328502648254
0.30167558442542136
0.2089659046676186
0.12215798026614161
0.04409999389777107
0.0
0.0
-0.12221604754736981
-0.2361715941842717
-0.328912783796099
-0.41495282607695605
-0.49511784958167937
-0.5675877595719271
-0.6302584127367847
-0.6802426216456654
-0.6942763811249033
-0.686716304399449
-0.6668679906040739
-0.6406902077484676
-0.6119329336968591
-0.582896213812987
-0.5549351976114516
-0.528795395718333
-0.5048344811954363
-0.4730542915735089
-0.38871704675843377
-0.2948093466541103
-0.2025720070886966
-0.11645069223605088
-0.03924071114878479
0.0
0.0
0.13160999948991003
0.24241008002288672
0.3345017720579889
0.4202709269164483
0.5001082749891005
0.572115579678953
0.6341886968612456
0.6817304844225646
0.6942743876896788
0.6858443199895804
0.6655251361331677
0.6391296602860074
0.6103118368857294
0.5813089229795094
0.5534353738778179
0.5274106452503098
0.5035760162011651
0.46721810327588786
0.3820564316077967
0.28826897082615544
0.19649725723055642
0.11104440839610358
0.034654765017058164
0.0
0.0
-0.14059313443167884
-0.2483988453005692
-0.3398824091309956
-0.4254026352709914
-0.5049351673181363
-0.5765071001112407
-0.6380141371174776
-0.6832076982341961
-0.6943172094683675
-0.6850476297584732
-0.6642721630048668
-0.637663678132553
-0.608784006033466
-0.5798101599368382
-0.5520175336591023
-0.526100558476783
-0.5023847544752991
-0.4616315514601195
-0.37568494733686253
-0.2820199905951641
-0.19070137634714396
-0.10589494803347628
-0.03029595839232209
0.0
0.0
0.14916090278581642
0.25411352630846773
0.34501833669764004
0.43030187098899275
0.5095440918532371
0.5807009242601066
0.6416679438243117
0.6846178140809814
0.694356844910088
0.6842852135314558
0.6630738783623258
0.6362619731467614
0.6073233096466099
0.5783773356175994
0.550662120464973
0.524848184342667
0.5012459897819532
0.45627711709410645
0.3695770352429206
0.2760288197240673
0.1851440164135372
0.10095684502978057
0.02611549954099794
0.0
-0.0003418254812513344
-0.15736219458313275
-0.25962817834870133
-0.34998085279341
-0.4350297289694033
-0.5139831228961195
-0.5847306394537181
-0.6451684356003867
-0.6859553347073261
-0.6943741228382662
-0.6835307325323025
-0.6619008813389081
-0.6348946106381723
-0.6059007784950473
-0.5769832806410069
-0.5493441752535643
-0.5236309195631458
-0.5001394590052471
-0.4511185351800661
-0.3636936836175008
-0.27025729708258883
-0.17978939128246707
-0.09619769904337414
-0.0220851759659524
0.0
0.012126348501694167
0.16489470166468836
0.26620579853334914
0.3561246541774232
0.4406938695828871
0.5190205528647256
0.5889942152749227
0.6485351571245459
0.6868042283156819
0.6937163854831695
0.6820211861550336
0.6599582858047875
0.6327819984725729
0.6037790147357298
0.5749467009380222
0.5474442371068055
0.5218918441128179
0.49856852792218226
0.4458868320905083
0.3577609016345745
0.2643842784906866
0.17426827480630866
0.09120901067354224
0.01776886549807194
0.0
-0.0244411876656645
-0.17272591166323542
-0.27301605957932107
-0.362464018912898
-0.44651790811722386
-0.524178926754949
-0.5933366499940144
-0.6519367386311902
-0.6876171916997537
-0.6929829094459387
-0.6804158844733506
-0.6579123308184962
-0.6305659960358054
-0.6015582540251864
-0.572817913852577
-0.5454599908673964
-0.5200766709003753
-0.4969295407478857
-0.44091753842482667
-0.3521310301376617
-0.25878717138274004
-0.1689763136102518
-0.08639438382024078
-0.013567119836528266
0.0
0.03624604601795228
0.1802048999188662
0.2795006934926269
0.36848516128474545
0.4520350378668921
0.5290499151259328
0.5974195863313461
0.6551141682214211
0.6883361963470628
0.6922355163949628
0.6788440039367514
0.6559260164931878
0.6284224017891041
0.599414268325584
0.5707651762676632
0.5435481256517507
0.5183286480642496
0.4953517841690743
0.436128243190841
0.34670199153845216
0.2533866709250757
0.16386724709358022
0.08174319757326984
0.009505001966231733
0.0
-0.04756624911597723
-0.18735409367578876
-0.2856847009922652
-0.37421629744692886
-0.457276236031522
-0.5336665070425319
-0.6012771722514081
-0.6581018602235691
-0.6889861480675913
-0.6914924965176162
-0.6773191908276792
-0.6540096948294417
-0.6263592021870815
-0.5973533218572943
-0.5687934793454541
-0.5417126761998
-0.5166510796448799
-0.4938379945252916
-0.4315383080355702
-0.34149810664906677
-0.24820886754776006
-0.1589675161751798
-0.07728121858906345
-0.0056067090507616185
0.0
0.05842576651984513
0.1942125093625251
0.29161744366338527
0.37971488681011345
0.4623051520377978
0.5380965839726817
0.6049794859598628
0.6609700260816324
0.6896123803279903
0.6907827203138692
0.6758594694655641
0.6521742869396231
0.6243827041017164
0.5953787576827055
0.5669042926462079
0.5399539552453216
0.5150435894460703
0.49238740933627534
0.42714250649558644
0.33651498295695337
0.2432512864932489
0.15427671824114758
0.07301003026868297
0.0018756323441805195
0.0
-0.06882410725971697
-0.20078041856332324
-0.29729936188184436
-0.38498134418170354
-0.46712207185948035
-0.5423402280685419
-0.6085263471818338
-0.6637181792542234
-0.6902130615346167
-0.6901036488275559
-0.6744619961233235
-0.65041689244279
-0.6224900978157993
-0.593487938913496
-0.5650951927209084
-0.5382697673883451
-0.513504208918892
-0.4909982765255254
-0.42240905196616
-0.33114779531220045
-0.23794540129763422
-0.14929743008539975
-0.06852026090003564
0.0
0.0
0.0785293507806144
0.20712516919156454
0.3029152724974443
0.3902709757454633
0.4720328645915213
0.5467388466176241
0.6122803132371688
0.6667157472744074
0.6909590796844256
0.6895029317453407
0.6731004162611139
0.6486690627911846
0.620591272352322
0.5915819484489938
0.5632663401556265
0.5365639943989933
0.5119430940494291
0.48958824956584124
0.41738163868755357
0.3253885145674744
0.23219932496515344
0.14385421812759835
0.06356179316565266
0.0
0.0
-0.08730217426841219
-0.21298029665017829
-0.3081685389806884
-0.3952666269533084
-0.476712210498904
-0.5509715987376582
-0.6159371480643654
-0.6696862573218784
-0.6917621242495956
-0.6890059132340665
-0.6718653670363439
-0.6470556990633233
-0.6188258098070442
-0.5898029865962765
-0.561555397079747
-0.5349657745266913
-0.5104788952425678
-0.4882647915436236
-0.41257578740423356
-0.3198659189506836
-0.22667530811994735
-0.138608129247557
-0.05877000437101537
0.0
0.0
0.09576964692352904
0.21863574922563467
0.31324526234545985
0.400096372403299
0.48123807312027667
0.555067583993361
0.619478167272233
0.6725654531461958
0.6925468816811795
0.6885340356605463
0.6706797480629798
0.6455038415219805
0.6171262815304325
0.5880897318167367
0.5599072248930909
0.5334259325875765
0.5090680180907529
0.48698942725273575
0.40798541408132705
0.3145915216381482
0.22139790650866426
0.1335941355300494
0.05418790602442626
0.0
0.0
-0.10388636642512059
-0.2240614901544688
-0.3181185683339267
-0.40473462895191165
-0.4855864063811619
-0.5590049228019781
-0.6228842918635682
-0.6753376020157316
-0.6933080034251132
-0.6880882430353873
-0.6695481379316108
-0.6440199959992566
-0.6155000412814602
-0.5864497192982581
-0.5583291432366757
-0.5319513500386135
-0.507716794542631
-0.4857678975658249
-0.4035876963912438
-0.3095390222529059
-0.21634318250583356
-0.1287923721827881
-0.04980042752974592
0.0
0.0
0.11165598981597569
0.22925427816548627
0.3227819876380452
0.4091725851810784
0.48974641930971086
0.5627711480308529
0.6261417105691975
0.6779879173677703
0.6940336825482518
0.6876589722915943
0.668462692017265
0.6425976561443201
0.6139416418656959
0.5848783528073763
0.5568172489442029
0.5305386949998236
0.5064223685096471
0.48041032224515823
0.3971292923568831
0.3030894203638495
0.21028299894029814
0.12333420743105057
0.04510209289820767
0.0
0.0
-0.12031425070916946
-0.23491876376019677
-0.32779762613468155
-0.4138976787736825
-0.4941336672708647
-0.5667012865279603
-0.629496278386637
-0.6799725189375786
-0.6943051492779918
-0.6869183856942656
-0.667162664638414
-0.641026383183891
-0.6122790024652703
-0.5832332946870776
-0.5552526474379644
-0.5290878364871292
-0.505099839201724
-0.4742740022866205
-0.3901122306206102
-0.29618339523150694
-0.20385248488488478
-0.11759465793233843
-0.040215757477813446
0.0
0.0
0.1297296285777693
0.2411608697433319
0.3333819900273362
0.419204700429897
0.4991069167870658
0.5712060770745283
0.6333980696595765
0.6814272657381216
0.6942687529098321
0.6860127146272915
0.6657879791128567
0.6394364464636115
0.6106311963473383
0.5816219992352817
0.5537314228211352
0.527684118821572
0.50382463754944
0.4683723189438109
0.38337248737390206
0.28955985738053985
0.19769478210302538
0.11210865687567274
0.035555938580870125
0.0
0.0
-0.13881806403074953
-0.24721368031649638
-0.3388165161539467
-0.42438530432207067
-0.5039775923605632
-0.5756352139913798
-0.6372539048044875
-0.6829130244127801
-0.6943069945557445
-0.6852039746848573
-0.6645191081603719
-0.6379529974952298
-0.6090857276403238
-0.5801062509990715
-0.5522977032646199
-0.5263594760484097
-0.5026202137094108
-0.4627397516654228
-0.37694891264287544
-0.2832595469231254
-0.19185091175862884
-0.1069161134946485
-0.03116015259604285
0.0
0.0
0.1474636723705864
0.25298173673525554
0.34400133891765283
0.429331874248242
0.5086317024966844
0.5798708474817375
0.6409449081043477
0.6843391506706685
0.6943495845674514
0.6844367623549613
0.6633117056557221
0.6365400397687222
0.6076130118605821
0.5786614723895102
0.550930883849785
0.5250965024316614
0.5014717729130597
0.4573382594560575
0.37078757856644756
0.27721633306809573
0.18624565823233447
0.1019358498870884
0.026944424620757107
0.0
0.0
-0.15574513618019317
-0.2585045289091976
-0.34896424394817316
-0.4340656523143154
-0.513084595629829
-0.5839222997289292
-0.6444742428921032
-0.6857003975871631
-0.6943865882986924
-0.683698829240148
-0.6621526945690451
-0.635184570286175
-0.6062006440394355
-0.5772761369656569
-0.5496204429907022
-0.5238857121417254
-0.5003708389412094
-0.4521650571936256
-0.36488632603274024
-0.27142764146808707
-0.18087585099129272
-0.09716411640173611
-0.022904500271957465
0.0
0.00973930463465833
0.16337096953991206
0.26487655482390526
0.3548840630152306
0.43955105154693697
0.5180051423684912
0.588135860058976
0.6478586092005658
0.6866358080394076
0.6938518976849432
0.682328413070045
0.6603526857639558
0.6332104797579376
0.6042091176474177
0.5753593998219176
0.5478291635527571
0.5222441279266498
0.49888671766279935
0.44683924306121
0.3588407377473866
0.26545957404909115
0.17528687244183394
0.0921377339152904
0.018581481206937395
0.0
-0.022123659438391008
-0.171246611484828
-0.2717262734004191
-0.36126105556946153
-0.44541055056583195
-0.5231958335690035
-0.5925064747926151
-0.6512833723387874
-0.6874553383890076
-0.6931150054577386
-0.6807140107930141
-0.6582946987816463
-0.6309812467523239
-0.6019749909057671
-0.5732177378793986
-0.5458328786291451
-0.5204179180054868
-0.49723774983303626
-0.44184887294679054
-0.3531855049684522
-0.25983498159831486
-0.1699665105282958
-0.08729479482817035
-0.014352442984931116
0.0
0.03405170999812235
0.17881854741261125
0.2783012505072123
0.36737344042173586
0.45101829501559193
0.5281543115022636
0.5966712235127017
0.6545345829759674
0.6882106803916083
0.6923805322523006
0.6791408230295134
0.6562988243941463
0.6288236806836085
0.5998150530474871
0.5711485722446327
0.5439050083733281
0.5186548200485576
0.49564610441148654
0.43702351966539715
0.34771740116675987
0.2543972226141814
0.16482372164014775
0.08261439716978257
0.010266313752816572
0.0
-0.04544917067350257
-0.1860177934545178
-0.28452925040603905
-0.3731457664994222
-0.45629749046050533
-0.532804674371963
-0.6005573308073102
-0.6575446920836016
-0.6888654031687302
-0.6916317745739129
-0.677604379759386
-0.6543679276513018
-0.6267448080403918
-0.5977384610445636
-0.5691619133944319
-0.5420556345952592
-0.5169645273671447
-0.49412083424492764
-0.43239456653990355
-0.34246879007611986
-0.24917465499012253
-0.1598814228034984
-0.07811346874871203
-0.006333819164875312
0.0
0.056399184313958406
0.19293230610381792
0.2905098315084812
0.37868818001534893
0.46136600134913025
0.5372691143340789
0.6042877784039196
0.6604339565369411
0.6894949311581958
0.6909147566075923
0.6761315717214491
0.6525165780211597
0.6247513810379546
0.5957471137421434
0.5672567447883915
0.5402820815417624
0.5153435093932824
0.49265806019112346
0.42796284963719267
0.3374449026717161
0.2441763954518122
0.1551519974977133
0.07380696487978163
0.002571741324400051
0.0
-0.06688412585534081
-0.1995550948233897
-0.2962393513148789
-0.3839988593869471
-0.46622346943904774
-0.541548592294526
-0.6078647188161492
-0.6632055721827471
-0.690101096530379
-0.6902304359640997
-0.6747228049255911
-0.6507448420556102
-0.6228432651451686
-0.5938407649166102
-0.5654327654800234
-0.5385840291485757
-0.5137914485540043
-0.4912574796818037
-0.4232966051488797
-0.33215420288227676
-0.238940083870816
-0.150230601087871
-0.0693613809141995
0.0
0.0
0.07700277545987858
0.20610117908086
0.30199340962914606
0.38939210952348396
0.47120764946426247
0.5459903523324255
0.6116314473218468
0.6661861309614637
0.6908117538419466
0.6895851494402255
0.6733131794268375
0.6489489866168072
0.6208984745867656
0.5918919739788527
0.5635647867340672
0.5368429451491256
0.5121987573371568
0.4898194046752484
0.4182433911464004
0.32637897462011395
0.2331889919618651
0.14479279155544358
0.06441768407731427
0.0
0.0
-0.08579767822271964
-0.2119774674756994
-0.3072696461206275
-0.3944124833544375
-0.47591280431163696
-0.5502491991760231
-0.6153138486052758
-0.669180897227277
-0.691627763172335
-0.6890939483222293
-0.6720795253213524
-0.6473343758751292
-0.6191302752278628
-0.590109522040137
-0.5618500625714592
-0.5352409355720359
-0.5107309254866323
-0.488492560109327
-0.4133949101697222
-0.3208075105604231
-0.22761792691941327
-0.1395041994539944
-0.05958939082691318
0.0
0.0
0.09431825505637889
0.21766530221753982
0.3123734310432417
0.39926641576827304
0.4804598078294206
0.5543626670415952
0.6188681085481851
0.6720686457231715
0.6924096534864694
0.6886126568048128
0.6708810707190532
0.64576823209429
0.6174162231014053
0.5883822243305674
0.5601887274769605
0.533689006275437
0.5093091048259953
0.4872073872402789
0.40876908990260025
0.31549170277345595
0.22229834544259558
0.13444938494016934
0.05496924391280657
0.0
0.0
-0.10250135812315081
-0.22313558347174317
-0.31728690981795415
-0.40394308280175517
-0.48484434886422145
-0.5583330228357062
-0.6223030711283767
-0.6748646013191251
-0.693178328774702
-0.6881646035810385
-0.6697415649818146
-0.6442735370006437
-0.615777871080946
-0.5867298796843886
-0.5585987111755986
-0.532203230422973
-0.5079475984987262
-0.4859765452523537
-0.40433945191321935
-0.31040277782376624
-0.21720736291337644
-0.12961334330357327
-0.050550602507681425
0.0
0.0
0.11032827354713365
0.22836705061249085
0.3219852949972048
0.40841447359326205
0.48903584553777296
0.5621278979631877
0.6255854286620474
0.6775353901643371
0.6939099236912674
0.6877324945268339
0.66864828946166
0.6428407866865676
0.6142079981672868
0.5851469084168891
0.5570756305768697
0.5307801107470185
0.5066435757745126
0.4814159121140215
0.3982810637282426
0.30422598417161234
0.21134460734334204
0.12428522651836779
0.04591549021985447
0.0
0.0
-0.11880866878024898
-0.23393599786687047
-0.32692876076054056
-0.4130800493003123
-0.4933752938787843
-0.5660227279814776
-0.6289179562929708
-0.6797781418942754
-0.6943432895646149
-0.6870906887826695
-0.6674059672046196
-0.6413007685356413
-0.6125598330554373
-0.5835059071912995
-0.5555088291131476
-0.5293234921400125
-0.5053134530163945
-0.4752475631243404
-0.3912264962213541
-0.297281869411765
-0.20487733786560627
-0.11851148622579236
-0.040998523794808256
0.0
0.0
0.12822635322612835
0.24016327151355438
0.3324883635591524
0.4183542009369806
0.4983084808236729
0.5704811873218466
0.6327682383481268
0.6811858380795293
0.6942644538979418
0.6861470821695824
0.6659975949076518
0.6396810636306244
0.6108858173166005
0.5818715985970355
0.5539674399913361
0.5279021339259774
0.5040228374696328
0.4692902364977689
0.38441886261370495
0.2905860368261993
0.1986465739446629
0.11295435348356497
0.03627187760696124
0.0
0.0
-0.13740552451532775
-0.2462702881107975
-0.3379678945553305
-0.42357522446980134
-0.503214983602744
-0.5749407323050386
-0.6366482324769771
-0.6826780284187454
-0.694298500036205
-0.6853281194592565
-0.6647154174387236
-0.6381830749813471
-0.6093257091203683
-0.5803417772017543
-0.5525205784673421
-0.5265654537251723
-0.5028075348501376
-0.463622402656711
-0.3779555890056502
-0.2842466970005206
-0.1927662745212364
-0.10772915343787463
-0.03184810201985505
0.0
0.0
0.14611246270304487
0.25208083065477843
0.3431918977138788
0.42855990970860325
0.5079056487991332
0.5792103638635568
0.6403696715790993
0.6841176113500892
0.6943440567587436
0.684557621122358
0.6635012175428215
0.6367615592372119
0.6078437722592814
0.5788877837144407
0.5511449409657709
0.5252942699860081
0.5016515892810903
0.4581835749197336
0.3717519274926246
0.2781623483964507
0.18712327641910265
0.10271578051295158
0.02760480385700087
0.0
0.0
-0.15444803680032745
-0.25763945000705474
-0.34818681873877155
-0.4333240793066607
-0.5123869834128005
-0.5832875330106996
-0.6439212263079601
-0.6854869479295587
-0.6943805529115777
-0.6838141812968497
-0.6623340152051829
-0.6353966802255616
-0.6064216849078389
-0.5774929624195543
-0.5498255554231618
-0.5240752327058803
-0.500543167643537
-0.4529744313633351
-0.3658095666661616
-0.2723332429297358
-0.18171589412341602
-0.09791057193309248
-0.023536450400678227
0.0
0.007889618088968375
0.1621882086111426
0.2638434286737225
0.35391885225252445
0.4386609894799641
0.5172133445634709
0.5874654579629622
0.6473289458712478
0.6865017721390941
0.6939546270682483
0.6825650302586291
0.66065739776411
0.633541958082709
0.6045420844305751
0.5756790292820244
0.5481273664925711
0.5225170944531805
0.4991332995521741
0.4475748991616374
0.3596748051101558
0.26629028421657763
0.1760739656150037
0.09285557833325464
0.019209797230760217
0.0
-0.020328354966486883
-0.17009973208383403
-0.2707257433676096
-0.3603274568684651
-0.44455075891779056
-0.522432114150083
-0.5918610909365503
-0.6507749000413016
-0.6873284032872145
-0.6932163039759064
-0.6809442756751304
-0.6585904553853384
-0.631302631572992
-0.6022976301861341
-0.5735273438216008
-0.546121663248325
-0.5206822214949367
-0.49747647939384065
-0.4425700466825202
-0.35400194529717927
-0.2606461798228576
-0.17073302595456724
-0.08799172837559613
-0.014960217164407166
0.0
0.03235326173090991
0.17774557128128224
0.27737299474228627
0.36651312488935356
0.450231531991097
0.5274613459482606
0.5960922532234361
0.6540862715414907
0.6881137938537033
0.6924930116796107
0.6793707730582774
0.6565875660529321
0.6291344370102188
0.6001254070035048
0.5714454494474344
0.5441813483915987
0.5189073758436157
0.495873994506266
0.4377169381936915
0.34850390285638905
0.25517998781163576
0.16556462271247405
0.08328926524408692
0.010856080185821432
0.0
-0.04380933233693679
-0.18498279619063454
-0.28363436962353605
-0.37231668688139247
-0.45553952433192046
-0.5321372797847436
-0.5999999276042526
-0.6571132947742103
-0.6887719843480739
-0.691739721060359
-0.6778253178684249
-0.6546454261752825
-0.6270434979096754
-0.5980367825584147
-0.5694472914041193
-0.5423212774701017
-0.5172073108272445
-0.49433990904585334
-0.43305771485727035
-0.34322055379507294
-0.2499226277496701
-0.16058921722174618
-0.078758024713743
-0.006896949377617395
0.0
0.05482951574373812
0.19194072817447977
0.289651926987079
0.3778929357328238
0.4606385691074791
0.5366281803812516
0.6037519950562173
0.6600187191705237
0.6894039365484578
0.6910170022044371
0.6763423071201398
0.6527816800871175
0.6250369222161155
0.5960324082715626
0.567529722708357
0.5405362195038884
0.5155758016003129
0.49286768334301156
0.4285982316355544
0.3381651520795706
0.24489291434954924
0.15582991744974845
0.07442420071765628
0.0031108815220568103
0.0
-0.06538153668182631
-0.198606039960169
-0.29541834044073334
-0.38323789721549717
-0.4655274790611603
-0.5409354530323136
-0.607352276263124
-0.6628085529368192
-0.6900143861892547
-0.6903286456646023
-0.6749248176498488
-0.6509988565361726
-0.6231168107002423
-0.594114045342182
-0.5656942311051418
-0.5388274390635576
-0.5140139284445606
-0.49145824396276516
-0.42398407433040153
-0.3329337333785024
-0.23971053210730583
-0.15095340378889308
-0.07001288321607549
0.0
0.0
0.07582032686784465
0.2053080255010709
0.301279363641596
0.3887113692911534
0.4705684672731897
0.5454105971031047
0.6111288623201256
0.6657759139643524
0.690697645327416
0.6896488369094753
0.6734779824185937
0.6491658094793922
0.6211364259451111
0.5921321117874329
0.5637959555497517
0.5370590128701564
0.5123967871294796
0.4899984510460664
0.41891088851674113
0.3271461661071729
0.23395556831593867
0.14551979091068779
0.06508063830805585
0.0
0.0
-0.08463230780363595
-0.2112006857391175
-0.30657337337832963
-0.39375087353110777
-0.475293593993158
-0.5496896377791621
-0.6148310494252637
-0.6687894528738781
-0.6915236897768315
-0.6891621400310116
-0.6722454103381296
-0.6475502360230595
-0.6193661108194082
-0.590346960972181
-0.5620783071265874
-0.5354540721766928
-0.5109261452197489
-0.4886689870141843
-0.4140294001107086
-0.32153686408363047
-0.2283480752628833
-0.14019829054488997
-0.060224082152009514
0.0
0.0
0.09319400241685621
0.21691359232758084
0.311698109877305
0.39862353133478456
0.4798569640387276
0.5538166393629598
0.6183955585005099
0.6716838205292464
0.6923033581099703
0.6886735581110878
0.6710370164323338
0.6459730300574953
0.6176408127321366
0.5886087898042226
0.5604067800493405
0.533892783737051
0.509495851117893
0.48737621948727466
0.40937613191229144
0.3161889906484733
0.22299583255306538
0.13511186737048692
0.05557447339644267
0.0
0.0
-0.10142851252085194
-0.22241836504159163
-0.3166426977710055
-0.40332994267750066
-0.48426954355184076
-0.5578125626688902
-0.6218528523885591
-0.6744982112639805
-0.6930778825253745
-0.688223754220946
-0.6698913964443993
-0.6444699332546018
-0.6159930815995636
-0.5869468954181065
-0.558807521816963
-0.5323983400363715
-0.5081263820349543
-0.4861381662619686
-0.404921774085172
-0.31107185694757167
-0.21787677079709467
-0.13024928022234666
-0.051131699259694616
0.0
0.0
0.10929979813393426
0.22767978718118276
0.321368162040269
0.40782722651529935
0.48848542236611814
0.5616296251874671
0.6251545232155993
0.6771848551841345
0.6938140585137574
0.6877894467616703
0.6687920571032868
0.6430291204397174
0.6144143229560982
0.5853549367795378
0.5572757779498327
0.530967116000759
0.5068149271398008
0.48219486515124776
0.399173252214903
0.3051063922367655
0.21216695291802684
0.12502190678145086
0.046545565254788535
0.0
0.0
-0.11764240706289192
-0.23317472316237176
-0.3262557165340681
-0.41244669387639693
-0.4927878398444257
-0.5654971006318529
-0.6284699746777848
-0.6796275732888868
-0.6943728344174445
-0.6872241593147111
-0.6675944355906206
-0.6415133143505519
-0.6127773714673949
-0.5837170796410224
-0.555707273816404
-0.5295060368653268
-0.5054789235796437
-0.4760017096825615
-0.39208963642079586
-0.29813277697050555
-0.20567121626496987
-0.11922168561061369
-0.041604875002284034
0.0
0.0
0.12706187338004094
0.23939050403646345
0.33179613581370354
0.41769538074850343
0.4976899906601055
0.5699196682419274
0.632280354299651
0.6809988221238487
0.6942611242558958
0.6862511673994265
0.6661599694528728
0.6398705511554296
0.6110830540204243
0.5820649453887098
0.5541502656112036
0.5280710146217287
0.5041763687533481
0.47000128305847183
0.3852294163267956
0.2913809461592466
0.19938386028380356
0.11360945515406332
0.03682646505713852
0.0
0.0
-0.13631132764869064
-0.24553950765028532
-0.33731052652909643
-0.42294771220585464
-0.5026242440198179
-0.5744027661349427
-0.6361790608317895
-0.6824959938265482
-0.6942919202922213
-0.6854242860823729
-0.6648674848309736
-0.6383613002140348
-0.6095116062552771
-0.5805242231164708
-0.5526932245104386
-0.5267250104120702
-0.5029526396010414
-0.46430613250468367
-0.37873539286975133
-0.2850113751002454
-0.19347534377750758
-0.10835896007320658
-0.03238100945195917
0.0
0.0
0.14506577130630763
0.2513829594519875
0.3425648783320161
0.427961921068244
0.5073432242709089
0.5786987321198808
0.6399240750621858
0.6839460000923437
0.6943397749726826
0.6846512424372994
0.6636480197593108
0.6369331555389681
0.6080225268646254
0.5790630919059188
0.5513107566353814
0.5254474672209447
0.50179088093482
0.458838384738057
0.3724989446177979
0.27889516364387723
0.18780310887925883
0.1033199408458892
0.02811635561269485
0.0
0.0
-0.15344325931084937
-0.25696933050582793
-0.3475845988674172
-0.43274963183551146
-0.5118465895175124
-0.5827958214184747
-0.6434928411820126
-0.6853216027968085
-0.6943758778605189
-0.6839035370423436
-0.6624744724240559
-0.6355609878635495
-0.606592910731369
-0.5776609228283038
-0.5499844425189061
-0.5242220418040778
-0.5006766593363108
-0.4536014007375917
-0.3665247409486227
-0.27303475325822424
-0.18236662064997286
-0.09848880221300392
-0.024025980782626175
0.0
0.006456785715335894
0.16127200046006218
0.2630431329660107
0.3531711662473544
0.4379715163407271
0.5165999904113712
0.5869461412208896
0.646918650342048
0.6863979434165142
0.6940342049862311
0.6827483223302
0.660893438439656
0.633798732874153
0.6048000122212687
0.5759266255052101
0.5483583649748096
0.5227285439194639
0.4993243105492448
0.44814476449258767
0.3603209032906531
0.26693378176776184
0.17668367586532735
0.0934116460129954
0.019696513015307407
0.0
-0.01893764771558426
-0.16921131823984484
-0.26995069703765606
-0.3596042579798665
-0.44388473364367087
-0.5218405098882182
-0.5913611536573763
-0.6503810193708242
-0.6872300749342116
-0.6932947735193703
-0.6811226471562764
-0.6588195590815618
-0.6315515877917818
-0.602547558146101
-0.5737671756854564
-0.5463453661658605
-0.5208869604500064
-0.4976614078660807
-0.4431286938851929
-0.3546343894387637
-0.26127456322643705
-0.17132679643337656
-0.08853159820420735
-0.015431020915118249
0.0
0.031037581891734833
0.1769144049739452
0.27665393412431394
0.3658466932668651
0.4496220768322632
0.5269245497337792
0.5956437618956214
0.6537389933194178
0.688038742092823
0.6925801423805312
0.6795489007403168
0.6568112358575114
0.6293751601693659
0.6003658184669293
0.571675421324784
0.544395411417247
0.5191030147441096
0.49605052645791525
0.43825408550777867
0.34911315578312246
0.2557863463036934
0.1661385517121722
0.08381204266082054
0.011312934753714796
0.0
-0.042539053317049075
-0.18418104932216256
-0.2829411621474063
-0.3716744514175321
-0.4549523759993152
-0.5316202915024622
-0.5995681426931323
-0.6567791186587788
-0.688699618750545
-0.6918233404041132
-0.6779964646592215
-0.654860386732078
-0.6272748740553908
-0.5982678733591755
-0.569668355689261
-0.5425270541939557
-0.5173953798084221
-0.49450961242877767
-0.43357141397030907
-0.3438028976601173
-0.250502034989999
-0.16113750083040235
-0.07925732147926845
-0.0073331707493086845
0.0
0.053613592407212446
0.19117261525805104
0.2889873624503344
0.377276910144327
0.46007507324138497
0.5361316892944052
0.6033369575207196
0.6596970610121363
0.6893334487971868
0.6910962054483097
0.6765055505667711
0.6529870379584369
0.6252581129756097
0.596253407965346
0.5677411814994973
0.5407330841661296
0.5157557437323549
0.4930300651864499
0.4290904220798732
0.33872308396330764
0.2454479564365502
0.15635505935705332
0.07490233445567196
0.0035285194781103923
0.0
-0.06421757524840174
-0.1978708667994783
-0.29478235492327465
-0.3826484276619722
-0.46498833907922343
-0.5404604926081482
-0.6069553192554635
-0.6625010071144328
-0.6899472171624426
-0.6904047225648827
-0.6750813042238061
-0.6511956255990683
-0.6233287092566613
-0.5943257385177446
-0.5658967720961269
-0.5390159934298007
-0.5141862696356614
-0.49161376343542906
-0.42451661356029674
-0.3335375867302518
-0.2403073499981156
-0.15151331366884568
-0.07051756114716176
0.0
0.0
0.07490435807758461
0.20469361916408918
0.30072623700380113
0.38818404253878036
0.47007333293360143
0.5449614971075902
0.6107395412631892
0.6654581446098785
0.6906092526351854
0.68969817160953
0.6736056449685407
0.6493337685582119
0.6213207519427628
0.5923181314897827
0.5639750275350116
0.5372263869839315
0.5125501883907864
0.49013714704104927
0.4194279569110412
0.32774046128616574
0.23454938698572875
0.14608295175457045
0.0655941874023904
0.0
0.0
-0.08372956829077088
-0.2105989615619045
-0.3060340144834285
-0.3932383658325464
-0.47481393053895204
-0.5492561806120064
-0.6144570551430213
-0.668486225457175
-0.6914430706430976
-0.6892149638842376
-0.6723739110780026
-0.6477174493664998
-0.6195487978873448
-0.5905308900469917
-0.5622551138928871
-0.5356191757594602
-0.511077369723802
-0.488805653890762
-0.4145208997707013
-0.3221018486242482
-0.2289136754978648
-0.14073595947895207
-0.060715737800899325
0.0
0.0
0.09232311419645534
0.21633128968628168
0.3111749808069709
0.3981255289749249
0.4793899786626835
0.5533936658773231
0.618029503541651
0.6713857205292993
0.6922210177369277
0.6887207345494071
0.6711578178271204
0.6461316742340144
0.6178147882749891
0.588784295908519
0.5605756917410702
0.5340506373929945
0.5096405117916172
0.4875070032706371
0.4098463694154521
0.316729135982138
0.22353613221993487
0.1356250510973704
0.05604330684202094
0.0
0.0
-0.10059744606079357
-0.2218627807376056
-0.316143666953015
-0.402854981338224
-0.4838242777973859
-0.5574093947041552
-0.6215040960692823
-0.6742143917894526
-0.6930000730974798
-0.6882695745292086
-0.6700074615187586
-0.6446220691625221
-0.6161597917422122
-0.5871150039477503
-0.5589692743740139
-0.5325494792629938
-0.5082648744696038
-0.4862633639595609
-0.4053728627010665
-0.3115901507548476
-0.21839531927271344
-0.13074190083045478
-0.05158183861445555
0.0
0.0
0.10850310244834072
0.22714740711592943
0.3208901076760864
0.4073723228765149
0.48805904390904703
0.5612436443864213
0.6248207276784747
0.676913317629009
0.6937397977504295
0.6878335641039874
0.6689034249193618
0.643175010838981
0.6145741498869086
0.5855160833623904
0.557430819621943
0.5311119772936522
0.5069476623427345
0.48279827144580545
0.3998643749433789
0.30578838940679876
0.21280397269971163
0.1255925669923726
0.047033645048872114
0.0
0.0
-0.11673897689576779
-0.2325850111615469
-0.32573435117933214
-0.41195607296084835
-0.49233277587128743
-0.5650899299332343
-0.6281229512840576
-0.6795109371903876
-0.6943957209728945
-0.687327550607035
-0.6677404302874729
-0.641677960328583
-0.6129458848985719
-0.5838806617584398
-0.5558609965429091
-0.5296474428712084
-0.5056071032977636
-0.476585899963286
-0.3927582572739659
-0.2987919219594525
-0.20628618432189755
-0.11977183275572145
-0.042074577443793226
0.0
0.0
0.1261598234964827
0.23879188928788952
0.3312599101713354
0.4171850338569406
0.49721088492318205
0.5694846944494334
0.6319024209720979
0.6808539525344572
0.6942585449920715
0.6863317957343231
0.6662857508831337
0.6400173353190254
0.6112358409893076
0.5822147190852087
0.554291889212246
0.5282018359600467
0.5042952998598003
0.4705520864725993
0.3858573017242712
0.29199671283095263
0.19995499001625594
0.1141169215500894
0.037256069356551236
0.0
0.0
-0.13546372158881997
-0.24497341761300093
-0.33680130452620516
-0.42246161760026363
-0.5021666349168796
-0.5739860373033918
-0.6358156228276816
-0.6823549829852723
-0.6942868233766003
-0.6854987803677343
-0.6649852819548664
-0.6384993601850105
-0.6096556091701877
-0.5806655525862698
-0.5528269626309144
-0.5268486090247344
-0.5030650432003366
-0.4648357753734228
-0.37933945828650173
-0.2856037235304067
-0.19402461550464273
-0.10884683199122039
-0.0327938196005981
0.0
0.0
0.14425496475978278
0.2508423621560499
0.3420791655234984
0.42749869656499473
0.5069075490676034
0.5783024029191972
0.6395788992334076
0.6838130635554008
0.694336458141081
0.6847237650317655
0.6637617382812365
0.6370660804922615
0.6081609969091637
0.5791988922285102
0.5514392036932588
0.5255661395644263
0.5018987814917726
0.4593456250690669
0.3730776121991031
0.2794628299159089
0.1883297326898513
0.10378794617835865
0.02851262285543113
0.0
0.0
-0.15266492084691696
-0.2564502307170998
-0.34711809668814936
-0.4323046432030756
-0.5114279800669381
-0.5824149231124338
-0.6431609979404913
-0.685193520234403
-0.6943722563907129
-0.6839727553666607
-0.6625832758729701
-0.6356882667447413
-0.6067255486994135
-0.5777910312831004
-0.5501075224438946
-0.5243357656575256
-0.5007800670262317
-0.4540870748166233
-0.3670787418698891
-0.27357816956621045
-0.1828706979130952
-0.09893672115425503
-0.024405189443745326
0.0
0.005346859817239397
0.16056227113458157
0.2624231937831982
0.3525919805209326
0.43743742449194756
0.5161248631957789
0.5865438589233777
0.6466008199803437
0.6863175137800912
0.6940958490378598
0.682890307269448
0.6610762844331991
0.6339976402943465
0.6049998127980312
0.5761184228608003
0.5485373050953967
0.5228923406363307
0.4994722748584194
0.4485862036323565
0.3608213952656781
0.2674322591972967
0.17715598037946
0.09384239697229307
0.02007354138551412
0.0
-0.01786035351847204
-0.1685231194275971
-0.2693503169702891
-0.3590440408927774
-0.4433688053910628
-0.5213822309537506
-0.5909738834190362
-0.6500759045746608
-0.6871539060904468
-0.6933555589824735
-0.6812608204214983
-0.6589970314305714
-0.6317444386521658
-0.6027411617537511
-0.573952958476917
-0.5465186548682306
-0.5210455589530467
-0.4978046604232492
-0.4435614430422932
-0.3551243044833018
-0.2617613326703592
-0.17178675340247113
-0.08894980170015027
-0.01579572322661825
0.0
0.030018406748754695
0.17627055225643878
0.2760969226950429
0.36533045023922717
0.44914996991877987
0.5265087271744768
0.5952963436265184
0.653469978533027
0.6879806041732399
0.6926476371023994
0.6796868851499929
0.6569844989100543
0.6295616333924345
0.600552050238734
0.5718535662001203
0.5445612326970315
0.519254564002821
0.496187274754615
0.43867018004295893
0.3495851060409015
0.25625605442333677
0.16658313872588434
0.0842170057322633
0.011666831504151653
0.0
-0.041555047355731844
-0.18355998600812257
-0.2824041775338177
-0.37117695164406034
-0.45449754879206866
-0.5312198129121118
-0.5992336658424446
-0.6565202532567082
-0.6886435616339927
-0.6918881150966097
-0.6781290414079896
-0.6550269032737611
-0.627454106730358
-0.5984468849951818
-0.5698396004087112
-0.542686456592774
-0.517541065122975
-0.49464107105936544
-0.4339693446469464
-0.34425400314651233
-0.25095086565627467
-0.16156222195956638
-0.07964409555507729
-0.007671084249878529
0.0
0.05267169240328956
0.1905776060686332
0.28847256573514984
0.3767997135263041
0.4596385681244531
0.5357470886026682
0.6030154538171285
0.6594478924904023
0.6892788463308984
0.6911575592636298
0.6766320050877636
0.6531461158986464
0.6254294556671929
0.596424602650224
0.5679049854419045
0.5408855829467247
0.5158951336838128
0.49315585227709613
0.42947169133242247
0.3391552790104453
0.24587791293829217
0.15676185405362844
0.07527271485410911
0.003852037565734087
0.0
-0.063315926890121
-0.19730137398445619
-0.2942896965919045
-0.38219180234797095
-0.46457070094668457
-0.5400925703779201
-0.6066478214090877
-0.6622627705391805
-0.6898951855049685
-0.6904636545967768
-0.6752025246169304
-0.6513480503250444
-0.6234928538580476
-0.5944897240233782
-0.5660536679749337
-0.5391620547423784
-0.5143197716122246
-0.4917342346754265
-0.4249291385020967
-0.3340053542763778
-0.24076966761123808
-0.1519470409468587
-0.0709085036776432
-6.112773273540817e-05
0.0
0.07414346686334078
0.20418851161419532
0.300274582140414
0.3877555200882374
0.46967277021205195
0.5445999677478655
0.6104280429812661
0.6652060416637582
0.6905420038008064
0.6897417468600082
0.6737120822738885
0.6494723759785752
0.6214722327936931
0.592470667241191
0.5641216711562389
0.5373633328066274
0.5126756276773715
0.4902505144343181
0.41984307203968896
0.328217007016778
0.23502532964609008
0.14653417999767882
0.06600555466481296
0.0
0.0
-0.0830048041778979
-0.21011564708765904
-0.3056006457126572
-0.3928264546011767
-0.4744283004239227
-0.5489075712526811
-0.6141561235216171
-0.6682420628926475
-0.6913777327975853
-0.6892568474227053
-0.67247662487374
-0.6478513055771981
-0.6196951300700569
-0.5906782646908976
-0.5623968093493235
-0.5357515088976065
-0.5111985890541725
-0.48891521073262906
-0.4149163094955316
-0.32255631425131187
-0.22936848759219441
-0.14116814625428706
-0.061110766838701744
0.0
0.0
0.09162401888357272
0.2158640474259518
0.3107553467014196
0.39772614961912245
0.4790155709134256
0.5530546501421229
0.6177362278584172
0.6711470301369876
0.6921554205796522
0.6887590226534364
0.6712551412979798
0.6462593218910128
0.6179546989566607
0.5889253986741816
0.5607114702991153
0.5341775133953143
0.5097567753252945
0.4876121085451904
0.4102244464244655
0.3171634711318138
0.22397063881013607
0.1360377967693062
0.056420427000697965
0.0
0.0
-0.09992914503241784
-0.22141602543178593
-0.3157423937043618
-0.40247306377327563
-0.4834662375744382
-0.5570852030500706
-0.6212236535166984
-0.6739861608580072
-0.692937471040453
-0.688306370755942
-0.6701007363708674
-0.6447443478048268
-0.6162937913759199
-0.5872501313227323
-0.5590992949152341
-0.5326709698702051
-0.5083761999961128
-0.4863640031898089
-0.405735356282072
-0.3120066376328101
-0.21881200308071763
-0.1311377435859045
-0.051943539795905755
0.0
0.0
0.10786279692505041
0.2267195052199013
0.32050585356279926
0.4070066650559867
0.48771630395989807
0.560933366151844
0.6245523868655719
0.6766950117587356
0.693680066662357
0.6878689892151447
0.6689929097794599
0.643292248571763
0.6147025931540728
0.585645590415568
0.5575554222918836
0.5312283994231982
0.5070543396924961
0.48328327314778385
0.40041987908436505
0.3063365544648168
0.21331598175626226
0.12605123403181773
0.04742593280393008
0.0
0.0
-0.11601286461815513
-0.2321110477475014
-0.3253153226214495
-0.4115617567961971
-0.4919670397849156
-0.5647626887216659
-0.6278440535499172
-0.6793502741077216
-0.6943761098787954
-0.6873911506142739
-0.6678499119775844
-0.641809565702714
-0.6130847953415406
-0.5840179115160429
-0.555991420470601
-0.529768315759984
-0.5057172411365577
-0.4770985550433091
-0.39334435802189177
-0.29936852335541225
-0.20682283809839053
-0.12025056389062695
-0.0424818645842948
0.0
0.0
0.1253711548119965
0.23826810889101985
0.3307907155714685
0.41673867565197137
0.49679215268827914
0.5691049302307029
0.6315729603237875
0.6807299644041312
0.6942598429724757
0.6864062054228965
0.6663996829958987
0.6401494874240403
0.6113729950799827
0.5823489424276403
0.5544186741350933
0.528318867355815
0.5044016418562017
0.47104514979425155
0.38642027314312594
0.2925498156856512
0.2004690193294848
0.11457469818620514
0.03764471291310889
0.0
0.0
-0.134704643766701
-0.24446771971944814
-0.3363471716955748
-0.42202864425163333
-0.5017595137754289
-0.5736157736943244
-0.6354932345169249
-0.6822307165978236
-0.6942835622248947
-0.6855663254161755
-0.6650912959021266
-0.6386233167074313
-0.6097847553448789
-0.5807922192811001
-0.5529467768638596
-0.5269593093459999
-0.5031656977834738
-0.46530689599924896
-0.3798767665143115
-0.28613073289723473
-0.19451345315503255
-0.10928119385519036
-0.03316153874614103
0.0
0.0
0.1435319671903926
0.250360050683569
0.3416456523596595
0.4270851256940787
0.5065184499840258
0.5779483106042527
0.6392703599355485
0.6836938941794042
0.6943329653594947
0.6847879764066624
0.6638627491981909
0.637184272542654
0.6082841798806672
0.5793197340911584
0.5515535224288626
0.5256717711944503
0.5019948329025903
0.4597972962967266
0.3735928270322442
0.27996817793619666
0.18879846895259522
0.10420443014976227
0.0288651841670578
0.0
0.0
-0.15197232549412662
-0.2559883378419484
-0.34670302220679117
-0.4319087261865697
-0.5110555497548969
-0.5820760624497173
-0.6428658000533751
-0.6850796472597385
-0.6943691357451724
-0.684034447228872
-0.6626801860535873
-0.6358016095889346
-0.6068436522577829
-0.5779068760133915
-0.5502171053100956
-0.5244370160594733
-0.5008721312519058
-0.4545196630377573
-0.36757220710619526
-0.2740622193625031
-0.1833197176355964
-0.09933572731615418
-0.024742999512199132
0.0
0.00435828389402193
0.15993017250880237
0.2618710856772143
0.35207618227856097
0.4369617990997424
0.5157017623226938
0.5861856426862947
0.6463178237252144
0.6862459304063817
0.6941507850108445
0.6830167866060547
0.6612391486424658
0.634174804396318
0.6051777690356581
0.5762892489061779
0.5486966785305645
0.5230382258139022
0.49960405845931155
0.449075119571515
0.36137592773124977
0.26797825381773843
0.17766565710393206
0.09429903004435294
0.020464403766986397
0.0
-0.016746073837587555
-0.16781740323954056
-0.26873834477562025
-0.35847561739021055
-0.44284773166317815
-0.5209219189832511
-0.5905877354222955
-0.6497750227531108
-0.6870849714311235
-0.6934250226780215
-0.6814081449719477
-0.6591835408727976
-0.6319458743349878
-0.6029427197719476
-0.5741459881301955
-0.546698468024524
-0.5212099816470989
-0.49795307971907304
-0.4440129387699383
-0.35563615497695
-0.2622704779890169
-0.1722683956938772
-0.08938824609378881
-0.01617860188009794
0.0
0.028937326725761825
0.17558382502743367
0.2755002873453439
0.3647755269499102
0.44864059787759947
0.5260580425327673
0.5949174716834792
0.6531738139215417
0.687910929467214
0.6927132052886188
0.6798286376093382
0.6571646948799733
0.6297565920111453
0.6007473120099408
0.57204067384348
0.5447355950702784
0.5194140436770635
0.4963312584665378
0.43910630141874174
0.3500792210079525
0.25674734348897643
0.16704769892811178
0.08463972031580055
0.012035797074557028
0.0
-0.04052471278255093
-0.18290892485964125
-0.2818407938167105
-0.3706546741001764
-0.45401978389097736
-0.5307988463979519
-0.5988817585962377
-0.6562475258147369
-0.6885839909782604
-0.6919555696853523
-0.6782678006770524
-0.655201384080651
-0.6276420044009114
-0.598634601146838
-0.5700192013308607
-0.5428536552482132
-0.5176938870453566
-0.4947789765676198
-0.4343881168524387
-0.34472884131849163
-0.2514233384271714
-0.16200932689269648
-0.08005125796338249
-0.008026809770681528
0.0
0.05168130363703183
0.18995225662038293
0.28793171026053765
0.376298506627639
0.45918023909425754
0.5353434080287415
0.6026781696922985
0.6591866966350215
0.6892220075311707
0.6912224901065251
0.6767652790193205
0.6533136158395686
0.6256097969334385
0.5966047486897652
0.5680773312380301
0.5410460199800607
0.5160417706862575
0.4932881735493959
0.42987258458162
0.3396097502281334
0.24633007689247238
0.15718970920501912
0.07566232080290643
0.004192401080077152
0.0
-0.062367370859911536
-0.19670222123522985
-0.29377135613503014
-0.38171135301635817
-0.4641312519649112
-0.5397054101094755
-0.6063242173417599
-0.6620120216098246
-0.6898403375326313
-0.6905255529634914
-0.6753299618486714
-0.6515083249320732
-0.6236654671090114
-0.5946621782103588
-0.5662186712232371
-0.5393156665039
-0.5144601766436406
-0.4918609363617872
-0.42536291203905896
-0.3344971998266031
-0.24125576983929026
-0.15240306993654185
-0.07131953624887648
-0.0004156564690262349
0.0
0.0730995609943256
0.2035188801919986
0.29968956036052075
0.3872097604713748
0.46917075861032354
0.5441550168607527
0.610053383196974
0.664912682388628
0.6904770851683499
0.6898130074245246
0.6738598310386842
0.6496584899050363
0.6216728111137043
0.5926711347587151
0.5643135206843629
0.5375419638490749
0.5128389175330396
0.4903978780030653
0.4203488382041561
0.3287950138202741
0.2356015912663812
0.1470798642503342
0.06650252837966747
0.0
0.0
-0.08212169537184913
-0.2095257364597537
-0.30507102733339136
-0.39232252671801005
-0.4739559952147724
-0.5484800289132391
-0.6137863926567422
-0.6679412934865051
-0.6912953274160388
-0.6893054825944689
-0.6725997126279747
-0.6480126218954152
-0.6198718890400627
-0.5908565004534942
-0.5625683028329225
-0.5359117478349705
-0.5113454184752078
-0.48904794427416415
-0.4154018191384469
-0.32311405227348894
-0.2299259718975708
-0.1416971438578511
-0.06159349987351151
0.0
0.0
0.09077261769964551
0.21529590143637903
0.3102456720932816
0.397241529763275
0.4785616976161008
0.552644163140032
0.6173816718377029
0.6708591126558228
0.6920778238817146
0.6888075640853489
0.6713752762966297
0.6464161417726949
0.6181262518284153
0.5890982360229436
0.5608776833889026
0.5343327661593629
0.5098990031411789
0.48774066140453576
0.4106876313809479
0.31769581277008047
0.22450340672700558
0.136544090850385
0.05688322527113722
0.0
0.0
-0.09910988735578177
-0.22086843416047444
-0.3152505790084915
-0.4020049777797098
-0.4830274116021789
-0.5566878515771883
-0.620879905966861
-0.6737063853439478
-0.6928605826125209
-0.6883512489592334
-0.670214811483453
-0.6448939667076365
-0.6164577841123672
-0.5874155213546023
-0.5592584443262713
-0.532819684383805
-0.508512475377029
-0.4864871997009852
-0.4061785940960807
-0.31251583787696696
-0.21932140875551281
-0.13162164077130828
-0.052385673259908935
0.0
0.0
0.10707948624026695
0.22619591169572723
0.3200355927113774
0.4065591081719297
0.4872967474894102
0.5605534942156052
0.6242238005553926
0.6764276265123997
0.6936067778525822
0.6879121797135387
0.6691022813992261
0.6434356034439673
0.6148596777711536
0.5858039909266611
0.5577078328632734
0.5313708090187553
0.5071848325754232
0.4838767923171838
0.40109966779139944
0.3070073427987447
0.21394250426400552
0.12661246123616504
0.04790591318281448
0.0
0.0
-0.11512447236541432
-0.23153117916838195
-0.324802678869323
-0.41107935860815165
-0.491519618053411
-0.5643623729213003
-0.627502891958904
-0.6790784150156159
-0.6943093723499505
-0.6874470515462707
-0.6679750486642808
-0.6419697969048561
-0.6132586852094115
-0.5841923587436704
-0.5561587501146142
-0.5299243493370219
-0.5058600203778617
-0.47777441779084906
-0.39411638781599706
-0.3001268147052145
-0.207527252324043
-0.12087754802277563
-0.043013786781154584
0.0
0.0
0.12433440208882404
0.23757914897339724
0.33017355290579053
0.4161517510776072
0.49624186681442434
0.5686062666521781
0.631140871362715
0.6805697403312941
0.6942652242214759
0.6865080705798923
0.6665535485084654
0.6403271562157243
0.6115569844515593
0.582528772804687
0.5545884028965802
0.5284754550133252
0.5045438740356023
0.471705173384666
0.38717479220617723
0.2932921144165879
0.2011599069993623
0.11519102978517701
0.03816907469596878
0.0
0.0
-0.13368818985903852
-0.24379183489109302
-0.3357409775085428
-0.42145123513796406
-0.5012170669642821
-0.5731229303666041
-0.6350646508071127
-0.6820663478678918
-0.6942805081090233
-0.6856576093438591
-0.665233778466332
-0.6387896200192926
-0.6099578743653985
-0.5809619322639341
-0.5531072596334177
-0.5271075544061703
-0.5033004708987946
-0.4659345206247854
-0.38059255383738333
-0.2868329253407789
-0.19516494081108918
-0.1098602509124655
-0.03365194175075374
0.0
0.0
0.14256698687023223
0.24971604935609965
0.3410666377625081
0.42653261600443343
0.5059985074991624
0.5774750123409764
0.6388577997257031
0.6835342021258948
0.6943277618369019
0.6848732162030889
0.6639971709949437
0.6373416812976026
0.6084482969123244
0.5794807664297293
0.5517058825935587
0.5258125661092433
0.502122866461742
0.4603994964927987
0.3742796886321099
0.28064181269253735
0.1894232238114753
0.1047594621742663
0.02933494572368152
0.0
0.0
-0.15104939015758861
-0.25537285335315457
-0.3461499420758243
-0.43138118896838284
-0.5105593240801217
-0.5816245839098264
-0.6424725173414065
-0.6849280045282471
-0.6943650808521569
-0.6841167566422948
-0.6628094203536641
-0.635952734026014
-0.6070011125588898
-0.5780613181529098
-0.5503631953119602
-0.5245719952395352
-0.5009948626003523
-0.45509654238675856
-0.368230287987522
-0.2747077566815867
-0.18391854971369406
-0.09986787022495722
-0.025193538165399196
0.0
0.003039996854511201
0.15908729084942222
0.2611348905813602
0.35138841936223436
0.43632761680958315
0.515137629263203
0.5857080386875859
0.6459405284981791
0.6861505258773407
0.6942240752426714
0.6831854675283371
0.6614563406752901
0.6344110600576317
0.6054150776144602
0.5765170472227644
0.5489092034591762
0.5232327633536491
0.49977979109559895
0.44974577386005726
0.3621366221521313
0.26872624631494507
0.17836268072594652
0.09492219037461218
0.020996360839701134
0.0
-0.015229961670890912
-0.16685821204001156
-0.26790718943278613
-0.3577040500011543
-0.4421408460498784
-0.5202978957011396
-0.5900647403317422
-0.649368090388339
-0.6869928183883374
-0.6935206326224341
-0.6816093291432561
-0.6594377965346372
-0.632220275505726
-0.6032171781365976
-0.5744087696725316
-0.5469432182901558
-0.5214337589691349
-0.4981550610096423
-0.44462789897529054
-0.35633343904993536
-0.26296417228068625
-0.17292470675378754
-0.0899857791275582
-0.016700492943664463
0.0
0.027461887978624422
0.17464597324832082
0.2746850589749502
0.3640169748581853
0.447944005594367
0.5254413791325747
0.5943986945692634
0.652767839216134
0.6878145252957563
0.6928017035536367
0.6800213429712838
0.6574100350910815
0.6300222031251573
0.6010134285903842
0.5722957313088869
0.5449733115606467
0.5196314904677535
0.49652759002287966
0.43970065707591294
0.35075252052189015
0.25741671294552815
0.1676805756000369
0.08521551668373965
0.012538305793101667
0.0
-0.03912072283446852
-0.1820216282431562
-0.28107291172065485
-0.36994276621467737
-0.453368503423661
-0.5302249444985353
-0.5984019523910658
-0.6558756157583091
-0.6885026724233086
-0.6920474261589407
-0.6784568721577682
-0.6554391620756853
-0.6278980818058532
-0.598890439437888
-0.5702639842123132
-0.543081537700852
-0.5179021766629224
-0.4949669369458201
-0.4349591080943911
-0.3453762954633086
-0.25206757217533754
-0.16261897269101194
-0.08060644132465225
-0.008511856718785946
0.0
0.05033105776344615
0.18909973481050205
0.28719440835631266
0.37561527819259627
0.4585554832741812
0.5347931690165114
0.602218460680759
0.6588307273392376
0.6891446111163859
0.6913110825012747
0.676947028936662
0.6535420150869641
0.6258556943550299
0.5968503734217657
0.5683123167307441
0.5412647661093425
0.5162416998591121
0.49346858330832205
0.4304191411867712
0.34022935729178255
0.24694654601836652
0.15777304444132095
0.07619351559341836
0.004656466606969542
0.0
-0.06107407736368223
-0.19588531065462303
-0.29306462455368226
-0.3810562807519536
-0.46353207846850997
-0.5391775265666752
-0.6058829865442693
-0.6616701224281509
-0.6897655378530376
-0.6906099308461084
-0.6755036993046278
-0.6517268355807391
-0.6239008021812098
-0.5948972977828199
-0.5664436331754265
-0.5395250980292238
-0.5146516026545945
-0.4920336796425483
-0.4259542985786651
-0.3351677563813286
-0.24191849412363586
-0.1530247920795802
-0.07187991107600948
-0.0008989957118260561
0.0
0.07167635422337346
0.20260593671333654
0.29889196788300926
0.38646569509772566
0.46848633639103604
0.5435483878721027
0.6095425852903944
0.6645127254396149
0.6903885754720176
0.6899101593374681
0.6740612641831593
0.6499122288078947
0.62194627038627
0.5929444431315604
0.5645750797745301
0.5377855015036445
0.5130615397292918
0.49059878702462
0.42103838479764916
0.3295830515746646
0.23638724972325115
0.14782383435772034
0.0671800878663325
0.0
0.0
-0.0809176960508205
-0.20872147437532432
-0.30434896620943575
-0.3916354915905205
-0.4733120737211116
-0.547897135853226
-0.6132823179524932
-0.6675312385417906
-0.6911829813931594
-0.6893717920122504
-0.672767527621277
-0.6482325560384407
-0.6201128769097575
-0.5910995015504568
-0.5628021116078057
-0.5361302124526978
-0.511545600948133
-0.4892289088556801
-0.41606374624834774
-0.32387445326191355
-0.2306860272446995
-0.1424183616727274
-0.062251642390137404
0.0
0.0
0.08961184517930898
0.21452130969811178
0.30955079826120063
0.39658081469968437
0.4779429013427613
0.5520845182615413
0.616898281372172
0.6704665749434817
0.691972030601204
0.6888737433996626
0.6715390639555766
0.6466299444314593
0.6183601410002991
0.5893338764471555
0.5611042925530411
0.5345444324099484
0.5100929116368911
0.4879159259422517
0.4113191213626514
0.31842158843656265
0.22522976349275936
0.1372343540638341
0.05751418778725745
0.0
0.0
-0.09799294033918188
-0.22012186744398937
-0.3145800560628719
-0.40136680568022925
-0.48242913156241557
-0.5561461163929808
-0.6204112524737925
-0.6733249490683396
-0.6927557555298599
-0.688412434267447
-0.6703703374547868
-0.6450979518514557
-0.6166813660467815
-0.5876410083188557
-0.5594754230508093
-0.5330224365374356
-0.5086982684546948
-0.48665516150697397
-0.40678288919798833
-0.3132100638819248
-0.2200159148348093
-0.13228136945345664
-0.05298846272328324
0.0
0.0
0.10601154770866358
0.22548206253790765
0.31939445548215384
0.4059489247557808
0.48672473887448864
0.5600355901233188
0.6237758175082851
0.6760630828707765
0.6935068585154107
0.6879710641952195
0.669251394906565
0.6436310485259775
0.615073841502606
0.5860199486968459
0.5579156241538833
0.5315649653235608
0.5073627420461805
0.48468597572532535
0.40202646809513226
0.3079218723153869
0.21479668330010743
0.12737761893222913
0.048560301786609
0.0
0.0
-0.1139132691914225
-0.23074060646475908
-0.324103758160946
-0.410421673650962
-0.4909096187820005
-0.5638165962404988
-0.6270377640732688
-0.6787077717511494
-0.694218384706559
-0.6875232649250385
-0.6681456556691622
-0.6421882505551795
-0.6134957606115925
-0.5844301940317765
-0.5563868815371416
-0.5301370800946901
-0.506054680634925
-0.47869586556159766
-0.395168946391944
-0.3011606427619562
-0.2084876261814362
-0.12173235638168277
-0.043738991001904357
0.0
0.0
0.12292092947072764
0.2366398449716965
0.32933213477976453
0.4153515585130041
0.49549162617955206
0.5679264060595116
0.6305517762886191
0.680351296396646
0.6942725608268102
0.6866469499920822
0.6667633233982722
0.6405693836691608
0.6118078291641423
0.5827739472888748
0.5548198051893931
0.5286889411818818
0.5047377884444015
0.47260502661061365
0.3882034772757809
0.29430413870991945
0.2021018392384683
0.11603131486796076
0.038883971327388814
0.0
0.0
-0.13230239193139923
-0.2428703570099282
-0.3349145134261351
-0.42066401562458877
-0.5004775138393753
-0.5724510049072243
-0.6344803346775003
-0.6818422532574735
-0.694276344235859
-0.6857820626798395
-0.6654280342434511
-0.6390163521755462
-0.6101938988217332
-0.5811933130467124
-0.5533260562641071
-0.5273096665691305
-0.5034842158803147
-0.466790202225918
-0.3815684333963879
-0.2877902701137656
-0.1960531564393007
-0.11064971717984062
-0.0343205401640843
0.0
0.0
0.14125136623842804
0.2488380403276329
0.3402772293835736
0.4257793434951997
0.5052896359850477
0.5768297339374653
0.6382953294733203
0.6833164835296861
0.6943206675346704
0.6849894291787686
0.6641804370006279
0.6375562869232336
0.6086720483693107
0.5797003123233957
0.5519136051467832
0.526004521002712
0.5022974229664587
0.4612205153099918
0.375216131864668
0.2815602229062966
0.190274992871872
0.1055161735455386
0.029975402302694798
0.0
0.0
-0.14979109219725892
-0.2545337231927934
-0.3453958918479532
-0.4306619630599945
-0.5098827872417327
-0.5810090537598908
-0.641936329360597
-0.6847212600984698
-0.6943595525518528
-0.6842289744357494
-0.6629856139066864
-0.6361587718310283
-0.6072157884607201
-0.578271879198136
-0.5505623693429998
-0.5247560211622989
-0.5011621902551782
-0.4558830396414184
-0.36912749258915106
-0.2755878598264044
-0.18473497655620885
-0.10059337537186624
-0.02580778690641297
0.0
0.0012426901228669573
0.157938135290027
0.2601311877747279
0.35045074730588965
0.43546299471673405
0.5143685098568453
0.5850568899953258
0.6454261372989187
0.686020454658382
0.694323996597551
0.6834154412351967
0.6617524527442135
0.6347331628150595
0.6057386158829909
0.5768276195303221
0.5491989525604031
0.5234979890740598
0.5000193788642088
0.4506601206080197
0.36317372648712637
0.26974603328867197
0.17931297850669953
0.09577178551055886
0.02172161262414532
0.0
-0.013162947036246958
-0.165550484095865
-0.26677402112568976
-0.3566521218392211
-0.4411771027729548
-0.5194471240466244
-0.5893517070022983
-0.6488132929453915
-0.6868671801326311
-0.6936509838976535
-0.6818836166501266
-0.6597844398671656
-0.6325943845249172
-0.6035913651319811
-0.5747670368942086
-0.5472769022958632
-0.5217388491924726
-0.4984304352812137
-0.4454663143459108
-0.3572840919204629
-0.2639099309681316
-0.17381949844233116
-0.09080043489813072
-0.017412021081049847
0.0
0.025450326070645707
0.17336733872834645
0.273573604948563
0.36298279130031175
0.4469942958859364
0.5246006416852981
0.5936914118821834
0.652214347412699
0.6876830911989785
0.6929223590123427
0.6802840707641541
0.6577445234079414
0.6303843280865077
0.6013762426870993
0.5726434677925287
0.5452974059616182
0.5199279498646707
0.4967952616431608
0.4405109809216735
0.3516704736782199
0.2583293079982098
0.16854341765848962
0.08600053743960123
0.013223408714939891
0.0
-0.037206571735863
-0.18081191887482906
-0.2800260079591498
-0.36897217574642455
-0.45248057027021227
-0.5294425065952174
-0.5977478012869224
-0.655368566513361
-0.6883918055317703
-0.6921726600824991
-0.6787146456432714
-0.655763340329983
-0.6282472088396098
-0.5992392404720753
-0.5705977126852934
-0.5433922247165734
-0.5181861514882672
-0.4952231955927702
-0.43573757770848776
-0.34625901194165176
-0.252945898076814
-0.16345014258378954
-0.08136335902364006
-0.009173152869701898
0.0
0.04849017946809392
0.18793743620487383
0.286189196565511
0.3746837882903183
0.4577037129028938
0.5340429922711606
0.6015917093919195
0.6583454111733162
0.6890390915344325
0.6914318662931886
0.6771948204571262
0.653853406682695
0.6261909423532988
0.597185249644524
0.5686326877844331
0.5415629969793375
0.5165142763447099
0.49371454770337986
0.43116429746629403
0.34107410802750393
0.2477870185988137
0.1585683434282885
0.07691772810877212
0.005289157417426929
0.0
-0.05931084596020286
-0.19477156316129662
-0.2921010912786005
-0.3801631779941381
-0.4627151861481912
-0.5384578284913659
-0.6052814278102409
-0.6612039889667907
-0.6896635585695917
-0.6907249687186583
-0.6757405669137171
-0.6520247454046462
-0.6242216498394173
-0.595217851636175
-0.5667503384823381
-0.5398106296919176
-0.5149125862247903
-0.49226919182773016
-0.42676057443273036
-0.3360819698824008
-0.24282202937948788
-0.15387242644103075
-0.07264390663912157
-0.0015579636366813698
0.0
0.06973600357635962
0.20136126130448975
0.2978045580200303
0.3854512622277825
0.46755321892481194
0.5427213309927741
0.6088461811776875
0.6639674380361028
0.6902679044282527
0.6900426128789962
0.6743358911313931
0.6502581676091869
0.6223190952542265
0.5933170622680826
0.5649316803474029
0.5381175322775702
0.5133650550942782
0.49087269940187983
0.42197848865756427
0.33065743486022137
0.23745838915726242
0.14883813734495194
0.06810384892141844
0.0
0.0
-0.0792762052223327
-0.20762497140208078
-0.3033645331687527
-0.3906988117760677
-0.4724341735365776
-0.5471024397140432
-0.6125950800201746
-0.6669721838819015
-0.6910298127302268
-0.6894621959678258
-0.6729963207506231
-0.6485324066050835
-0.6204414313956048
-0.59143080080039
-0.5631208783653013
-0.5364280595196234
-0.5118185227742434
-0.4894756296765739
-0.4169661946642667
-0.3249111575412866
-0.23172226028874243
-0.1434016449751222
-0.06314893102312184
0.0
0.0
0.08802928826850767
0.21346525824361245
0.3086034314293468
0.39568001874557945
0.47709925601036923
0.5513215178850398
0.6162392436120269
0.6699314026693873
0.6918277957194724
0.6889639699766913
0.6717623663572349
0.6469214355455637
0.6186790173682705
0.5896551404116849
0.5614132436114737
0.5348330108193942
0.5103572797405256
0.4881548755215373
0.41218007285584884
0.31941108575542543
0.2262200530621724
0.1381754349384906
0.058374420152211184
0.0
0.0
-0.09647013359699072
-0.21910402433015946
-0.3136658883832878
-0.4004967440198958
-0.48161345734982514
-0.5554075334712012
-0.6197723065897087
-0.6728049121072485
-0.6926128379286952
-0.688495852190129
-0.6705823761586942
-0.6453760581068987
-0.6169861898854224
-0.5879484294089689
-0.559771244302604
-0.5332988617769092
-0.508951572279422
-0.48688415479563407
-0.4076067641372486
-0.3141565474887952
-0.22096278028529867
-0.13318082060938577
-0.05381028492729638
0.0
0.0
0.10455555743159378
0.22450882540644146
0.31852035126698364
0.40511702189353604
0.48594488220944626
0.5593294976839982
0.6231650529918085
0.6755660767397448
0.6933706319638737
0.6880513452509731
0.669454691079931
0.6438975115579654
0.6153658248906643
0.5863143780149588
0.5581989195775752
0.5318296712814998
0.5076052976352479
0.4856671040600662
0.40322459828636487
0.30912183234487434
0.21592578872883927
0.12839584888822692
0.049438098664959546
0.0
0.0
-0.1122973436831268
-0.22968286682159728
-0.3231668502980316
-0.40953881647646384
-0.4900896917662826
-0.563081903223164
-0.6264104583247047
-0.678206547963798
-0.6940934921396253
-0.6876234785403512
-0.6683730555139867
-0.6424802247646597
-0.6138129886837607
-0.5847486352953419
-0.5566924444772374
-0.5304220847417689
-0.5063155190406065
-0.4799245632751701
-0.39657292135884203
-0.3025403993240112
-0.20977018955236537
-0.12287482252739218
-0.04470919014848179
0.0
0.0
0.12104152004160756
0.23539348529162707
0.32821732686514504
0.41429262899036545
0.4944999929519047
0.567029056909141
0.6297756289809996
0.6800664058540513
0.6942867195648074
0.6868351494037904
0.6670451327218615
0.6408938373168156
0.6121433437414179
0.5831016061604185
0.5551288962169371
0.5289740007046879
0.504996651028801
0.4738037038838058
0.38957396109219583
0.2956527536357504
0.20335740723214663
0.11715176363907104
0.03983762448732271
0.0
0.0
-0.13045582085510307
-0.24164278102689662
-0.3338136744057286
-0.41961555068036455
-0.4994926160568429
-0.5715562477939208
-0.6337023199856078
-0.6815438902608453
-0.6942708279837878
-0.685947804286678
-0.6656867187980009
-0.6393182782038987
-0.6105081956935767
-0.5815014244912894
-0.5536174093308587
-0.5275788016790505
-0.5037288926054216
-0.4679288982161173
-0.3828670124145671
-0.28906413861134017
-0.1972349980827774
-0.11170012466553264
-0.03521008878383361
0.0
0.0
0.13950042763465398
0.24766940997350245
0.33922646431130865
0.4247766338255299
0.5043459896862363
0.575970700761423
0.6375464899298824
0.6830265451377351
0.6943110981199111
0.685144003541719
0.6644242761569414
0.6378418529148685
0.6089697986837969
0.579992474269009
0.5521900379086285
0.5262599734567315
0.5025297236160031
0.46231336292188824
0.37646261015232063
0.28278267736314777
0.1914087212567826
0.10652335304018445
0.03082782071729462
0.0
0.0
-0.14811641244258678
-0.25341694440889556
-0.3443923616323472
-0.42970479261099337
-0.5089824421802
-0.5801899115724584
-0.6412227911025891
-0.6844461706296912
-0.6943522543266519
-0.6843783776877399
-0.6632201562826051
-0.6364330283139485
-0.6075015363721912
-0.5785521461929914
-0.5508274774241045
-0.5250009651596461
-0.5013849074837242
-0.45692990406861844
-0.37032172045479317
-0.27675933164803324
-0.18582169823327843
-0.10155908093230168
-0.02662540868735884
0.0
0.0
0.15637174075040675
0.2589224320698562
0.34933980306078144
0.43442389176865104
0.513421598347841
0.5842289428868329
0.6447413940401269
0.6858035105864322
0.6943895035311201
0.68364310459349
0.6620651018179251
0.6350821038527638
0.6060938632767249
0.5771713926138446
0.5495213569951986
0.5237941582954474
0.5002875901675203
0.4517740627308539
0.3644403247065193
0.2709901613877313
0.18047004106487835
0.09680351707197961
0.022599216551919016
0.0
-0.010632857491230913
-0.16394234144901423
-0.2653756405258122
-0.355350339829562
-0.4399810252048595
-0.5183876461438859
-0.5884597195542156
-0.648114480126252
-0.6867005581837099
-0.6938022706200936
-0.6822141071364843
-0.6602054844242333
-0.6330503480915114
-0.6040482669546307
-0.575204992180628
-0.5476851067129037
-0.5221122623800021
-0.4987675980947075
-0.4464838594518723
-0.3584378132599139
-0.26505827142222965
-0.1749066405394985
-0.09179095502365052
-0.018277952085433355
0.0
0.022990943385862328
0.1718006511008882
0.272209613806512
0.36171206242036924
0.4458259023203007
0.5235647742756964
0.5928182493905071
0.6515290070633233
0.6875166585268354
0.6930660695510481
0.6806027732883436
0.6581518232772882
0.6308259906776675
0.6018191288372419
0.5730681720253776
0.545693371240833
0.5202902370763832
0.49712242327575223
0.44150048471026454
0.35279109487036375
0.2594431039106546
0.16959621846344197
0.0869581167574293
0.014058836496651461
0.0
-0.03487220592549106
-0.1793368866451415
-0.2787496773601682
-0.36778904628888404
-0.4513983686963317
-0.5284890729543781
-0.5969509154804397
-0.6547511555268873
-0.6882574847333531
-0.6923261949746394
-0.6790297374366326
-0.6561593374371404
-0.6286735587734522
-0.5996651255261911
-0.5710051551540064
-0.5437715125034129
-0.5185328139953208
-0.4955360140027946
-0.43668853898315463
-0.34733745333238397
-0.2540190798482144
-0.16446580286438464
-0.08228837802304398
-0.009981406023951353
0.0
0.046241354077025454
0.18651778636470326
0.28496155493123265
0.3735462833600782
0.4566636533512756
0.5331270833802922
0.6008266044790225
0.6577530940343853
0.6889105324178477
0.6915796270506283
0.6774976475620119
0.6542338719113475
0.6266005150631421
0.597594346021096
0.569024051203641
0.541927306178892
0.5168472420208058
0.4940150022262624
0.4320742085630262
0.34210562320224613
0.24881331949279567
0.15953949693568006
0.07780209253714206
0.006061778645507582
0.0
-0.05715747042816585
-0.19341132422913246
-0.29092427375365837
-0.3790723519101555
-0.4617174141305153
-0.5375787409268421
-0.6045466081248568
-0.6606345520875915
-0.6895388893740045
-0.6908653630693122
-0.6760297682164147
-0.6523885107117554
-0.6246134398719995
-0.59560929173371
-0.567124872773644
-0.5401593108626233
-0.5152312921097819
-0.49255679402810515
-0.4276559049136886
-0.3370969596164835
-0.2438302545674701
-0.15482450326982483
-0.07350878636324776
-0.0023112897980919617
0.0
0.06761000733978395
0.20001357097424738
0.2966359710453815
0.3843664703497574
0.4665596933553463
0.541844791896694
0.6081122731304631
0.6633973669821422
0.6901429851277598
0.6901829920926827
0.6746252151642433
0.6506221309243604
0.6227111188088293
0.5937087466641824
0.5653064548073702
0.5384664409578773
0.5136839713889041
0.49116049304803056
0.4229644975516941
0.3317776216394636
0.23856789016022717
0.1498814243371664
0.0690466484858303
0.0
0.0
-0.07757400144583917
-0.20648434153385856
-0.3023383561892852
-0.3897209664841841
-0.4715164302527421
-0.5462704247009585
-0.6118742397248956
-0.666384301547025
-0.6908668781862348
-0.6895543828075872
-0.6732335651733333
-0.6488442422275335
-0.620783523292145
-0.5917759664400799
-0.5634531120036971
-0.5367385655673583
-0.512103091650996
-0.4897329096400645
-0.4179209315354031
-0.3260083540345546
-0.23281866854748368
-0.14444158730150786
-0.06409741922780415
0.0
0.0
0.08636065417607222
0.21235272105378733
0.30760600679690925
0.3947320988001932
0.47621193707994264
0.5505195162895213
0.6155470828452274
0.6693699990867336
0.6916780397140957
0.6890610057460071
0.6719993883301472
0.6472300965238653
0.6190163459906451
0.5899948182503104
0.5617398004712749
0.5351379719348772
0.5106366172670662
0.48840733047100315
0.41308839593108015
0.3204551689016961
0.22726520129896494
0.13916889265241877
0.059282779322900964
0.0
0.0
-0.09486136767143316
-0.2180284440030532
-0.31269967037033963
-0.3995769853050119
-0.4807510342213147
-0.554626446266804
-0.6190963916328911
-0.672254550010305
-0.6924610034583878
-0.6885832361245102
-0.6708057352602134
-0.6456692967176949
-0.6173077266155758
-0.5882727733403402
-0.5600833889650815
-0.5335905638940869
-0.509218889993145
-0.48712582646195424
-0.40847583534605286
-0.3151548515466498
-0.2219613979715367
-0.13412934780533234
-0.0546768649787773
0.0
0.0
0.10301963674104084
0.2234820629344278
0.31759812078372424
0.40423928329800474
0.4851220302785488
0.558584450771939
0.6225205662875997
0.6750415998636259
0.6932268531205711
0.6881360286228161
0.6696691832282203
0.6441786603667057
0.6156739055066017
0.5866250420333526
0.5584978373048853
0.5321089753517854
0.5078612303561655
0.4858984681168604
0.40405813915722766
0.31007955384098806
0.21688398011344173
0.12930612992244875
0.05026988174650596
0.0
0.0
-0.11082511754329555
-0.22869905923365447
-0.32228342443411256
-0.40869816552263266
-0.48930174828326023
-0.5623686074840158
-0.625793593842756
-0.6777047293476371
-0.6939562349879821
-0.6877049815891229
-0.6685788370563865
-0.6427498049348628
-0.6141083251653386
-0.5850464124395488
-0.5569789418102667
-0.5306897707788613
-0.5065607980099558
-0.4810396093244089
-0.3978500582636143
-0.3038006696885288
-0.2109473421496098
-0.12392934520276543
-0.04561110860242852
0.0
0.0
0.11937207573600236
0.23430376048154494
0.32725390029424895
0.41338601565113425
0.4936590858213365
0.5662766521982715
0.6291343707924243
0.6798508797634996
0.6943290167993649
0.687026210778204
0.6673149204019759
0.6411980902184412
0.61245474287527
0.5834038923308466
0.5554129628734538
0.5292353069877357
0.5052335161856663
0.47488324401184534
0.39080952359511634
0.29687080622830647
0.20449382478322614
0.1181683974681661
0.04070560284117099
0.0
0.0
-0.12878889942174276
-0.24053658617509743
-0.33282277044381786
-0.41867246903157707
-0.4986072659676146
-0.5707524504202915
-0.6330039292488108
-0.6812761832299702
-0.6942660624038218
-0.6860967998454549
-0.6659191537179625
-0.6395895244875406
-0.610790534638839
-0.5817781950892736
-0.553879119135185
-0.5278205496948961
-0.5039486683547851
-0.46894673845124873
-0.3840272938582746
-0.2902020256836386
-0.19829039977879534
-0.11263788174413916
-0.03600396307994018
0.0
0.0
0.13793411787948576
0.24662331937099655
0.33828546114871316
0.42387836810191415
0.5035003627934822
0.5752006172932784
0.6368748836561358
0.6827659671389842
0.6943016786283711
0.6852816625166959
0.6646419555067651
0.6380969765113436
0.6092359044468667
0.5802536397714793
0.5524371752374699
0.526488373806143
0.5027374364878526
0.4632921009705132
0.3775788751151671
0.28387729018595986
0.19242373167242582
0.10742490141086643
0.03159066083586268
0.0
0.0
-0.14661810676638903
-0.2524179638629544
-0.34349480325589393
-0.4288487908467731
-0.508177349340617
-0.5794575270194672
-0.6405849339085257
-0.6842005146878407
-0.6943461252362795
-0.6845123937864865
-0.6634302991515839
-0.636678663121
-0.6077574180526429
-0.5788030944291429
-0.5510648374040421
-0.5252202622388108
-0.5015842991534597
-0.4578672441422822
-0.37139105247021464
-0.27780833413148065
-0.186794857504324
-0.10242391789659326
-0.02735767933507624
0.0
0.0
0.15493343277181162
0.2579631767110332
0.3484777439440462
0.4336015879975113
0.512648041228613
0.5835250729886702
0.6441281740283346
0.6855668241807424
0.6943828113713703
0.6837710146055184
0.6622661620044255
0.6353173051731984
0.6063389677630386
0.5774118227576157
0.5497487989701237
0.5240043109888365
0.5004786794055743
0.4526715499633921
0.365464074530984
0.27199435168748476
0.18140153592833783
0.09763123580730443
0.023299964134131657
0.0
-0.008581802264987837
-0.16263081780543204
-0.2642300419529051
-0.35428005041345856
-0.43899406570155736
-0.5175096486129049
-0.5877163336646233
-0.647527154729354
-0.686551930550933
-0.6939161839272286
-0.6824764840514236
-0.6605433693377593
-0.6334179132532348
-0.6044174826010679
-0.5755594185092237
-0.5480157738898597
-0.5224149457461837
-0.4990410244251065
-0.4472996040370132
-0.3593626828078821
-0.2659794182474387
-0.17577942188698428
-0.09258694868962943
-0.01897467065830291
0.0
0.0210001890093095
0.1705289141874999
0.27110015898053474
0.36067682560220904
0.44487250776186693
0.5227179110929245
0.592102604656122
0.650965179081407
0.6873759045376491
0.6931783962771548
0.6808581065452008
0.6584797781291445
0.6311823638006574
0.6021768929773262
0.573411483916135
0.5460135950439774
0.5205833145540943
0.4973871426603613
0.4423001708979264
0.3536964190937092
0.26034261531349306
0.1704461825354762
0.08773092371632636
0.014732777501752364
0.0
-0.032988850935638636
-0.17814709778945712
-0.27772036433164177
-0.3668350700398786
-0.45052595249291894
-0.5277206657824324
-0.5963089140222676
-0.6542540374986667
-0.6881500504616884
-0.6924509198790612
-0.6792847217039668
-0.6564795138436759
-0.629018146529269
-0.6000092670990733
-0.5713343527822786
-0.5440779371025599
-0.5188128650292283
-0.4957887140304889
-0.4374574487457526
-0.3482095800487491
-0.2548870632708911
-0.16528736447202264
-0.08303671772214284
-0.010635379204383566
0.0
0.044422988953236486
0.18537011052264546
0.2839692498718608
0.3726269431595328
0.4558231686750907
0.5323870306458671
0.6002085177348051
0.6572747312618553
0.6888069433031221
0.6916993255542886
0.6777426388986535
0.6545415812987534
0.6269317228583317
0.5979251453538365
0.5693404978894475
0.542221869193628
0.5171164569496747
0.49425792736935314
0.4328095529532776
0.34293923043154995
0.24964272303452745
0.1603243479612807
0.07851682041198073
0.006686216045068721
0.0
-0.05541691378218508
-0.19231179434830678
-0.2899729701755593
-0.37819053033517375
-0.4609107872283969
-0.5368680292937114
-0.6039524947310394
-0.6601741083837661
-0.6894379883387219
-0.6909787400632973
-0.6762634461610819
-0.6526824741526487
-0.624930067602544
-0.5959256459595743
-0.5674275694924714
-0.5404411165373378
-0.5154888737059468
-0.4927892386142941
-0.42836046031123376
-0.33789562185117483
-0.24462478014748196
-0.15557622766737617
-0.074193220020389
-0.00290912561445833
0.0
0.06594383254794864
0.19896119333303408
0.2957255774477745
0.38352266291589493
0.46578793114661965
0.5411649007399453
0.6075440414518981
0.6629571246499097
0.6900468347436157
0.6902918938226124
0.6748492208549817
0.6509037997520728
0.6230144450385522
0.5940117788975446
0.5655963859715676
0.5387363507013435
0.5139306724736086
0.4913831143630708
0.42372681098871773
0.332642019036285
0.23942221651227769
0.15068291801314576
0.06976907933521018
0.0
0.0
-0.07626282045135357
-0.20560483786472725
-0.30154657251435557
-0.38896611454734237
-0.47080766075919295
-0.5456275519472349
-0.6113169386729336
-0.6659294245442124
-0.6907403467812261
-0.6896250039049764
-0.6734163101653009
-0.6490846704542776
-0.6210473802569909
-0.5920422478908104
-0.5637094480122865
-0.5369781564347044
-0.5123226808121824
-0.4899314486673097
-0.41866109895035153
-0.3268590692033646
-0.23366870160807085
-0.14524773463243273
-0.06483254887357102
0.0
0.0
0.08506841048216596
0.21149137150352154
0.30683393121955366
0.3939984598800018
0.4755253136797986
0.549899035760293
0.6150117215967674
0.6689359384177076
0.6915626359175281
0.6891366214582754
0.6721833331651854
0.6474694572536396
0.6192778568784748
0.5902581070325638
0.5619928938891622
0.5353743126074781
0.5108530904677223
0.4886029648781488
0.4137919624940727
0.3212639267986748
0.22807484054335905
0.1399385491033335
0.05998656917909009
0.0
0.0
-0.09361471811699698
-0.21719489578036033
-0.31195082728450785
-0.39886411032817365
-0.48008255909759096
-0.5540209728030969
-0.6185723952800104
-0.6718278290795345
-0.6923431357609034
-0.6886507677370243
-0.6709786587209658
-0.6458963909501598
-0.6175567672248022
-0.5885240049009353
-0.5603251808280236
-0.533816526520781
-0.509425967273798
-0.4873130394032112
-0.40914896578940596
-0.3159280528874151
-0.22273482023549568
-0.1348639544397634
-0.05534798555706767
0.0
0.0
0.1018299908045518
0.22268676118498745
0.31688377360056286
0.40355939082927517
0.48448464612115183
0.5580073282986401
0.6220213324020741
0.6746353210631597
0.6931154713308764
0.6882016189771054
0.6698353267928134
0.6443964382140268
0.615912545920217
0.5868656841947029
0.5587293810880285
0.5323253264806415
0.5080594779934201
0.4860776847491635
0.4047038585608599
0.3108214753977421
0.2176262662200414
0.13001130108852005
0.050914242312142435
0.0
0.0
-0.10968467230721102
-0.22793697363414003
-0.3215991043956682
-0.4080469850316667
-0.4886914007077804
-0.5618160879038414
-0.6253157758540557
-0.6773160317348383
-0.6938499330018257
-0.6877681342003351
-0.6687382566410504
-0.6429586425297432
-0.6143371124741375
-0.5852770887894339
-0.5572008791692178
-0.5308971352397917
-0.5067508043481089
-0.48190336677481793
-0.3988393790765562
-0.30477692754675656
-0.211859216267325
-0.12474622764708343
-0.046309779733821485
0.0
0.0
0.11807884339009314
0.23345960598906368
0.32650758191205204
0.41268370698287715
0.4930076758165559
0.5656937999348828
0.6286376175359507
0.6796839187954636
0.6943617781957461
0.6871742122158258
0.6675239072956771
0.6414337758443613
0.6126959646407669
0.5836380550731951
0.5556330122026102
0.5294377253122104
0.5054170014882293
0.47571949433284005
0.39176663366958103
0.29781435189616695
0.2053741325390493
0.11895591609327505
0.041377967360795395
0.0
0.0
-0.12749764290890608
-0.2396796876744159
-0.33205518001932394
-0.4179419232385787
-0.4979214409213686
-0.5701297988877395
-0.6324629293778735
-0.6810688068928081
-0.6942623702674369
-0.6862122168134761
-0.6660992059456546
-0.639799641478499
-0.6110092444599308
-0.58199259150413
-0.5540818489404327
-0.5280078163951083
-0.504118914555781
-0.469735196505283
-0.3849260923877532
-0.2910834766319391
-0.1991079543289226
-0.11336430419692169
-0.0366189283492596
0.0
0.0
0.1367207960164835
0.2458129789886271
0.33755652559897453
0.4231825387062147
0.5028453095139367
0.574604082858029
0.636354633392386
0.6825641144803924
0.6942943825512915
0.6853882987825081
0.6648105784468182
0.6382946050903778
0.6094420401663605
0.5804559485369697
0.5526286172211613
0.5266653013979598
0.5028983387642303
0.4640502683582657
0.37844357607892976
0.28472521864575734
0.1932099971639564
0.10812327497438483
0.03218158579775325
0.0
0.0
-0.14545746226865056
-0.2516441155514124
-0.34279952039083417
-0.4281856992952734
-0.5075536937600464
-0.5788901940249048
-0.6400908253839653
-0.6840102201461871
-0.6943413772944207
-0.6846162076377604
-0.6635930836990598
-0.636868941081032
-0.607955633639313
-0.5789974883914052
-0.5512487053952605
-0.5253901380286475
-0.5017387554639899
-0.45859334299010324
-0.37221939721799924
-0.2786209308452454
-0.18754870320374323
-0.103093853057309
-0.027924923638783086
0.0
0.0
0.1538192653301931
0.2572201014162247
0.3478099605006435
0.43296460053111124
0.5120488147452941
0.5829798288425646
0.6436531506901005
0.6853834779535196
0.6943776273493395
0.6838700984962599
0.6624219107768877
0.6354995009556271
0.6065288349125708
0.5775980689871562
0.5499249840765953
0.5241671031682265
0.5006267043158947
0.45336677738845643
0.3662571097177558
0.27277223532766515
0.18212310694232164
0.09827241792017782
0.023842789605803563
0.0
-0.006992977665373323
-0.16161486222378477
-0.26334261818380633
-0.3534509639569189
-0.4382295297363741
-0.5168295186966992
-0.5871404789959833
-0.6470721903952189
-0.6864367980136185
-0.6940044254808494
-0.6826797311011961
-0.6608051077231608
-0.6337026430742
-0.604703490948041
-0.5758339704925811
-0.5482719211389091
-0.5226494156811045
-0.4992528307580195
-0.44793151051447094
-0.36007912159285116
-0.2666929732728357
-0.17645551119335653
-0.09320355536726194
-0.019514375110975077
0.0
0.01945807568050678
0.16954377886970537
0.270240733480322
0.3598748921662608
0.44413397242288627
0.5220618989701086
0.5915482392859324
0.6505284166861096
0.6872668711932579
0.6932654087878535
0.6810558973014822
0.6587338243085782
0.6314584238435562
0.6024540305546583
0.5736774262369432
0.5462616524626213
0.5208103434066788
0.49759220426599005
0.44291963793393885
0.35439771732978526
0.2610394107195617
0.17110459671298006
0.0883295690882013
0.015254837582572747
0.0
-0.031529933235515395
-0.17722544253490077
-0.2769230196957083
-0.36609608411015826
-0.44985014604574286
-0.5271254286477249
-0.595811595513641
-0.6538689511509874
-0.6880668278276698
-0.692547536486205
-0.6794822421193782
-0.6567275345453912
-0.6292850771815796
-0.600275852121366
-0.5715893616623564
-0.5443153051367009
-0.5190298031065522
-0.49598446498839915
-0.4380530752055258
-0.34888516224813576
-0.255559435918872
-0.16592377703370936
-0.08361640983580398
