0.0
-0.02999999999999997
0.0
-0.021047466666666736
0.12564032568888878
0.10130994025054774
0.02597779841040132
0.1196214070811581
0.03004857454854387
0.0822712789643959
0.0
-0.0046426771805183065
0.0
-0.14129229168239732
-0.07543097529964654
-0.2707317651851191
-0.23871805374399496
-0.2988574343090549
-0.3265498409197482
-0.3516958644968871
-0.3793662975279312
-0.4094120145671381
-0.44059490105008586
-0.4714868783771795
-0.5006922641809304
-0.5269257740232196
-0.5490563404151264
-0.5661389663076195
-0.5774386459218362
-0.5824467805789872
-0.5808899633001764
-0.5727310905466132
-0.5683686789622628
-0.5869415473378238
-0.5996178534509166
-0.595303787807057
-0.5812514118579418
-0.562111430731053
-0.526535152999027
-0.4001099955815943
-0.25333669691944793
-0.11099610140937113
0.0
0.0
0.0
0.16388196046134615
0.31078211369418063
0.4314079119232965
0.5434445636414519
0.647587680650207
0.7412818184435607
0.8216653914297293
0.8646455458459227
0.8667210794022202
0.8448197582779366
0.809850410388163
0.7687413603773069
0.7258007104615352
0.683622540597699
0.6436892609983835
0.6067708172431189
0.5731882245543379
0.5429866261764381
0.5160481300068832
0.4690899693550011
0.38670592521501146
0.2980958107108772
0.2114812916936002
0.13055157367913123
0.0578365879074768
0.0
0.0
-0.13421242233268668
-0.26391509774158406
-0.36638097302573824
-0.459926643706263
-0.5460075140156477
-0.6228116693453759
-0.6881577247555271
-0.7209326981190736
-0.7231801541103042
-0.7075036485004766
-0.6820284135549836
-0.6519176640351364
-0.6203844993167131
-0.5893660591503075
-0.5599716715693801
-0.5327798912351585
-0.5080346161606062
-0.43677616699519617
-0.3430892783912385
-0.24748202618773463
-0.1564511128003505
-0.0733599122592262
-0.000649786767408983
0.0
0.017180429651380724
0.16609042677077565
0.2661059594111578
0.35528086749672116
0.43925316644803847
0.5170592712223302
0.5865858355578129
0.6457622732606763
0.6847100170883385
0.6921078720879241
0.6807649501985974
0.6589613792734238
0.631979075004123
0.6031236354440087
0.574405450295291
0.5469927309558408
0.521512013007486
0.49824676117066075
0.45246186418106255
0.36413104702777865
0.26900698073479407
0.17681375500891672
0.09165213357670993
0.016197044416676742
0.0
-0.01723691576747241
-0.17082047800693553
-0.2731749718547318
-0.36402264269831175
-0.44931311636631777
-0.5281193169777035
-0.5983157755562954
-0.6578188061092034
-0.6930069878430323
-0.6978552544942856
-0.6847781513601948
-0.6617905886718508
-0.6339961202785256
-0.6045803162716066
-0.575472726570644
-0.547787057851601
-0.5221130461846782
-0.49870926673398247
-0.4525666498852138
-0.3654433226507706
-0.27172823929084067
-0.180830502519563
-0.09676035729619292
-0.022155287543919336
0.0
0.000701070329892417
0.15891408934653445
0.26181898057557496
0.35262540420795413
0.4380113728281448
0.5171937896796399
0.5880611743073734
0.6485094294008557
0.6878754482028462
0.6953825173932207
0.6839636583916219
0.6619792619766456
0.6347625926259626
0.6056515204397894
0.5766761894109665
0.5490164120085994
0.5233050684265833
0.49982862752181845
0.45208425902146177
0.36463781341760865
0.27090007141944084
0.18007286525172406
0.09611924330354854
0.021662209579001432
0.0
-0.005421764211116509
-0.16120728408400897
-0.2633652048049719
-0.3537419655400325
-0.43874106393595996
-0.5175325969054757
-0.5880059188118403
-0.648067481081506
-0.6871238988696067
-0.6944822271727542
-0.6830149158757549
-0.6610427030009417
-0.6338731086873439
-0.6048274796375428
-0.5759255264745905
-0.5483406300311772
-0.5227018502935602
-0.49929352398093335
-0.45052340817747566
-0.36293775642311965
-0.269282106719547
-0.17861529426689376
-0.09486543872562297
-0.020642419389878167
0.0
0.010538617147551804
0.16440965863569074
0.26612020464474073
0.356289365433841
0.441069943291383
0.5195869985839058
0.5897292966538155
0.6494131746170823
0.6874998104446103
0.6942757471889167
0.6824771290341978
0.6603343785263829
0.6330954120793599
0.6040424514255792
0.5751697111429465
0.5476341231424567
0.5220542838294259
0.49870800822722705
0.44796708687618136
0.3600950940747968
0.26656811838948236
0.17617277600273173
0.09277148869335569
0.018950239352593518
0.0
-0.01715287641445387
-0.16846050909967347
-0.2695418047790037
-0.3593993966208364
-0.44385714442667423
-0.5219821494618646
-0.5916636104276228
-0.6508318668524206
-0.6876709485907244
-0.6937110118526896
-0.6815067389586291
-0.6591684893929297
-0.6318650960991294
-0.6028270036486539
-0.5740148055019003
-0.5465638500827819
-0.5210791011811513
-0.49782996617220326
-0.444590975610641
-0.35626921731273437
-0.2628114727345757
-0.1726779182132539
-0.08965308513123012
-0.016294796455869925
0.0
0.025330484486918714
0.17351754768613473
0.2738482299222236
0.3633420193898376
0.44741876525005675
0.5250740197894752
0.5941971861048769
0.6527355968364777
0.687998238265753
0.6931036960277777
0.6803795256636149
0.6577857504092963
0.6303921269766443
0.6013641868076386
0.5726203311118133
0.5452687852580141
0.51989734764172
0.4967648079077575
0.44094545529762497
0.3521463959356159
0.25874880007933826
0.16887881007640898
0.08624123742883934
0.013364905042559647
0.0
-0.03461497049237322
-0.1793266775011356
-0.2788389611247406
-0.3679432680373939
-0.45160521305570794
-0.528739724737753
-0.5972363802658023
-0.6550617465863124
-0.6884679840518879
-0.6924692594122368
-0.6791273158210918
-0.6562261886221632
-0.6287196129567766
-0.599697069282035
-0.5710274954866191
-0.5437872912493339
-0.5185440875481211
-0.49554417551789287
-0.4370914663679296
-0.34778513126355615
-0.2544288599862063
-0.1648125430210729
-0.08256084862185478
-0.010173335476049622
0.0
0.0442112261163376
0.18534879881548338
0.28402342382900453
0.37273020552809827
0.45596657804455176
0.5325643969930897
0.6004134970418777
0.6575004018365692
0.6889645672563376
0.6918104849918786
0.6778219202564477
0.654598863186681
0.6269737130286389
0.5979564135804537
0.5693641703899475
0.5422400957633875
0.5171307254289053
0.49426927553526767
0.4331013991386727
0.3432644715384725
0.24994270969644025
0.16058093927823044
0.07872166322167316
0.006834446043169504
0.0
-0.05396430654428033
-0.19147404635932008
-0.28929965348428455
-0.3776039476038064
-0.4604088409906443
-0.5364618129932397
-0.6036529714322615
-0.659989135596956
-0.6894733670499715
-0.6911412945577338
-0.6764933356544702
-0.6529418786670402
-0.6251956409632541
-0.5961834907964775
-0.5676698994917635
-0.540664046458162
-0.5156909623043239
-0.49297053343349784
-0.4290838492626304
-0.3387113743193692
-0.2454198469114377
-0.15630952321359154
-0.07484088808698693
-0.0034535507692042416
0.0
0.06370714777867759
0.19760340827080167
0.29458638845005847
0.3824926068860698
0.46486960739563654
0.5403806543577945
0.60691610116588
0.6625030154099409
0.6899996862728444
0.6904844221091385
0.6751735058275445
0.6512911944704517
0.6234221670071702
0.5944139758429746
0.5659781959004507
0.5390899640555975
0.5142527315251644
0.49167300451565116
0.42488752729434215
0.333955206876504
0.2407067636343772
0.15187246354319117
0.0708246794418329
0.0
0.0
-0.07375674022719425
-0.2039962465543725
-0.3001414341449532
-0.38765605330058134
-0.46960371023024644
-0.544561842826423
-0.6104213364763442
-0.6652304006505131
-0.690593293032097
-0.6898065750135727
-0.673782051156842
-0.649542361708486
-0.6215392423044174
-0.5925330795674528
-0.5641787358008542
-0.5374148396469908
-0.512721691134863
-0.4902914335820261
-0.42010834143384035
-0.32851391108938294
-0.23530695292135645
-0.14678487658854428
-0.06621720951869255
0.0
0.0
0.08234699127451872
0.20971019194486365
0.30525714530080306
0.39251394093683983
0.4741482237361254
0.5486670600693799
0.6139622168219118
0.6681003654348335
0.6913641078686699
0.6893185981809671
0.672579760334294
0.6479742092575738
0.6198243345004459
0.5908056360369309
0.5625176756633291
0.5358634193101769
0.5113004943760352
0.4890069251211189
0.41536217693739935
0.32306446318942145
0.22986575028892836
0.14162804810982949
0.06151795555073536
0.0
0.0
-0.09070020976870585
-0.2152694576351422
-0.3102351069014543
-0.39724062294151674
-0.47856900143528996
-0.5526590276840693
-0.6174034320371393
-0.6708869406385766
-0.692100962389554
-0.6888269766968372
-0.6713916847132256
-0.646430095647032
-0.6181381768847682
-0.5891084674471895
-0.5608864891912301
-0.5343403636842573
-0.5099055708709902
-0.48774634751087986
-0.41078224589280093
-0.3178016276995081
-0.2246018634884327
-0.13662933907300134
-0.056952479408763246
0.0
0.0
0.09884300438134769
0.22070504236957378
0.315112838079316
0.40188013553752644
0.4829159480875156
0.5565925650508464
0.6208035614814034
0.673651169050888
0.6928560204520362
0.6883764634643533
0.6702563397424007
0.644943250326438
0.6165094940935878
0.5874664420389435
0.5593067314453696
0.5328643732503867
0.5085531561391669
0.48652380401761003
0.40636202366903074
0.31272458670732345
0.21952511271738173
0.131809403285946
0.05255123975413839
0.0
0.0
-0.10668631322943298
-0.2259435267854394
-0.319815181799638
-0.4063536909293584
-0.4871080641943922
-0.5603865892244627
-0.6240836724594703
-0.6763184239738976
-0.693584280724978
-0.6879412784233433
-0.669160270533126
-0.6435079903824924
-0.6149373845182027
-0.5858814889540142
-0.5577819024158235
-0.5314397160411116
-0.5072477846471924
-0.4842237796237421
-0.4014955716906977
-0.30739357344434487
-0.21429817175802815
-0.1269256540029545
-0.04816791717599543
0.0
0.0
0.11455381938511691
0.23116688675367428
0.3244856344073688
0.4107845405058728
0.4912493404976339
0.5641237811425104
0.6273030773234797
0.6789232468318636
0.694277490484531
0.6874885291836822
0.6680575985388161
0.6420728108378914
0.613369254891468
0.5843026233433875
0.5562641319233239
0.5300223833052783
0.5059495804246478
0.4782452658013904
0.39465311293635985
0.30065070222756896
0.2080101357050232
0.12130330178776522
0.04337058018784466
0.0
0.0
-0.1235763069290759
-0.237083756398461
-0.32973489583903415
-0.4157381773088655
-0.49585733911611984
-0.5682610964512556
-0.6308453380629458
-0.6804655248611607
-0.6942771848905753
-0.6865873677924224
-0.6666687869146243
-0.6404584674402997
-0.6116920795898413
-0.5826603136893403
-0.5547122556860359
-0.528589533569502
-0.5046473770878142
-0.47221354976957935
-0.387755124409757
-0.29386087885091006
-0.2016868080706173
-0.11565843701178745
-0.038563879558966785
0.0
0.0
0.1328798273576645
0.24326053191570216
0.3352682477163378
0.4210036174903279
0.5007989461493715
0.5727454746513727
0.6347390323994543
0.681945386602861
0.6942842276292619
0.6857339837431647
0.6653493246739756
0.6389231125914795
0.6100961519313988
0.5810971044235053
0.5532348508901592
0.5272252745220383
0.5034074035434486
0.46645217759559304
0.38118241559512106
0.2874101437532108
0.19569882465732705
0.11033300716734804
0.034050388965447376
0.0
0.0
-0.14175475420908865
-0.24917849547565377
-0.3405860712685196
-0.4260759736520102
-0.50557051052818
-0.5770871657269259
-0.63852161645999
-0.683406926648714
-0.6943279189285837
-0.684947787212408
-0.6641120180357653
-0.6374751494004133
-0.6085869450762834
-0.5796165240944035
-0.5518341598796245
-0.5259310016899962
-0.5022305012351468
-0.46091946970746606
-0.3748724187539615
-0.28122214364433296
-0.18996031228351462
-0.10523539687605363
-0.02973643800823575
0.0
0.0
0.15024089955759615
0.25483676998655075
0.34567008506102714
0.4309248061899777
0.510131206906159
0.5812362660810191
0.6421355402371125
0.6847999896110072
0.6943645618219587
0.6841907173554175
0.662923721579793
0.6360857172594236
0.6071393321332593
0.5781966983818936
0.5504911411401352
0.5246901403556359
0.5011022432423144
0.45561075182844063
0.3688166224151715
0.27528221475862696
0.1844506422199628
0.10033984624183837
0.0255922002646478
0.0
-0.0018491702884549377
-0.15832843236537
-0.2604736920608633
-0.3507718789189307
-0.43576016707324483
-0.5146339497030861
-0.5852828159301598
-0.6456060073815749
-0.6860681039660306
-0.6942923959354688
-0.6833389068857073
-0.6616529425868564
-0.6346244805526217
-0.6056292142210501
-0.5767224655433141
-0.5491007657856681
-0.523408060453681
-0.4999381099604435
-0.4503573575585345
-0.3628301725746481
-0.26940766001793665
-0.17899701439203158
-0.09548860942750076
-0.02147912692869279
0.0
0.013833220144013059
0.16597639195935915
0.26714426614964737
0.3569966866065619
0.4414935756823845
0.5197273234344146
0.5895874555783527
0.648997795830468
0.6869106621355954
0.6936102544733376
0.68179544554105
0.6596723247815092
0.6324730697339264
0.6034698538108237
0.5746505952824701
0.5471683895698595
0.5216395968120475
0.49834082571083793
0.44519723166383524
0.35697888044510273
0.2636059201757791
0.17353144680879767
0.09053773410501467
0.017182100451047094
0.0
-0.026085279434036712
-0.17377215047872735
-0.273926262185182
-0.3633114938064964
-0.447296666786138
-0.5248688548586893
-0.5939176445945296
-0.652392084205781
-0.6877264120512152
-0.6928853325987636
-0.6802017013409847
-0.6576391880958931
-0.6302700750020015
-0.6012616564217501
-0.5725335759635553
-0.5451949444015244
-0.5198341992748332
-0.4967105982851195
-0.4402573401942015
-0.35138309091981274
-0.2580433642843749
-0.16827278658595646
-0.08575402241409452
-0.01300795766502004
0.0
0.037798099908738475
0.18118655722806967
0.2803507436484412
0.36927361676888165
0.4527566870153035
0.5296861790961804
0.5979519229556743
0.6555272587285195
0.6884272629934286
0.6921346355964159
0.67863533007778
0.6556632949049114
0.6281393257813466
0.5991313832465139
0.5704944724543204
0.5432960857269616
0.5180982615538338
0.49514387307709684
0.4354983745545162
0.34598773163618374
0.2526757984928713
0.16319435053070458
0.08113021376907664
0.008969243339966862
0.0
-0.049050468483881254
-0.18829174213874247
-0.28649597143113803
-0.37496832246657613
-0.45796413360127497
-0.5342725991609878
-0.6017838143599552
-0.6584944888252198
-0.6890720238146396
-0.6913955645657028
-0.6771196349428539
-0.653758720952215
-0.6260889084210539
-0.5970832778102242
-0.5685351030135968
-0.5414721378704529
-0.5164312216777175
-0.4936395944962441
-0.4309384578204682
-0.34081805240422497
-0.2475321418522144
-0.15832703027907596
-0.07669784145638817
-0.00509690656687585
0.0
0.05984155410590955
0.19510717413690448
0.29239168797046355
0.3804327159583228
0.46296189234518975
0.5386753569542932
0.6054634437363939
0.6613452584603479
0.6896948354248107
0.6906906753939317
0.6756694437857573
0.6519351482583912
0.6241250866780513
0.5951213403502027
0.5666579753064638
0.5397246298411777
0.5148339718828938
0.4921982448349192
0.4265188757759521
0.33580789463476884
0.24255106218737293
0.15361811482251078
0.07241457250101702
0.0013600310185954978
0.0
-0.07031505507078428
-0.20173303903175374
-0.29812957064238105
-0.385754612317784
-0.467832388723169
-0.5429689096308887
-0.609054803291194
-0.6641309700896604
-0.6903043771517577
-0.6900033267842143
-0.6742540380934423
-0.6501549478727113
-0.6222078014079021
-0.5932058016790497
-0.5648251862990937
-0.538018365635105
-0.5132743987669043
-0.4907908811018205
-0.4216986729156909
-0.33033761490937236
-0.23713943466430548
-0.1485359943363757
-0.06782855864043376
0.0
0.0
0.0797633329690142
0.2079506031643818
0.3036570244756385
0.39097721328602897
0.47269519252693915
0.547338809633326
0.6127995847142828
0.6671386543700011
0.6910755933398394
0.6894355403823917
0.6729284997322604
0.6484434386706739
0.6203439096274252
0.5913324445220646
0.5630262312675925
0.5363396168595636
0.5117374770592666
0.48940236172803114
0.4166989644284558
0.3246041430476517
0.2314153105429762
0.1431102960199091
0.06288297490173424
0.0
0.0
-0.08849687413579316
-0.2137774373337748
-0.30888357580177517
-0.3959464565144001
-0.4773488474277742
-0.5515473089228197
-0.6164343324127102
-0.6700898962913509
-0.691870620024402
-0.6889374162301294
-0.6716964287884553
-0.6468353111608768
-0.6185847785235069
-0.5895601835796133
-0.5613219189663159
-0.5347477038895875
-0.5102791269188223
-0.488084235219359
-0.4119260834103084
-0.319119152103308
-0.22592783126023697
-0.13789767330903652
-0.05812045787074149
0.0
0.0
0.09691865869258481
0.2194039262837919
0.3139353079054703
0.4007532099574332
0.48185393192015374
0.5556253210239335
0.6199607579944356
0.6729583424689829
0.6926550811978892
0.688471359817794
0.6705199551795925
0.6452941501165534
0.6168963962214324
0.5878578617079007
0.5596840887857943
0.5332174176110903
0.5088769384936568
0.48681668264667954
0.40736438676260034
0.3138780856072843
0.22068416925006512
0.13291611978020273
0.053568386585432004
0.0
0.0
-0.10498340250763583
-0.22479488832315558
-0.31877732157257677
-0.40536161737116716
-0.48617420328041705
-0.5595371565242262
-0.6233447070969874
-0.6757123042826088
-0.6934107661815232
-0.688027808573411
-0.6693949748311411
-0.6438192143328602
-0.6152800170569955
-0.5862278451201254
-0.5581156553172012
-0.5317518685120929
-0.5075340039613937
-0.4854653616118026
-0.4029191287983757
-0.30880268230407815
-0.2156193314070306
-0.1281144928360226
-0.04919045898496789
0.0
0.0
0.11274629676828629
0.2299789628943916
0.3234304489402242
0.4097881144928241
0.49032201885615656
0.5632908838980653
0.6265897609960837
0.6783508038271241
0.6941307988221009
0.6875967351494244
0.6683100479315393
0.6423987272178819
0.6137241702264764
0.5846593310138326
0.5566066667903918
0.5303420264341789
0.5062422166716257
0.47958392850130466
0.39618336177980473
0.3021569826478505
0.20941314810484107
0.12255611450980314
0.04443782090767928
0.0
0.0
-0.12155840955023142
-0.23573446144598154
-0.3285211391264229
-0.4145803237841266
-0.4947685589976687
-0.5672711934921207
-0.6299840642378952
-0.6801408203415402
-0.6942796909048299
-0.6867808578351848
-0.6669655560548777
-0.6408028894235035
-0.612049635495378
-0.5830102840868835
-0.5550428640766155
-0.5288947285900167
-0.5049247090460023
-0.4734726280596524
-0.3891952871090727
-0.29527986934897055
-0.20300997365383489
-0.11684143034875627
-0.039573179690265525
0.0
0.0
0.1309660788879152
0.24198182866568702
0.33411762881868373
0.4199049902503674
0.499764464974358
0.5718031776056075
0.633916993595209
0.6816262312169908
0.6942723734561865
0.6859020992564129
0.6656153695554714
0.6392349969757548
0.6104214995182349
0.5814164330235985
0.5535370397150573
0.5275045603283601
0.503661397792519
0.4676154623728739
0.3825096145009267
0.2887135650613842
0.1969097690149602
0.11141108114498406
0.034965324828589786
0.0
0.0
-0.13998240105721782
-0.247991200408384
-0.3395158646105268
-0.4250528447739359
-0.5046059725834463
-0.5762074148849771
-0.637752885867156
-0.6831065373577607
-0.6943138575676762
-0.6851015413140459
-0.6643572161925265
-0.6377632890973447
-0.6088878686722718
-0.579912074080679
-0.5521139615450799
-0.5261896681317
-0.5024657882713335
-0.4620125131296675
-0.37611947164278664
-0.2824461600243619
-0.19109663695130433
-0.10624611312383003
-0.030593190524528524
0.0
0.0
0.1485771883941272
0.25372422072166867
0.344668478858128
0.42996815368064933
0.5092301668550607
0.580415292015751
0.6414191131131572
0.6845218446701214
0.6943542411934632
0.6843372464721739
0.6631555990387947
0.6363575447120461
0.6074228924108442
0.5784750120574129
0.5507545160832261
0.5249335537480834
0.5013236134511085
0.45664185238970695
0.36999311397157786
0.27643697669784156
0.18552265321440958
0.1012933259024178
0.026400393078520504
0.0
0.0
-0.15681364835330905
-0.25921717319808885
-0.349604690315719
-0.43467657042161145
-0.5136593042143961
-0.584445240677979
-0.6449298416969874
-0.6858762528327005
-0.6943915701484282
-0.6836038084678138
-0.6620033264850415
-0.6350098364104073
-0.6060185518533103
-0.5770975167928911
-0.5494514716011095
-0.5237295850874618
-0.5002288743997598
-0.4514983092635195
-0.3641257735419564
-0.2706816153636553
-0.1801838264522464
-0.09654918402567796
-0.022383892494393334
0.0
0.011262953154208444
0.16434525569310543
0.26572758514677647
0.3556791514767887
0.4402842392220023
0.5186573876455728
0.5886881082449357
0.6482949262265769
0.6867462261696092
0.6937672796864368
0.6821335043403094
0.6601016833529845
0.632937428073326
0.6039348393922103
0.5750961077883712
0.5475835212660919
0.5220192738297276
0.49868359764348913
0.44623327886427466
0.35815371068498697
0.264775309433842
0.17463853231231757
0.09154643155029268
0.018063921463878987
0.0
-0.02360241020002468
-0.17219127799820777
-0.27255039970398676
-0.3620300552369309
-0.44611875953422075
-0.5238249118992937
-0.5930380840437297
-0.6517022112256204
-0.6875599061084025
-0.6930315772593221
-0.680524352581728
-0.6580510943265261
-0.6307165314808897
-0.6017092414358535
-0.5729627230816224
-0.545595013511269
-0.5202002172123685
-0.49704111357274955
-0.44125487532976737
-0.35251304071951733
-0.2591668339480407
-0.16933516477255361
-0.08672075923988892
-0.013851842765045946
0.0
0.03545059670324474
0.17970228367150679
0.2790657937257339
0.36808202799953815
0.4516663041105944
0.5287250674487302
0.5971480904898636
0.6549038360228949
0.6882904856928121
0.692287895043817
0.6789514319162677
0.6560610096880182
0.6285677333600317
0.5995594366944595
0.5709040554761352
0.543677406477652
0.5184468074528246
0.4954584071710049
0.4364524085235093
0.347069624826283
0.2537525226899523
0.1642135006261286
0.08205856104388969
0.009780567911507831
0.0
-0.046799736552581295
-0.18687021711358212
-0.2852662761102484
-0.3738285996571937
-0.45692175559163734
-0.5333543456444326
-0.6010164138548729
-0.6578999971593678
-0.6889423470849855
-0.6915428726325868
-0.677422416986729
-0.6541393810981143
-0.6264988078789772
-0.5974927639828312
-0.568926876417548
-0.5418368513522738
-0.5167645710564566
-0.49394040433195724
-0.4318484052876415
-0.34184964600732115
-0.2485586323880595
-0.15929848983603861
-0.07758261751445615
-0.0058700286101601995
0.0
0.05769192361506148
0.19374894692763944
0.2912163834932135
0.3793431274599251
0.4619651011598419
0.5377969768093274
0.6047290417841373
0.66077594139302
0.689569875571612
0.6908305517741877
0.6759580164674599
0.6522982471457193
0.624516216650272
0.5955121522638526
0.5670319268322592
0.5400727796353656
0.5151521990746042
0.4924854195332698
0.4274395692452129
0.33685172807360453
0.24358629271507026
0.15459368311323168
0.07329862752474042
0.002127720639646377
0.0
-0.06812159526355122
-0.20033669820205652
-0.2969155038544715
-0.3846255589115794
-0.46679666135935377
-0.5420535518260705
-0.6082867489500182
-0.6635325445821668
-0.6901725099278355
-0.690149555932785
-0.6745564364132102
-0.6505356466601481
-0.6226179845201935
-0.5936157024909318
-0.5652174331462297
-0.5383835667013512
-0.5136082231849513
-0.49109213838214905
-0.4227304383213069
-0.3315122186613952
-0.23830557898232121
-0.14963533437027338
-0.0688248334136375
0.0
0.0
0.07797657699516519
0.20675437929037727
0.3025814616825733
0.38995273317487944
0.4717340484605085
0.5464678106852482
0.6120453525247346
0.666523966835977
0.6909057292838997
0.6895327007707068
0.6731774568861186
0.6487704229637115
0.6207025104399073
0.5916942090805697
0.5633744081659455
0.5366650030167246
0.512035670280866
0.4896719513644743
0.41769367865045015
0.3257471596220777
0.2325576831767938
0.144194075721919
0.06387171177372998
0.0
0.0
-0.0867574051035622
-0.21261717754705395
-0.30784305434582077
-0.3949573456023114
-0.4764227491412599
-0.5507100209758089
-0.6157114538650226
-0.6695032683173076
-0.6917134725422335
-0.689037790314455
-0.6719429128400155
-0.6471566067804355
-0.6189360554856755
-0.5899139818288135
-0.5616620942551768
-0.5350654092239521
-0.5105701543721616
-0.48834726561883696
-0.4128723854325828
-0.32020686221680206
-0.22701662373248388
-0.13893259038759354
-0.05906669928680136
0.0
0.0
0.09524411299770705
0.2182843598516993
0.31292958039510527
0.3997958526231786
0.48095627007708935
0.5548123395051587
0.6192572698922393
0.6723855628619605
0.6924971918768538
0.6885625030348056
0.6707526446215645
0.6455995744710448
0.6172312663257101
0.5881956403389378
0.5600091541082013
0.5335211889075012
0.509155313170239
0.48706834837774765
0.40826917289610487
0.31491746556683486
0.22172394397786996
0.13390381067073664
0.0544708189590517
0.0
0.0
-0.10338487567396981
-0.2237262327484261
-0.3178174365411387
-0.4044480210823306
-0.4853177174818323
-0.5587616368149458
-0.6226738394188178
-0.6751663344140957
-0.6932610495176953
-0.6881158916921091
-0.66961817480977
-0.6441117993586005
-0.615600639322484
-0.5865511612502993
-0.5584267498427973
-0.5320425522541901
-0.5078003652995979
-0.48584344586533335
-0.4038598947295862
-0.3098517740254981
-0.21665608824607907
-0.12908963269766915
-0.05007205405837749
0.0
0.0
0.11117524758313602
0.2289330287011072
0.3224935190963908
0.40889808604731687
0.48948913269280575
0.5625382380689641
0.6259402901904677
0.6778240647013413
0.6939888713033954
0.6876855931833833
0.6685298934521385
0.6426856893551337
0.6140380847499972
0.5849755920445976
0.556910804377408
0.530626107393
0.5065024637720043
0.4807744269231928
0.397546326581722
0.3035009483536272
0.21066738716268482
0.12367855352327978
0.04539660891386024
0.0
0.0
-0.1197691100206994
-0.2345629239239284
-0.32748302725074663
-0.41360163129047006
-0.49385907515374095
-0.566455593707018
-0.6292868791302327
-0.6799021386203156
-0.6943189589147238
-0.6869807730529635
-0.6672507595261022
-0.6411257325533016
-0.6123806855455786
-0.583332002176457
-0.5553454056626945
-0.5291731626570488
-0.5051771844683843
-0.47462650813141616
-0.390515682724666
-0.2965811296740297
-0.20422356272603642
-0.11792662238741268
-0.04049918098231056
0.0
0.0
0.12918532520137807
0.24079966086227145
0.33305842695516824
0.4188967526221078
0.498817819994141
0.5709436097254308
0.6331700208827497
0.681339849680794
0.6942671961124713
0.6860613660611055
0.6658638763591672
0.6395250169819109
0.6107233890476983
0.5817123737347497
0.5538168795126384
0.5277630573610528
0.5038964014437886
0.46870467630085444
0.383751356393797
0.28993141400475
0.19803940469586112
0.11241486481147905
0.03581516424749187
0.0
0.0
-0.1383066157066621
-0.24687209936603455
-0.33850924939577304
-0.42409199259287106
-0.5037014687871131
-0.5753837576438467
-0.6370346042796365
-0.6828279374691452
-0.6943039187198013
-0.685248924571473
-0.664590187207133
-0.6380363032655209
-0.6091726194376238
-0.5801915296527933
-0.5523784012865998
-0.5264340558658478
-0.5026880384231858
-0.4630593389869336
-0.3773134066678622
-0.28361697096926763
-0.1921823433291135
-0.10721049639312806
-0.03140924316515696
0.0
0.0
0.14697443129706822
0.2526555398372324
0.34370825923495957
0.42905236394158597
0.5083688153915854
0.5796317017313899
0.640736628298443
0.6842589363544611
0.6943475829747187
0.6844805223940277
0.663380323392759
0.6366202467112604
0.6076965647362514
0.5787434143674328
0.5510083888723656
0.5251681093913586
0.5015368801737526
0.45764432789526593
0.37113674617441533
0.2775588625448206
0.18656342277161114
0.10221824412894004
0.027183532194170357
0.0
0.0
-0.1552754879101868
-0.2581913047167807
-0.3486827569974724
-0.43379714655113577
-0.512832006984101
-0.583692465901759
-0.6442740087998161
-0.6856231125198402
-0.6943844029581545
-0.6837405953812488
-0.6622183463534025
-0.6352613701433951
-0.6062806775772993
-0.5773546442087346
-0.5496947092352534
-0.5239543329500363
-0.5004332349936015
-0.45245811176047657
-0.3652206088637973
-0.27175553760379423
-0.1811800100790369
-0.09743438972729501
-0.023133314009164976
0.0
0.009069578810362716
0.1629427209516835
0.26450248526271275
0.3545345839166778
0.43922878191863696
0.5177184517909734
0.5878931238629023
0.6476668310344229
0.6865872768578294
0.6938890934060981
0.68241408628496
0.6604630144447238
0.6333304998737177
0.6043296767029714
0.5754751297652623
0.5479371354836555
0.5223429623758945
0.4989759988862573
0.4471056058844185
0.35914273285066867
0.26576035360698197
0.17557185938078346
0.09239764760961434
0.018808978900894044
0.0
-0.02147362452509477
-0.17083135505871305
-0.2713640064066205
-0.36092302272592575
-0.4450992414026113
-0.5229193097531742
-0.5922727973242112
-0.65109926712489
-0.6874093783012434
-0.6931516830873806
-0.6807973839374233
-0.6584017848525181
-0.6310976121665595
-0.6020918105321864
-0.5733298384616725
-0.5459374403314611
-0.5205136157026086
-0.4973241878493808
-0.4421099918778267
-0.3534811175455867
-0.260128696147498
-0.17024404656367087
-0.08754713701640746
-0.014572502807164198
0.0
0.03343674468442864
0.17843004977316254
0.27796515245345904
0.36706194180569635
0.45073342790273374
0.5279034060851445
0.5964615929054302
0.6543722606464037
0.68817560018391
0.6924212581993002
0.6792240821304513
0.6564033704686775
0.6289361977182047
0.5999274243959519
0.571256064001529
0.5440050641337874
0.518746264141318
0.4957286176756863
0.4372745890010431
0.34800217356560936
0.254680642128596
0.16509198321759233
0.08285874987139827
0.010479853303800982
0.0
-0.04485542678760959
-0.18564304717037755
-0.2842052367393163
-0.3728455777604003
-0.45602305010873434
-0.5325630276759434
-0.600355509201005
-0.6573884940161422
-0.6888315785589687
-0.6916708592467968
-0.677684375840625
-0.6544684028288874
-0.6268529560693334
-0.5978464757027957
-0.5692652415387516
-0.5421518171479631
-0.5170524331054296
-0.4942001556787584
-0.43263467570443004
-0.3427409846280344
-0.2494454769353967
-0.16013769719552112
-0.07834684610631171
-0.0065377143284690575
0.0
0.05583084729541338
0.19257328097409987
0.2901992061099993
0.378400242289616
0.4611026166334458
0.53703704844388
0.604093784868872
0.6602836096316357
0.6894619843098376
0.6909517771246879
0.676207873637907
0.6526125647264096
0.6248547682271017
0.5958504116271495
0.5673555831433523
0.5403740984280317
0.5154276164880219
0.4927339593982339
0.4281929052590868
0.33770568661938355
0.24443582867922836
0.15539745503356628
0.07403045024747572
0.0027669502539608287
0.0
-0.0663400767008791
-0.1992114662941234
-0.29594208423899354
-0.3837233344094478
-0.46597146908605347
-0.5413265902124426
-0.6076791764391276
-0.663061821636318
-0.6900697009191205
-0.6902659951810612
-0.6747959485689761
-0.6508368142085754
-0.6229423090025356
-0.5939397127781001
-0.5655274355044976
-0.5386721616618552
-0.5138720028401793
-0.4913301713004731
-0.4235455201576443
-0.332436450939067
-0.23921904347553205
-0.15049230946479705
-0.06959727324202389
0.0
0.0
0.07657464109879239
0.2058139984703581
0.3017348718492642
0.38914563090265814
0.4709762179445353
0.545780437792905
0.6114494741453141
0.6660376018743669
0.6907704380615841
0.6896082090376247
0.6733728503686937
0.6490274926236403
0.6209846306819206
0.5919789217321942
0.5636484870449805
0.5369211777403952
0.5122704588562605
0.4898842327833921
0.41848507484094777
0.32665675500062546
0.23346654962033925
0.14505601939865714
0.06465772282373161
0.0
0.0
-0.08537572748028571
-0.2116962147259698
-0.30701754361119704
-0.3941729313977595
-0.4756886041273894
-0.5500465963359502
-0.6151390393950038
-0.6690391652568678
-0.6915900808600287
-0.6891186387889133
-0.672139588031055
-0.6474125332991407
-0.6192156652482728
-0.5901954925893063
-0.5619327040726595
-0.5353181068718377
-0.5108016095466926
-0.488556439768149
-0.4136246426963963
-0.32107159075660785
-0.22788229490101258
-0.1397555120311125
-0.05981919627434544
0.0
0.0
0.09391119204151138
0.2173931273643391
0.31212891458434006
0.3990336438164275
0.480241533565567
0.5541649644326421
0.6186970103025431
0.671929310394619
0.6923711666561063
0.6886347076021544
0.6709375346569545
0.6458423841782609
0.6174975412404315
0.5884642578718141
0.5602676787153441
0.5337627888627775
0.5093767208640668
0.48726851706261964
0.4089888842208392
0.31574417280165995
0.22255088760973973
0.134689252812767
0.05518838196497135
0.0
0.0
-0.10211290830159298
-0.22287589710808048
-0.31705365718851897
-0.4037210805163602
-0.4846362266285555
-0.5581445775802977
-0.6221400584883634
-0.6747319408914821
-0.693141959766595
-0.6881860205062861
-0.6697958151033307
-0.6443446470369295
-0.6158557932792422
-0.5868084555048384
-0.5586743161430469
-0.5322738746003239
-0.5080123314230932
-0.4860350640668718
-0.40455029580178037
-0.3106450341745511
-0.21744973830030234
-0.129843599715199
-0.0507610027053154
0.0
0.0
0.10995588904790204
0.22811821019614015
0.32176184702153593
0.408201846525394
0.4888365514591012
0.5619474862015769
0.6254294088778479
0.6774084704591652
0.6938752133739824
0.6877531154656124
0.6687003440272581
0.6429089774954295
0.6142827030677034
0.5852222301376893
0.5571480987940196
0.5308478205407717
0.506705617697802
0.48169795097151247
0.39860410222936976
0.3045447572856945
0.21164235752377203
0.12455195949360233
0.046143624184680335
0.0
0.0
-0.11838639541891552
-0.2336603598820481
-0.3266850687612432
-0.4128507275949288
-0.49316259188531447
-0.565832411839646
-0.6287557536737507
-0.6797236248747854
-0.6943539869948656
-0.6871390150278782
-0.6674742067579681
-0.6413777259066673
-0.6126385981174898
-0.5835823673022639
-0.5555806808346088
-0.5293895868885549
-0.5053733656501477
-0.475520620186413
-0.3915390170762916
-0.2975899611426316
-0.20516478080576478
-0.11876863114844301
-0.04121806796506955
0.0
0.0
0.1278047250437314
0.23988347229766369
0.33223772570679294
0.4181156591008684
0.49808454145136477
0.5702778757124962
0.6325915880884274
0.6811181244136827
0.6942632483193146
0.6861847687519128
0.6660563865511353
0.6397496721863661
0.6109572316507227
0.5819416044941427
0.5540336364429499
0.5279632812794874
0.5040784271961006
0.46954768815452685
0.3847123432490237
0.29087385303441204
0.19891352635026427
0.11319154893635125
0.036472679448057016
0.0
0.0
-0.1370093439977377
-0.24600569131776961
-0.3377298785145504
-0.42334801843172076
-0.5030010920056334
-0.5747459486020338
-0.6364783575003853
-0.6826121183779001
-0.6942961176795783
-0.6853629389174298
-0.6647704771265248
-0.6382476057499045
-0.6093930176872955
-0.5804078361707407
-0.552583089155121
-0.5266232250940475
-0.5028600735450345
-0.4638699636314692
-0.37823793590819216
-0.28452356725335093
-0.19302301024370072
-0.10795719020611917
-0.03204105408148168
0.0
0.0
0.1457334826979874
0.25182814946023513
0.3429648701392022
0.4283433934177916
0.5077020093575135
0.5790251151813448
0.6402083325522017
0.6840554753315052
0.6943425064338075
0.6845915189897097
0.6635543708454622
0.6368236898398153
0.6079084946993522
0.578951258296816
0.551204978550404
0.5253497387603488
0.5017020232025151
0.45842066469391185
0.3720224031583592
0.27842768192805045
0.18736942624782443
0.10293453141303013
0.027790023575972683
0.0
0.0
-0.15408423274513725
-0.257396816991405
-0.3479687704304722
-0.43311608666920226
-0.5121913206981703
-0.5831094969043417
-0.6437661190843011
-0.6854270807142466
-0.6943788601956602
-0.6838465347111243
-0.6623848711471475
-0.6354561717901733
-0.6064836813693197
-0.5775537765584502
-0.5498830843490752
-0.5241283884999063
-0.5005915015479957
-0.45320144082789915
-0.3660685128565403
-0.2725872417543307
-0.18195150544120395
-0.09811993422697976
-0.02371369674579249
0.0
0.0073708263867283685
0.16185647323481164
0.26355366220786447
0.3536481344049844
0.43841134901192863
0.5169912648203059
0.5872774267441574
0.6471803884259516
0.6864641784321903
0.693983440182727
0.682631395597244
0.6607428620138395
0.6336349296218742
0.6046354734410998
0.5757686774980407
0.5482110050940445
0.5225936548594314
0.4992024597150816
0.44778123272165704
0.35990874062170963
0.26652327810728454
0.17629472599428186
0.09305691611928632
0.01938602448167516
0.0
-0.019824815688504277
-0.1697780603118021
-0.2704451190525555
-0.36006560517654035
-0.4443096083191216
-0.5222179094832112
-0.5916800765232144
-0.6506322859944871
-0.6872928011227838
-0.6932447157764703
-0.6810088593944271
-0.6586734079331518
-0.6313927722079524
-0.6023881226635635
-0.5736141807626616
-0.546202660313328
-0.5207563521975485
-0.4975434372308379
-0.44277231844639403
-0.3542309370319633
-0.26087370126902454
-0.17094801495217832
-0.08818720133603614
-0.015130683076894039
0.0
0.031876887948058485
0.1774446273689817
0.2771126414126372
0.3662718271634105
0.450010863975119
0.527266985864595
0.5959298660648228
0.6539605310415981
0.68808661954399
0.6925245594621766
0.6794352685040114
0.6566685511282716
0.6292215966660334
0.6002124538023356
0.5715287163410363
0.5442588550997534
0.518978211650588
0.49593791217918365
0.4379114254010841
0.3487244976489384
0.2553995346039613
0.16577242762090993
0.08347854948183897
0.011021495457969196
0.0
-0.04334939702247215
-0.18469250430012468
-0.2833833770513044
-0.37208414996189054
-0.45532693304374566
-0.5319500916436621
-0.5998435894092735
-0.6569922982100335
-0.6887457826290323
-0.6917699974708887
-0.6778872857131084
-0.6547232578561387
-0.6271272732524732
-0.5981204545851603
-0.569527333087816
-0.5423957839216202
-0.5172754057612394
-0.49440135426976417
-0.4332437120746083
-0.3434314055090139
-0.2501324161874561
-0.16078773659417994
-0.07893880721206221
-0.007054893900493034
0.0
0.05438926122292892
0.19166261427218703
0.2894113052858801
0.37766988873451757
0.4604345417685982
0.5364484137470398
0.6036017206548896
0.659902255036411
0.6893784147492479
0.6910456796589102
0.6764014133673726
0.6528560348827734
0.6251170096927693
0.5961124265682487
0.56760628648995
0.5406074991273191
0.5156409540114437
0.4929264776259509
0.42877644111767865
0.33836716484355306
0.2450938807925787
0.15602005780788503
0.07459732062853247
0.0032620974685341475
0.0
-0.06496009622824253
-0.19833985269532778
-0.2951880664666017
-0.3830244654737297
-0.46533227036086033
-0.5407634820967312
-0.6072085483554326
-0.6626971985162501
-0.6899900660147428
-0.6903561911505669
-0.6749814774074638
-0.6510701015454399
-0.6231935337094126
-0.5941906939882377
-0.5657675659809067
-0.5388957097427733
-0.5140763287506785
-0.49151455355793294
-0.4241768930682517
-0.3331523731229485
-0.2399266244925753
-0.15115613273412704
-0.07019561409531326
0.0
0.0
0.07548867816281588
0.2050855647925696
0.3010790907336874
0.3885204378571818
0.47038919188265416
0.5452479895627805
0.6109878991936457
0.6656608578662735
0.6906656406103788
0.6896666997335603
0.673524205739533
0.6492266231354676
0.6212031656409135
0.5921994647300817
0.5638607929030057
0.5371196147254651
0.5124523297748282
0.4900486692932637
0.41909810566338596
0.32736134508330833
0.234170574760374
0.14572369694607157
0.06526658120686259
0.0
0.0
-0.08430544907939985
-0.21098281691414913
-0.3063780854156314
-0.3935653076949476
-0.4751199202118508
-0.5495326941041805
-0.6146956357292226
-0.668679662036988
-0.6914944996651278
-0.6891812661875825
-0.6722919371460259
-0.6476107796675263
-0.6194322571009349
-0.5904135569524055
-0.5621423243023618
-0.5355138519311688
-0.510980899717329
-0.4887184705698404
-0.4142073594771726
-0.32174143043249226
-0.22855286453882068
-0.14039296661624617
-0.06040209799805546
0.0
0.0
0.09287867622532162
0.21670275554059693
0.3115086983161191
0.3984432175082225
0.47968788066304047
0.5536634915590918
0.6182630194290315
0.6715758861979486
0.6922735447818682
0.6886906394841843
0.6710807555056784
0.6460304710273219
0.6177038047947959
0.5886723360437561
0.5604679386219487
0.5339499384797433
0.5095482290215596
0.48742357292639377
0.40954639279938054
0.31638456336023996
0.22319146114491384
0.13529767797894765
0.05574422591046141
0.0
0.0
-0.1011276047630835
-0.22221720227639144
-0.31646201156632053
-0.4031579714110501
-0.4841083242917243
-0.557666585934034
-0.6217265767089344
-0.6743954475431327
-0.6930497097358136
-0.6882403445742779
-0.6699334206181051
-0.6445250177479944
-0.6160534430479354
-0.587007763186389
-0.5588660882512934
-0.5324530636571424
-0.5081765265781201
-0.4861834971233046
-0.4050851016533872
-0.31125951778444727
-0.2180645238428199
-0.13042764545512564
-0.05129468312491463
0.0
0.0
0.10901133514831723
0.22748702607316196
0.32119507086922383
0.4076625176255778
0.4883310417099116
0.5614898714819004
0.6250336644498545
0.6770865384299641
0.6937871706042369
0.687805420514898
0.6688323805207552
0.6430819435952903
0.614472192170753
0.5854132838062044
0.5573319145455766
0.5310195665434254
0.5068629871376497
0.48241334302729877
0.3994234899521796
0.3053533258443986
0.21239760137191893
0.12522852814413532
0.046722286375735736
0.0
0.0
-0.1173152982709598
-0.23296120363734232
-0.32606694356903465
-0.41226905268084146
-0.4926230729017997
-0.5653496746102401
-0.62834432644593
-0.6795853423620597
-0.6943811210496316
-0.6872615946383893
-0.6676472965096525
-0.6415729284180584
-0.6128383858400636
-0.5837763085120052
-0.5557629328559069
-0.5295572363375601
-0.5055253341537764
-0.4762132299349585
-0.39233172680861517
-0.2983714363919814
-0.20589388035732398
-0.11942087972053173
-0.0417749421572185
0.0
0.0
0.12673526435327254
0.23917376105582766
0.3316019823213304
0.41751059728518003
0.49751651881412934
0.5697621754362255
0.632143514376988
0.6809463685772459
0.6942601903709007
0.6862803608425699
0.6662055116687419
0.6399236979200266
0.611138374246189
0.5821191745861638
0.5542015438690328
0.5281183816584829
0.5042194306434264
0.4702007147864689
0.38545675745539265
0.29160389940941217
0.19959065164807846
0.11379319566413612
0.036982013707694064
0.0
0.0
-0.13600443132808065
-0.24533454102981822
-0.3371261503590054
-0.4227717098705812
-0.5024585555512899
-0.5742518793596397
-0.6360474692923732
-0.6824449374332463
-0.6942900748303643
-0.6854512585441856
-0.6649101361351721
-0.6384112881732075
-0.6095637460013632
-0.5805753948769481
-0.5527416476388731
-0.5267697622859121
-0.5029933380489173
-0.46449790254425943
-0.37895410939689433
-0.28522584920836574
-0.19367422092108566
-0.10853560592751436
-0.03253047737311052
0.0
0.0
0.1447721991415739
0.25118722309650354
0.34238901423564283
0.42779419940792596
0.5071854775024508
0.5785552315254483
0.6397990957860479
0.6838978671966578
0.6943385740333965
0.6846775010006271
0.6636891943067963
0.6369812842405091
0.6080726633008691
0.5791122617046155
0.5513572640063398
0.5254904354196095
0.5018299489470558
0.45902204339578273
0.37270846524294293
0.27910070097832024
0.18799378579563844
0.10348939352130923
0.02825983377374254
0.0
0.0
-0.15316144300248383
-0.2567813778439555
-0.34741569044505405
-0.4325885129142825
-0.5116950218185269
-0.5826579079535132
-0.6433726892922912
-0.6852752274002716
-0.6943745666195872
-0.6839285992145651
-0.6625138673502108
-0.6356070722678188
-0.6066409355229416
-0.5777080317482879
-0.5500290065892964
-0.5242632182819689
-0.5007141005971255
-0.4537772508109993
-0.366725330411554
-0.2732315103053391
-0.18254913404228798
-0.09865098212356714
-0.024163282470680614
0.0
0.00605491013852269
0.1610150257534181
0.26281866895709716
0.35296145801522
0.437778135440101
0.5164279590855356
0.5868004851634585
0.6468035721551522
0.686368821916973
0.6940565247094188
0.682799731419272
0.6609596422639372
0.6338707521272938
0.6048723548633962
0.5759960703871084
0.5484231545831063
0.5227878504913567
0.4993778846141435
0.44830459823394353
0.3605021185424967
0.26711426760457685
0.1768546851636708
0.093567609839523
0.0198330252761805
0.0
-0.018547587237138285
-0.16896213917743874
-0.2697333148806229
-0.35940141780342205
-0.4436979293133432
-0.5216745788909838
-0.5912209330798763
-0.6502705451626709
-0.6872024961579385
-0.6933167823697693
-0.6811726761363683
-0.6588838172475772
-0.6316214141206264
-0.6026176570253405
-0.5738344428486124
-0.5464081095411957
-0.5209443848825732
-0.497713275926948
-0.4432853812076688
-0.35481177505652817
-0.26145080990324715
-0.171493335003722
-0.0886830189174645
-0.015563070227641099
0.0
0.030668564825691885
0.17668128249012577
0.27645225463399414
0.3656597749646113
0.44945113908002954
0.5267739910963493
0.5955179706896265
0.6536415899948949
0.6880176918497328
0.692604580480703
0.6795988613406795
0.6568739699457035
0.6294426773200208
0.6004332481943012
0.5717399229952574
0.5444554510312183
0.5191578868268875
0.4961000394936111
0.43840474262066614
0.34928403681435893
0.25595641551446696
0.16629952521759017
0.08395866935742759
0.011441071650918067
0.0
-0.04218277010575763
-0.18395617829430258
-0.28274673385117133
-0.37149431956480156
-0.4547876947835994
-0.5314752885209423
-0.5994470372413858
-0.6566853901648788
-0.6886793219126328
-0.6918467936517155
-0.6780444672848666
-0.6549206780824726
-0.6273397695900889
-0.5983326888613597
-0.5697303589910306
-0.5425847696964745
-0.5174481287080708
-0.49455721021263194
-0.4337154944179049
-0.3439662313365808
-0.2506645450126952
-0.16129128141075522
-0.07939736240909094
-0.007455520523451345
0.0
0.05327255467847625
0.19095717775758267
0.28880096782056874
0.3771041295411914
0.45991702598260986
0.5359924352909715
0.6032205493113594
0.6596068435088229
0.6893136786506651
0.6911184200844058
0.6765513364914425
0.6530446359828505
0.6253201517505643
0.5963153931508852
0.5678004906875681
0.5407883000463214
0.5158062132431902
0.4930756094517855
0.429228469854992
0.33887957065683405
0.24560363261045223
0.15650234923793632
0.07503643965720613
0.0036456570440393937
0.0
-0.06389111160370045
-0.1976646681208959
-0.2946039760320199
-0.3824830953981213
-0.4648371230694974
-0.540327277446002
-0.6068439822062202
-0.6624147477873412
-0.6899283778395702
-0.6904260603355836
-0.6751251950056039
-0.6512508146659899
-0.623388141788573
-0.5943851134451826
-0.5659535800523148
-0.5390688784686478
-0.5142346072624574
-0.4916573829681773
-0.42466597821536783
-0.33370695330933836
-0.2404747432968481
-0.15167035514370222
-0.0706591113670424
0.0
0.0
0.07464745050196397
0.2045212927222518
0.3005710980678378
0.38803613986031027
0.46993445946531326
0.5448355351837354
0.610630345917354
0.66536901782381
0.6905844605762457
0.6897120088257483
0.6736414512935592
0.6493808771062357
0.6213724510243059
0.5923703056154219
0.5640252529903756
0.5372733314630925
0.5125932138154007
0.4901760479863581
0.4195729823628525
0.3279071470240519
0.2347159390740503
0.14624090504802018
0.06573822577379912
0.0
0.0
-0.0834763712143052
-0.21043019216572106
-0.30588273707351044
-0.393094619547964
-0.47467939628788974
-0.5491346061313216
-0.6143521585947908
-0.668401177340535
-0.6914204588833789
-0.6892297797253755
-0.6724099524954855
-0.6477643487534224
-0.6196000372879116
-0.5905824778011023
-0.5623047040079586
-0.5356654834084231
-0.511119784619535
-0.48884398571639087
-0.414658753797527
-0.3222603134215962
-0.22907231298291092
-0.14088676289487823
-0.06085363557890311
0.0
0.0
0.09207885065387228
0.2161679675713662
0.31102825547880353
0.39798585109460793
0.4792590003125378
0.553275031821217
0.6179268337857438
0.6713021105317071
0.6921979232102892
0.6887339664242754
0.6711916997604743
0.6461761701723676
0.6178635842988922
0.5888335212186966
0.5606230674745313
0.5340949116090253
0.5096810856882515
0.4875436850278208
0.4099782599103623
0.3168806339696466
0.22368767349425317
0.1357689869920194
0.056174803531985396
0.0
0.0
-0.10036435157980553
-0.22170695248414923
-0.3160037006144626
-0.4027217659190265
-0.4836993912872056
-0.5572963156280589
-0.6214062781724874
-0.6741347871413584
-0.6929782493937509
-0.6882824260416813
-0.6700400150262943
-0.6446647396855196
-0.6162065499932584
-0.5871621544132656
-0.5590146421395836
-0.5325918702404645
-0.5083037183211191
-0.4862984789518536
-0.4054993823861564
-0.31173551990620646
-0.21854075985251536
-0.13088006925680834
-0.05170809205424709
0.0
0.0
0.10827964815639896
0.22699808710243774
0.32075602473653425
0.40724473316774895
0.4879394548389168
0.5611353859030975
0.6247271059271058
0.6768371577687194
0.6937189693631493
0.687845937974802
0.6689346609570822
0.6432159296445651
0.6146189775598869
0.5855612811665465
0.557474305143063
0.5311526074592445
0.5069848914269669
0.48296751263633664
0.40005821851847084
0.30597967347863375
0.212982641678166
0.12575262368112855
0.04717053988435052
0.0
0.0
-0.11648558610677862
-0.23241961089642427
-0.32558812053152936
-0.4118184654009028
-0.492205141192501
-0.5649757281849166
-0.6280256194318281
-0.6794782235240812
-0.6944021401102628
-0.687356549418555
-0.6677813783460727
-0.6417241396303105
-0.6129931489294121
-0.5839265426724326
-0.5559041121309994
-0.5296871039105465
-0.5056430546762853
-0.4767497515165663
-0.39294578960540316
-0.2989767965351488
-0.20645866831327547
-0.11992613601483122
-0.04220631786666053
0.0
0.0
0.12590681984434696
0.23862399201261786
0.33110951156438884
0.4170418936273709
0.4970765070984034
0.5693626945910186
0.6317964196146674
0.6808133200418838
0.6942578215695911
0.686354410074803
0.6663210295986551
0.6400585048043754
0.6112786941195294
0.5822567270638127
0.5543316112818848
0.5282385282505452
0.504328657221553
0.4707065737996665
0.38603340872410546
0.2921694208149056
0.2001151783947428
0.11425925386881916
0.037376563199197674
0.0
0.0
-0.1352259881412026
-0.2448146427497773
-0.3366584798012788
-0.4223252795631461
-0.5020382863893631
-0.573869154724878
-0.635713687065542
-0.6823154327802512
-0.6942853938123508
-0.6855196742524365
-0.6650183212613427
-0.6385380827407265
-0.6096959985810824
-0.5807051921590574
-0.5528644730098082
-0.5268832755115616
-0.503096569750759
-0.46498432766812486
-0.37950888434527585
-0.28576986325163567
-0.19417867322975557
-0.1089836685224348
-0.03290960308126953
0.0
0.0
0.14402755270505982
0.25069073740366893
0.3419429345714149
0.4273687730505247
0.506785352480023
0.5781912419545283
0.6394820855794024
0.6837757780017236
0.6943355278482858
0.6847441059038178
0.6637936336363524
0.6371033627970015
0.6081998344808153
0.5792369810063143
0.5514752300542696
0.5255994243492934
0.5019290450453507
0.45948789398193074
0.3732399147658919
0.27962204687570846
0.18847743821017443
0.10391921060232832
0.028623766442366638
0.0
0.0
-0.15244661532123938
-0.25630463550690796
-0.3469872538630895
-0.43217983441894803
-0.5113105700192605
-0.5823080901486508
-0.6430679237617916
-0.6851575961057488
-0.6943712406541078
-0.6839921694691076
-0.6626137926663855
-0.63572396545983
-0.6067627505115822
-0.5778275236266447
-0.5501420434511043
-0.5243676625080083
-0.5008090704368985
-0.4542232949060143
-0.3672341260220927
-0.273730584984793
-0.1830120796602519
-0.09906235182068529
-0.024511548502103644
0.0
0.00503555186075863
0.16036320884911934
0.2622493155085557
0.3524295326266881
0.437287624363579
0.5159916012520709
0.5864310282558717
0.6465116760829207
0.6862949551698302
0.6941131387360059
0.6829301306859162
0.6611275684087314
0.634053429120083
0.6050558521330555
0.576172217481621
0.5485874935659674
0.522938281740411
0.49951377534669517
0.4487305557859699
0.3609851036354208
0.2675939561566833
0.17730754651112168
0.09397886902983876
0.020191101072242576
0.0
-0.01752499819719247
-0.16831019927574814
-0.2691653593867809
-0.35887201695075005
-0.44321089929887425
-0.5212425143130346
-0.5908564256265671
-0.6499840837876987
-0.6871323115995103
-0.6933758980133625
-0.6813047808304821
-0.6590529110802461
-0.6318048949400178
-0.6028017113300169
-0.5740109790850291
-0.546572723012995
-0.5210950119517059
-0.49784930818197376
-0.44369699169352683
-0.35527791214354787
-0.2619140790826345
-0.17193120275785917
-0.08908125115501078
-0.015910469166975028
0.0
0.02969536387125024
0.1760656658334952
0.2759191279032946
0.36516524896301794
0.4489984868262858
0.5263748664344041
0.595184004549158
0.6533823922801109
0.6879604596456591
0.6926677380422579
0.6797296318027353
0.6570386468019374
0.629620129297922
0.6006105895588657
0.5719096331967451
0.5446134636648723
0.5193023262085574
0.4962303893491711
0.4388009407242957
0.34973330163808886
0.25640344332578835
0.16672254762427485
0.08434389505563002
0.011777624651945817
0.0
-0.04124603753334438
-0.18336478943688453
-0.28223530716169554
-0.3710204297689443
-0.45435439119962356
-0.53109369913185
-0.5991282680206022
-0.6564386016864056
-0.6886257701320487
-0.6919083769786704
-0.6781706619593407
-0.6550792214777871
-0.6275104401201741
-0.598503159695534
-0.5698934397805347
-0.5427365765862058
-0.5175868745463728
-0.49468240857446516
-0.4340947596680601
-0.3443961999207893
-0.25109235158479337
-0.1616961102618753
-0.07976602242407119
-0.007777608112319576
0.0
0.0523750167631602
0.19039025498906675
0.2883105122965967
0.3766495274211423
0.45950121850882114
0.535626103075151
0.6029143533085072
0.6593695820965041
0.6892617711996861
0.6911769740647578
0.67667190164453
0.653196271547617
0.6254834626516548
0.5964785545166089
0.5679566031730335
0.5409336351863361
0.5159390534474877
0.4931954847649075
0.42959178120095776
0.33929141583656275
0.24601335466189123
0.15689001010169756
0.07538940979204357
0.003953978941061212
0.0
-0.063031823965915
-0.19712192393416259
-0.2941344523648729
-0.38204790833105795
-0.46443908826956015
-0.5399766199022022
-0.606550907708504
-0.6621876785498958
-0.6898787672402127
-0.6904822022997753
-0.6752407010764362
-0.6513960611160782
-0.6235445594382765
-0.5945413812557405
-0.5661030929302279
-0.5392080672497721
-0.514361828049729
-0.49177218636011527
-0.4250590764814206
-0.3341526892413902
-0.2409152832266938
-0.15208364891857767
-0.07103163352746507
-0.0001673321761442026
0.0
0.073830759287877
0.2039879214697093
0.3000993379721022
0.3875920375645719
0.46952239295277076
0.5444666835211123
0.6103158149014457
0.6651181675409613
0.6905225586400431
0.689763093873265
0.673756341110874
0.6495281269435738
0.6215323164536112
0.5925307176254524
0.5641791399577883
0.5374168419616735
0.5127245413415777
0.4902946573488679
0.4199945711254417
0.3283901451200046
0.2351979449740255
0.1466976361049184
0.06615441989673923
0.0
0.0
-0.08274027186949787
-0.20993894069766683
-0.3054419993356282
-0.39267550347845137
-0.4742868215630427
-0.5487795007959375
-0.6140453701786649
-0.668151966650728
-0.6913530472203818
-0.6892714149249901
-0.6725134946276817
-0.647899626736606
-0.6197480771474557
-0.5907316542291006
-0.5624481793310062
-0.5357995076723961
-0.5112425710964125
-0.48895497043592423
-0.415061742071586
-0.3227233824638145
-0.22953547966696175
-0.1413266051139665
-0.061255367208619016
0.0
0.0
0.09136898565136942
0.2156938620015027
0.3106026761370651
0.39758098411970016
0.47887961543315666
0.5529316908543322
0.6176300224632687
0.6710607860303975
0.692132177099973
0.6887735632616729
0.6712911274142743
0.6463062967763845
0.6180060870213978
0.5889771714782391
0.560761258817963
0.534224018781462
0.5097993791321364
0.4876506160672924
0.41036319194239523
0.3173229323499451
0.22413022775662889
0.1361894555975787
0.05655905682781441
0.0
0.0
-0.09968373915669426
-0.2212519963604485
-0.31559507234117223
-0.40233285027812127
-0.4833347888309692
-0.5569661778602568
-0.621120685204793
-0.6739023551535416
-0.6929144394290003
-0.6883198138968976
-0.6701349071932152
-0.6447891656380209
-0.6163429148358985
-0.5872996733344606
-0.559146967568684
-0.5327155167852065
-0.5084170208114869
-0.4864009062748778
-0.40586812652011933
-0.31215916666741594
-0.21896459365270954
-0.13128269318748814
-0.05207597923314514
0.0
0.0
0.10762815904267423
0.226562664656027
0.320364988598709
0.40687260097600497
0.4875906272965151
0.5608195768422628
0.6244539599760973
0.676614917424205
0.6936581132253771
0.6878819267423121
0.6690256716285302
0.6433351899859309
0.6147496472672531
0.5856930387028093
0.5576010763165209
0.5312710576934236
0.5070934283559487
0.48346105965540076
0.4006235073148686
0.3065374866617715
0.2135036542816982
0.12621934758293907
0.04756970916108051
0.0
0.0
-0.11574674997818818
-0.23193735024297196
-0.32516176206796016
-0.4114172561912269
-0.4918330162499688
-0.5646427755963563
-0.6277418598517482
-0.6792688397195338
-0.6943561189030781
-0.6874078955397367
-0.6678873962191831
-0.6418575623772947
-0.6131368834188674
-0.5840701665479408
-0.5560415434559408
-0.5298150550494259
-0.5057600101379124
-0.4773010072753358
-0.39357561674479463
-0.2995956667781938
-0.20703384282505322
-0.12043837471453422
-0.042641199951067965
0.0
0.0
0.12506059929940475
0.23806173345165133
0.3306058467388944
0.416562864530332
0.4966273165566768
0.5689555573704254
0.6314435296484994
0.6806819698672568
0.6942614549073416
0.6864367187613711
0.6664457728516392
0.6402027074653525
0.6114281084279061
0.58240280996378
0.5544695157689424
0.5283657726196823
0.5044442469887415
0.4712428574584475
0.3866462865821186
0.2927721685687154
0.20067597221644584
0.11475931807361067
0.03780178357695935
0.0
0.0
-0.13440016869512622
-0.24426526087638673
-0.3361655884303248
-0.42185568345015784
-0.5015970258043054
-0.573468144266092
-0.635364853823416
-0.6821814805410709
-0.6942826473744289
-0.685593669183801
-0.6651339760352989
-0.6386731322590675
-0.6098366125173615
-0.5808430561874645
-0.5529948488934728
-0.5270037156143268
-0.503206068579761
-0.46549489867248434
-0.3800911780027588
-0.2863410720888574
-0.19470860391191655
-0.10945464828961902
-0.033308437181546566
0.0
0.0
0.14324291084695076
0.2501671424294133
0.3414722106441159
0.4269196234271544
0.5063627031048097
0.5778065358319031
0.6391467790261067
0.68364605900606
0.6943314066634275
0.6848135096776906
0.6639030147584387
0.6372314237625688
0.6083333405404445
0.5793679707423317
0.5515991613618942
0.5257139457989447
0.5020331848894272
0.4599776831748407
0.37379857392592686
0.2801699627770423
0.1889856119979869
0.10437068797376226
0.029005899532602214
0.0
0.0
-0.15169586357148868
-0.2558039717023675
-0.3465373490656094
-0.4317507043320092
-0.5109069071592743
-0.5819408236955791
-0.6427479936477941
-0.6850342232312389
-0.694367921116771
-0.684059102714273
-0.6627188977180717
-0.6358468783643192
-0.6068908189181834
-0.5779531385944643
-0.5502608660387152
-0.5244774485818392
-0.5009088949808651
-0.4546924651480814
-0.3677693328401178
-0.27425558771799285
-0.18349909560606592
-0.09949512878857947
-0.024877956726736497
0.0
0.003963395807114745
0.15967769037402263
0.26165056111441465
0.3518701653989401
0.43677183210176324
0.5155327783169249
0.5860425781458963
0.6462048063124566
0.6862173523267362
0.6941727388331347
0.6830673143626577
0.661304207725759
0.6342455739201779
0.6052488539571242
0.5763574850631968
0.5487603395997802
0.523096498826221
0.49965669853121025
0.4492760116238621
0.36160379097767736
0.26820231224913443
0.17787444799418173
0.09448569545426337
0.020623749572887484
0.0
-0.016291927953576008
-0.1675300810052006
-0.2684893752163672
-0.3582444971857349
-0.44263598664932263
-0.5207349950792556
-0.5904310741455474
-0.649653127643642
-0.6870573673224084
-0.6934536622890519
-0.6814684089585723
-0.6592597022313398
-0.6320280702074321
-0.6030249327766195
-0.5742247033852225
-0.5467717820762105
-0.5212770133298292
-0.4980135824798698
-0.4441971478622794
-0.35584502388435446
-0.2624782715904881
-0.1724649912842724
-0.08956723494028304
-0.016334932449596884
0.0
0.028495364416576824
0.17530289493882661
0.27525608865272594
0.3645483054303845
0.44843193619330357
0.5258733232546118
0.5947620738861862
0.6530522056754419
0.6878820519483665
0.6927397146219574
0.6798863617994644
0.6572381856476847
0.6298361548540774
0.6008270262635035
0.5721170753793655
0.544806802180176
0.5194791790721618
0.4963900688700026
0.43928433849363
0.35028090542794393
0.25694785067457526
0.16723727483283368
0.08481219802311707
0.012186321733111988
0.0
-0.040104152701200574
-0.18264313838608343
-0.28161077752832697
-0.37044142468293534
-0.45382469519629526
-0.5306269361717872
-0.5987380343929717
-0.65613612151031
-0.6885596323009534
-0.6919830849578484
-0.6783244363512736
-0.6552726096140463
-0.627718711455973
-0.5987112365762033
-0.5700925251524998
-0.5429219166078836
-0.5177562794425581
-0.4948352794151255
-0.4345591552017468
-0.34492278385218705
-0.2516163163027656
-0.16219194407374088
-0.08021756111953969
-0.008172103819425514
0.0
0.05127684239768196
0.18969688681363694
0.28771085415737047
0.3760938480354506
0.4589930957611638
0.5351785859343522
0.6025404655302753
0.6590800673274565
0.6891988237166838
0.6912490276360806
0.6768197215458691
0.6533820320032284
0.6256834546115217
0.5966783246846735
0.5681477202875148
0.5411115445873068
0.5161016587426602
0.4933422146363665
0.4300363036243659
0.3397953512699709
0.24651473797647105
0.1573644451529288
0.07582143826996236
0.004331410220426546
0.0
-0.06197996949800921
-0.19645751864266123
-0.29355965726086763
-0.3815151285026538
-0.4639517717238072
-0.5395472845146257
-0.6061920482615323
-0.6619096069537549
-0.689817931560724
-0.6905508280512698
-0.6753820042715609
-0.6515737790019577
-0.6237359608737592
-0.5947326074229442
-0.5662860577576226
-0.5393784009554162
-0.5145175176088299
-0.49191268098311347
-0.4255400597255831
-0.3346980626031423
-0.24145428648773024
-0.1525893045427156
-0.07148739448974725
-0.0005604389808590571
0.0
0.07267324458359425
0.20324541129417747
0.2994506444354569
0.3869868783955458
0.4689657424244067
0.5439733033540681
0.6099003755422981
0.664792876739561
0.6904505724108043
0.6898421089266161
0.6739201696043147
0.6497344964703066
0.6217547248439793
0.5927530032875278
0.5643918697582923
0.5376149146675315
0.5129056032020459
0.4904580595695818
0.42055538937772424
0.32903106766278645
0.23583693239897696
0.14730271778950085
0.0667054888589934
0.0
0.0
-0.08176104175528337
-0.20928482267820064
-0.30485473655050804
-0.39211672784494644
-0.47376311087387835
-0.5483054254176278
-0.6136353989128657
-0.6678184630195612
-0.6912616745735906
-0.6893253453393372
-0.6726499809987214
-0.6480785023678565
-0.6199440760797361
-0.5909292905480716
-0.5626383394008618
-0.5359771881164547
-0.5114053824067255
-0.4891021515562234
-0.4156000969961825
-0.32334182762329666
-0.23015364371178576
-0.14191318203056763
-0.06179064407009974
0.0
0.0
0.09042491251397161
0.21506387529908083
0.31003752516477445
0.3970436149696024
0.47837633944355096
0.5524765235526213
0.6172368739822872
0.6707415294121104
0.6920461338894048
0.6888273878581967
0.6714243382940216
0.6464801855813317
0.618196312478984
0.5891688212547762
0.5609455633396351
0.5343961700147016
0.5099570877256466
0.4877931612592108
0.4108767919076597
0.31791321623066426
0.2247209842537622
0.13675085668485387
0.05707222779745211
0.0
0.0
-0.09877530994031891
-0.2206448028164985
-0.3150497262994375
-0.4018138156489271
-0.48284819899276055
-0.5565255767735463
-0.6207395225179345
-0.6735921274952226
-0.692829182041262
-0.6883695767957217
-0.6702613987223754
-0.6449550697153865
-0.6165247572674485
-0.5874830651544415
-0.5593234395138561
-0.5328804180538297
-0.5085681290175441
-0.48653751204893814
-0.40635960849548214
-0.3127237907512159
-0.21952944552501105
-0.13181926009800804
-0.05256623665076493
0.0
0.0
0.10675958913819611
0.22598208077742582
0.31984354238676693
0.40637632994941836
0.4871254043897298
0.5603983579288524
0.6240896088633562
0.6763184287907307
0.6935768473786306
0.6879298183458092
0.669146947807887
0.6434941483072706
0.6149238297378005
0.5858686802910837
0.5577700759884482
0.5314289678335353
0.5072381247101686
0.4841191802633508
0.4013772874507604
0.3072812867884728
0.21419837048683785
0.12684166144044126
0.048101932908469994
0.0
0.0
-0.114761660860901
-0.23129436599104916
-0.32459331971374383
-0.4108823514718284
-0.49133689499078637
-0.5641988875020563
-0.6273635645928584
-0.6789673901741142
-0.6942821173323781
-0.6874698809866228
-0.668026153371939
-0.6420352339010944
-0.6133297002836745
-0.5842636014389977
-0.5562270860523093
-0.5299880720615847
-0.5059183301497072
-0.4780504341184269
-0.39443167790830197
-0.30043649413863144
-0.20781492881926528
-0.12113360275696479
-0.04323101906724769
0.0
0.0
0.12391100150816883
0.23729778387679754
0.3299215091671485
0.41591205630591427
0.4960171349615613
0.5684026168849211
0.6309644100763484
0.6805043062453512
0.6942674218749137
0.686549671402582
0.6666163858135634
0.6403997145681979
0.6116321240726613
0.5826022139295011
0.5546577186115701
0.5285394040184714
0.5046019603913137
0.4719747211449077
0.38748293107650666
0.2935952626119957
0.201442059374916
0.11544273412483834
0.03838321938117692
0.0
0.0
-0.13327307913123096
-0.24351580954404956
-0.33549341319926484
-0.42121542639657134
-0.5009955365161488
-0.5729216575396556
-0.6348896210361806
-0.6819992211425786
-0.6942792608359649
-0.6856948888879013
-0.6652919670776818
-0.6388575368118657
-0.6100285746326563
-0.5810312415356713
-0.5531727993681768
-0.5271680963693177
-0.5033555110395598
-0.46619083693550584
-0.38088487500911405
-0.2871196944847859
-0.19543100257126483
-0.11009673266084448
-0.03385221797316092
0.0
0.0
0.14217289749609413
0.24945304494574638
0.34083017335440036
0.4263069759646352
0.505786167615925
0.5772817215426738
0.6386893138078217
0.6834689853124425
0.6943256367644768
0.6849080273771805
0.6640520676602397
0.6374059656320428
0.6085153208472752
0.5795465306034873
0.5517681051286997
0.5258700654992658
0.5021751542277079
0.46064542969269057
0.37456019679572
0.28091691913096883
0.18967836813485206
0.10498613231267781
0.02952679216199708
0.0
0.0
-0.15067247158115527
-0.2551214949663041
-0.34592406907323736
-0.431165747464009
-0.510356669931367
-0.5814402040926605
-0.6423119041823622
-0.6848660749864262
-0.6943634248699121
-0.6841503710740849
-0.6628621984914943
-0.6360144519009575
-0.6070654179443099
-0.5781243909480038
-0.5504228571683796
-0.5246271195352281
-0.5010449849906313
-0.45533213477818024
-0.36849904236198416
-0.27497138837687474
-0.18416310740427627
-0.1000851926523863
-0.02537753414118385
0.0
0.0025016201614999622
0.15874306548213796
0.26083423505702097
0.3511075431089294
0.4360686224070936
0.514907242343021
0.5855129894656442
0.645786444485753
0.6861115635168898
0.6942540063210199
0.6832543553156016
0.661545039968305
0.6345075447668361
0.6055119923257933
0.5766100780276571
0.5489959967483655
0.523312210753329
0.4998515587400857
0.4500196631020919
0.3624472829827797
0.26903171979302476
0.1786473389690669
0.09517668350682867
0.021213607373325838
0.0
-0.014610794956710527
-0.16646648689174787
-0.2675677529887674
-0.3573889487470744
-0.44185216025729385
-0.5200430501470661
-0.5898511537918633
-0.6492019028326109
-0.686955183905902
-0.693559678872719
-0.681691490968104
-0.6595416322838364
-0.6323323385014471
-0.6033292644898034
-0.5745160873154386
-0.5470431721201507
-0.521525147635643
-0.49823754837090295
-0.4448790432494747
-0.35661820365890606
-0.2632474708549193
-0.17319273834891324
-0.09022980629998345
-0.01691362860873824
0.0
0.02685933192698392
0.1742629629294284
0.27435212696472316
0.36370718893569803
0.44765952350617155
0.525189539288776
0.5941868306133844
0.6526020427599725
0.6877751546902131
0.6928378454573578
0.6801000421258564
0.6575102298495564
0.6301306763399495
0.6011221082331679
0.5723998945075255
0.5450703928594294
0.5197202938016056
0.49660777008296797
0.43994338663602006
0.3510274900504319
0.25769007747361455
0.1679390367996994
0.08545066679531842
0.012743525880991466
0.0
-0.038547345836402624
-0.18165926420269526
-0.2807593155074443
-0.3696520293708392
-0.45310252627777203
-0.5299905680710402
-0.5982060038075666
-0.6557237310015877
-0.6884694626492728
-0.692084939525152
-0.6785340872675923
-0.655536268492427
-0.62800266153872
-0.5989949215187699
-0.570363951362318
-0.5431746028661579
-0.5179872402887777
-0.49504369829126654
-0.4351922958352865
-0.3456407099731477
-0.25233067150384875
-0.16286794660866713
-0.0808331732677809
-0.008709945575052822
0.0
0.049779629367034284
0.18875157249153096
0.28689330082125414
0.37533625378105095
0.4583003385581311
0.5345684563015216
0.6020307196122557
0.6586853526472753
0.6891130031094832
0.6913472628467413
0.6770212539851723
0.6536352913066487
0.6259561166733072
0.5969506843760413
0.5684082827143937
0.5413541000815106
0.5163233491537625
0.49354226104806376
0.43064235003948614
0.34048239930153545
0.24719830652227046
0.15801127335963577
0.07641045081776783
0.004845986837565611
0.0
-0.060545907811258404
-0.19555169164471722
-0.2927760016663848
-0.38078875506988286
-0.46328738134574415
-0.5389619436264174
-0.6057027918139111
-0.6615304938455546
-0.6897349903296732
-0.6906443900223325
-0.6755746521352259
-0.6518160733847194
-0.6239969109300089
-0.5949933185234442
-0.5665355056343435
-0.5396106280000433
-0.5147297793336102
-0.4921042264608458
-0.4261958155775864
-0.33544160570974274
-0.24218914482254084
-0.15327869786893
-0.07210876316758796
-0.0010963871564464156
0.0
0.07109512924589342
0.20223309872264134
0.29856623821445993
0.386161825421956
0.4682068244486319
0.5433006459926636
0.6093339799718931
0.6643493865816029
0.690352428899849
0.6899498353139779
0.6741435276864328
0.6500158535173254
0.6220579487191608
0.5930560598383484
0.5646818981788512
0.5378849601140737
0.51315245665271
0.49068083648075794
0.4213199894888679
0.3299048791793371
0.23670810564399403
0.14812766512759656
0.06745679712981846
0.0
0.0
-0.08042599344475274
-0.20839302089867495
-0.3040540828733838
-0.3913549125596636
-0.4730491019145615
-0.5476590875157715
-0.613076458329981
-0.6673637757522147
-0.6911371002773926
-0.689398872188261
-0.6728360617708423
-0.6483223751848473
-0.6202112942107394
-0.5911987410355355
-0.5628975970303669
-0.5362194314580527
-0.5116273536882777
-0.4893028131800293
-0.4163340713883046
-0.32418499425735653
-0.23099642708331372
-0.14271290060885772
-0.06252042193588721
0.0
0.0
0.08913779601388763
0.21420497332674304
0.30926701797315986
0.3963109845486524
0.4776901904525543
0.5518559642744918
0.6167008690086447
0.6703062660356887
0.6919288255670957
0.6889007704425747
0.671605953377638
0.646717259534269
0.6184556592562793
0.5894301098989988
0.5611968377186564
0.5346308750226737
0.5101721021405857
0.487987502419448
0.41157701625036924
0.3187179887587197
0.22552640113068653
0.13751625141626403
0.057771867262726026
0.0
0.0
-0.09753678911940192
-0.21981697624206964
-0.3143062204601179
-0.40110618187508773
-0.48218479931938846
-0.5559248765656645
-0.6202198585586467
-0.6731691738884956
-0.6927129450823533
-0.6884374218027189
-0.6704338528771633
-0.6451812575685464
-0.6167726749187229
-0.5877330951880272
-0.5595640352306116
-0.5331052387123082
-0.5087741446938939
-0.48672375561353376
-0.40702967793885575
-0.3134935796031348
-0.22029954493588633
-0.13255079677508735
-0.053234636574775146
0.0
0.0
0.10557541111793772
0.22519053289573185
0.31913262074441723
0.40569973127978803
0.486491135647528
0.559824082701825
0.6235928652192841
0.6759142064922922
0.6934660523474783
0.6879951120934146
0.6693122915357222
0.6437108665578392
0.6151613040642877
0.5861081439279773
0.558000484267445
0.5316442570302832
0.5074353986904886
0.4850164390267742
0.402404965089848
0.3082953580298757
0.21514552241551532
0.127690102524733
0.04882754826777118
0.0
0.0
-0.11341862459592522
-0.2304177436093836
-0.32381832516464654
-0.4101530809684135
-0.49066050050908017
-0.5635937059019465
-0.626847809984818
-0.6785564043409886
-0.6941812261628673
-0.6875543897905619
-0.668215330051405
-0.6422774650815442
-0.6135925800956662
-0.5845273238464983
-0.5564800483795337
-0.5302239574426328
-0.5061341781512638
-0.4790721766294849
-0.39559880194567415
-0.3015828489383608
-0.2088798343166331
-0.12208145250692262
-0.044035157950710335
0.0
0.0
0.12234367983463279
0.23625624157802455
0.3289885071064488
0.4150247669920301
0.4951852345820646
0.5676487570448173
0.630311195103817
0.6802620858380768
0.6942755570311268
0.6867036671078731
0.6668489935960904
0.6406683072051094
0.6119102719120252
0.5828740743659508
0.5549143078260963
0.5287761270329077
0.5048169813629482
0.47297251865861434
0.3886235831020154
0.29471744042341996
0.2024865159809035
0.11637447981650206
0.0391759287484596
0.0
0.0
-0.13173644439255766
-0.24249403364521488
-0.33457699285112885
-0.42034252218226464
-0.5001754869258294
-0.5721765965303347
-0.6342417051710885
-0.6817507350132157
-0.6942746437471208
-0.6858328883145108
-0.665507366573781
-0.6391089475700468
-0.6102902891088773
-0.5812878068989089
-0.5534154108606005
-0.5273922073775095
-0.5035592556952773
-0.46713965497551
-0.38196697392210843
-0.28818124119785216
-0.19641589579597069
-0.11097212817650018
-0.034593589804981104
0.0
0.0
0.1407140784825674
0.24847946925545136
0.33995484202803816
0.42547171370720943
0.5050001391682566
0.5765662079810108
0.6380656216287222
0.6832275691928795
0.6943177702847846
0.6850368895236397
0.6642552812061225
0.6376439299505645
0.6087634264727613
0.5797899729122197
0.5519984371886086
0.5260829136726392
0.5023687102892803
0.461555812087152
0.3755985669456855
0.2819352934629464
0.1906228477746526
0.10582520773417695
0.030236959068943386
0.0
0.0
-0.14927721451020656
-0.2541910299042902
-0.3450879444465936
-0.43036823760074483
-0.5096064956187011
-0.5807576767254109
-0.641717354961774
-0.684636827513554
-0.6943572948432152
-0.6842748031837602
-0.6630575697854647
-0.6362429158366804
-0.6073034601882252
-0.5783578704548298
-0.5506437102444541
-0.5248311757111648
-0.5012305253800474
-0.4562042381197118
-0.36949390296255497
-0.2759472861170643
-0.185068398011783
-0.10088966521623727
-0.026058640624895144
0.0
0.000508686051256535
0.15746883038805407
0.25972128448232734
0.35006781038417556
0.4351098907499034
0.5140544083371209
0.5847909666651967
0.6452160645116701
0.6859673347303064
0.6943648035894969
0.6835093604501122
0.6618733822775068
0.6348647067141983
0.605870746032087
0.576954454496365
0.5493172835143251
0.5236063048975358
0.5001172243763694
0.45103353168140603
0.36359727066640746
0.2701625052117509
0.17970107166188215
0.09611875260194368
0.022017798997540486
0.0
-0.01231879665768651
-0.1650164196433916
-0.266311245275255
-0.35622252374096297
-0.4407835185968124
-0.5190996764755279
-0.5890605105371699
-0.6485867186078711
-0.68681587058729
-0.693704218198213
-0.681995633226535
-0.6599260059187428
-0.6327471673184591
-0.6037441797703059
-0.5749133500386515
-0.5474131758737161
-0.5218634453241152
-0.4985428956826528
-0.4458087157206458
-0.35767233009114874
-0.2642961703980092
-0.17418492340350794
-0.09113313306368748
-0.01770260283913866
0.0
0.024628822092078034
0.17284515577134824
0.2731196970170938
0.3625604399404092
0.4466064428942556
0.5242572919951245
0.5934025639282107
0.6519883062867342
0.6876294146837321
0.6929716336277395
0.6803913664562563
0.6578811254593099
0.6305322166974959
0.6015244127348367
0.5727854802772908
0.5454297632302528
0.5200490212436252
0.49690457635037333
0.4408419099676952
0.35204535757668354
0.2587020036948353
0.16889579467511692
0.08632113292892757
0.013503198650206605
0.0
-0.03642484946480237
-0.18031788433626988
-0.2795984617813053
-0.3685757952382896
-0.45211794627372126
-0.5291229659198804
-0.5974806517985041
-0.6551614921149035
-0.6883465284800778
-0.6922238045021897
-0.678819918040343
-0.6558957318435699
-0.628389789212662
-0.5993816877098049
-0.5707340044231847
-0.5435191065284093
-0.5183021242793151
-0.49532784934325996
-0.43605549776982844
-0.34661950549446285
-0.2533045985571126
-0.16378958496986504
-0.08167247747468089
-0.009443220331625132
0.0
0.047738381157689774
0.18746276379980348
0.2857786770174066
0.37430337610529796
0.4573558574647569
0.5337366267655844
0.6013357497441885
0.6581472123708895
0.6889959982763785
0.6914811933187252
0.6772960163085234
0.6539805762387353
0.626327854651793
0.5973220101132088
0.5687635244711787
0.5416847918121295
0.5166255941552605
0.4938149973730246
0.4314686126583123
0.34141909670895626
0.24813026011973133
0.1588931364557133
0.0772134900539212
0.005547542712919143
0.0
-0.05859075794931501
-0.1943167185983435
-0.2917075928653413
-0.3797984427772377
-0.4623815745956253
-0.5381639102033486
-0.60503575657766
-0.6610136242101646
-0.689621911137937
-0.6907719491618708
-0.6758373015369417
-0.6521464091250735
-0.624352681167206
-0.5953487629766774
-0.566875594199737
-0.5399272382814817
-0.5150191695918774
-0.49236537290789506
-0.42707569559379527
-0.33643924677568415
-0.24317594216680732
-0.15420543253488755
-0.07294512563001472
-0.0018189397424287906
0.0
0.06898217521665989
0.20088025133347576
0.297385722375206
0.3850613861249057
0.4671952778381991
0.5424047176539243
0.6085802434850272
0.6637599334872212
0.6902221779927393
0.6900933158562716
0.6744407455587069
0.6503901726944243
0.6224613241067212
0.5934591933696157
0.5650676901020425
0.5382441640827593
0.5134808072199669
0.4909771590373776
0.42233672836317426
0.33106578745882587
0.23786435056659194
0.14922139346070307
0.06845172676269434
0.0
0.0
-0.07865377249544642
-0.20720862431131631
-0.3029904018531846
-0.39034259931895543
-0.4721001143575624
-0.5467998426203204
-0.6123331887440232
-0.666758903400104
-0.6909710818268819
-0.6894962278701733
-0.6730830741036614
-0.6486462478089289
-0.6205662346796241
-0.5915566809991128
-0.5632420165937322
-0.5365412598729906
-0.5119222575268298
-0.48956941050219394
-0.4173113913163383
-0.32530777592446314
-0.2321186524136779
-0.14377771207688028
-0.0634920285137283
0.0
0.0
0.08742483430808962
0.21306205332325204
0.30824182034886227
0.39533625893651547
0.47677737903594114
0.551030488476471
0.6159879579815206
0.6697274517076867
0.6917730745288623
0.6889987337431974
0.6718479060846594
0.6470329787391278
0.6188009874098012
0.5897779956773229
0.5615313740233232
0.5349433416857255
0.5104583482219776
0.488246222515011
0.41250899788764045
0.3197891439650744
0.22659845035694612
0.13853506798289378
0.058703196670755436
0.0
0.0
-0.09588800357723165
-0.21871488426199087
-0.3133163545657782
-0.40016404917841436
-0.48130153410632703
-0.5551250632851911
-0.6195279109615266
-0.672605961492298
-0.6925580694819352
-0.688527622916654
-0.6706633302114192
-0.6454822811825416
-0.6171026378858886
-0.5880658803175121
-0.5598842696706996
-0.533404480213678
-0.5090483586816604
-0.4869716537365447
-0.40792150251213644
-0.3145181089039864
-0.22132447342718115
-0.1335243885269637
-0.054124187419219705
0.0
0.0
0.10399932790131008
0.22413700586055088
0.31818639645920915
0.40479918503217927
0.4856469258079029
0.559059719923594
0.6229316930376669
0.6753761767208427
0.6933185778235301
0.6880820140803622
0.6695323615869233
0.6439993171030463
0.6154773815947321
0.586426869643168
0.5583071575586794
0.5319308069788344
0.5076979704757747
0.48575088055102145
0.40352637949795933
0.3094685702619406
0.21627269633181434
0.1287254108640003
0.049739241143391344
0.0
0.0
-0.11176429127134749
-0.22932664811988812
-0.32284697220727326
-0.40923442237480157
-0.4898043786115414
-0.5628236155865672
-0.6261870840614958
-0.6780248275988621
-0.6940437762196614
-0.6876529744288361
-0.6684475526073637
-0.642577824019043
-0.6139199153653179
-0.5848564469892887
-0.5567961730528115
-0.5305190030236555
-0.5064043249309524
-0.48032829206460087
-0.3970353376795422
-0.30299670663816547
-0.21019640007299786
-0.123256630194191
-0.045035742385553273
0.0
0.0
0.12043707205678131
0.23499893442169079
0.32786850472263096
0.4139643774166222
0.4941955317705051
0.5667566398146555
0.6295434545798102
0.6799883746368126
0.6943020372989314
0.6869043293688543
0.6671428165512848
0.641003999559636
0.6122560931219687
0.583211055789167
0.5552317489398063
0.5290686124516814
0.5050824132780113
0.47419457930638126
0.3900213290677507
0.2960937821941742
0.20376887812024175
0.1175198640488117
0.04015190055810572
0.0
0.0
-0.12985226857168491
-0.2412422549750176
-0.33345489270183615
-0.419274084479697
-0.4991720532093169
-0.5712652133244062
-0.6334494507825411
-0.6814469607663184
-0.6942691029374813
-0.6860017522401078
-0.6657708780039305
-0.639416489988502
-0.6106104238146489
-0.5816016364196938
-0.5537121680937996
-0.5276663327528087
-0.5038084680495502
-0.46829743138920327
-0.3832871197558893
-0.2894761375755571
-0.19761713131569122
-0.11203966193373285
-0.03549752993618385
0.0
0.0
0.1389333066716249
0.2472906468558717
0.33888575052996095
0.42445139406741905
0.5040398090141865
0.5756918723658926
0.637303317566708
0.6829321958359482
0.6943076870561841
0.6851938459477379
0.6645030919799686
0.6379342264049792
0.609066148582573
0.5800870354614314
0.5522795198856636
0.5263426712742936
0.5026049310442169
0.4626677387278221
0.3768667808707677
0.28317900835059323
0.19177623021838133
0.10684978028086552
0.031104025244685765
0.0
0.0
-0.14757391496074435
-0.25305523958234544
-0.344067379148824
-0.4293948567089629
-0.5086909390878082
-0.5799247342702577
-0.6409918397073315
-0.6843572251039526
-0.6943500352378106
-0.6844269015191704
-0.6632962436293333
-0.6365219663601501
-0.6075941845369142
-0.5786430080785694
-0.550913419348877
-0.5250803669718512
-0.5014571020595359
-0.45726929082493717
-0.37070889811711377
-0.2771391485211603
-0.18617405423758282
-0.10187221621998445
-0.026890545123064796
0.0
0.0
0.1558509664106566
0.25857511038796926
0.3490276736494353
0.43412615675287536
0.5131415132467266
0.5839740897405242
0.6445193628892028
0.6857178125554914
0.6943870804915696
0.6836894175319324
0.6621379005488084
0.6351672642072482
0.6061826093109345
0.5772584461875541
0.5496037078861643
0.5238702491816764
0.5003567786665037
0.4520990197266252
0.36481099813199036
0.27135375281491314
0.18080731135006933
0.09710321269769795
0.02285293919728175
0.0
-0.009890223209409493
-0.16346747250093932
-0.26496084876840265
-0.3549628155750044
-0.4396236725630029
-0.5180697458240384
-0.5881905586416917
-0.6479018246984701
-0.6866467439262905
-0.6938435156811493
-0.6823091070502578
-0.6603278238423395
-0.6331834339649753
-0.6041819504274224
-0.5753333208232547
-0.5478048327792953
-0.5222218562297064
-0.49886659872561234
-0.4467792195525929
-0.35877268469734225
-0.2653917949562575
-0.175222652178685
-0.09207916382037094
-0.0185302159274639
0.0
0.022270142520101427
0.1713401879324745
0.2718079088007758
0.3613372298431772
0.44548070271683854
0.5232581469387092
0.5925591328729357
0.6513248594803241
0.6874656951359877
0.6931067401664263
0.6806952228837683
0.6582705672809884
0.6309550242049763
0.6019486660158395
0.5731924764167078
0.5458093160303688
0.5203963528807843
0.49721827134518026
0.4417900304805642
0.3531188894528269
0.2597687938208186
0.16990396856155682
0.0872379302524196
0.014302853176429459
0.0
-0.0341902915953933
-0.1789060947479631
-0.2783769896267988
-0.3674436360630918
-0.451082489262403
-0.5282108525118018
-0.5967184632909287
-0.6545711618954639
-0.6882185855519958
-0.6923713546505252
-0.6791220606723107
-0.6562752650670148
-0.6287983251239961
-0.599789730325316
-0.5711243491356732
-0.5438824609577999
-0.5186342132610557
-0.49562751017368545
-0.43696694140134407
-0.34765322795069603
-0.2543333542866741
-0.16476326915950126
-0.08255933255131902
-0.010218192866727982
0.0
0.04558297090484176
0.18610224250498106
0.2846022668296206
0.37321341395426255
0.45635933549952334
0.5328591293475717
0.6006028111895974
0.6575798911959388
0.6888730254672688
0.6916229667951221
0.6775863526139965
0.6543452855540219
0.6267204368740252
0.597714119938282
0.5691386283971079
0.5420339598587858
0.5169447178117641
0.4941029591630015
0.43234045782475305
0.34240745090676733
0.24911362515028912
0.1598236712746883
0.07806087708955432
0.006287871342621168
0.0
-0.05652725970257
-0.1930132127826514
-0.29057983123315656
-0.3787530670331618
-0.46142535530759027
-0.5373214105520903
-0.6043314949690503
-0.6604678372832686
-0.6895023557083286
-0.6909064139583416
-0.6761143769807934
-0.6524949473013912
-0.6247280826170944
-0.5957238354498025
-0.5672344714582456
-0.5402613454382913
-0.5153245557706041
-0.4926409562251291
-0.4279110062743146
-0.33738613463872946
-0.24411793181361968
-0.15509668331033583
-0.073756602160018
-0.002527750747414584
0.0
0.06700672836711932
0.19963253213887253
0.29630634097480046
0.38406094941386426
0.4662802581396477
0.541598620822389
0.6079065310769437
0.663237966574018
0.6901081715504601
0.6902224226038828
0.6747063218546493
0.6507241159512985
0.622820945423153
0.5938184668299947
0.5654114314135106
0.5385641683233074
0.5137732954968343
0.4912410984916424
0.423240511610566
0.3320905976705655
0.238877219725443
0.15017162455131317
0.06930822208707232
0.0
0.0
-0.07709925658283481
-0.2061658959106566
-0.30205167171637576
-0.38944765404229864
-0.4712598030765197
-0.5460376570367718
-0.6116724553696486
-0.6662196023016027
-0.6908210644238284
-0.6895799528877915
-0.6732997324275335
-0.6489312950951681
-0.6208790591023394
-0.5918723800941611
-0.5635459246693675
-0.5368253152487282
-0.5121825992297959
-0.4898047955076014
-0.41818892709015176
-0.32631637608334085
-0.2331264436224515
-0.14473347248422985
-0.0643635907360961
0.0
0.0
0.08589276602182266
0.21204084856941088
0.30732645811848686
0.39446646704522786
0.4759633284336989
0.5502948562730411
0.615353242327699
0.6692128368995848
0.691636254972082
0.6890883842476117
0.6720659900166228
0.6473167628783494
0.6191110323467881
0.5900901483362266
0.5618314390783798
0.535223544804453
0.5107149966368231
0.48847816465042265
0.41334313926015254
0.32074799930314946
0.22755835081361464
0.13944756542747883
0.05953760350068872
0.0
0.0
-0.09440998798060227
-0.21772663766324252
-0.3124285335786409
-0.3993188716390664
-0.4805089965984727
-0.554407219922175
-0.6189066660512983
-0.6721000453533107
-0.6924183266013201
-0.6886076875818345
-0.6708683463909635
-0.6457515216894802
-0.6173978978050629
-0.5883637378168804
-0.5601709355702618
-0.533672379140572
-0.509293867342302
-0.48719361144550744
-0.4087195585402154
-0.31543480783500805
-0.22224143425049261
-0.1343953299447001
-0.05491986045257363
0.0
0.0
0.1025888965918954
0.22319410465737888
0.3173394740697911
0.40399311174863767
0.48489124989373045
0.5583754895906332
0.6223398065575705
0.6748944967754379
0.6931865246436403
0.6881597772005418
0.6697293395332158
0.6442575121154136
0.6157603110531594
0.5867121723612014
0.5585816733443534
0.5321873105224885
0.5079330107188931
0.48596335784292066
0.4042919375199968
0.3103481845253015
0.21715274279186375
0.1295614542369607
0.05050318810903953
0.0
0.0
-0.11041219170039113
-0.22842312766886902
-0.32203564977580335
-0.4084623898408135
-0.48908075714831084
-0.5621685543765573
-0.6256205882573088
-0.6775639919546246
-0.6939177457770604
-0.687727847522875
-0.6686365587814547
-0.6428254196484565
-0.6141911631564515
-0.5851299344037787
-0.5570592996109899
-0.5307648521085989
-0.5066295944105691
-0.48135235364740686
-0.39820826584575986
-0.3041541475112652
-0.21127750827838726
-0.12422511729352555
-0.04586407942182026
0.0
0.0
0.11890382961632057
0.2339981138846542
0.3269836776327016
0.4131317277733447
0.4934232270384774
0.5660656164075702
0.628954509234276
0.679790427497773
0.6943408788570835
0.687079798286352
0.6673905891728271
0.641283425912488
0.6125420830628504
0.5834886766279805
0.5554926370672226
0.5293085974488718
0.5052999514872698
0.4751860287118468
0.3911560684985856
0.29721243980955414
0.20481256154549
0.11845353767638228
0.040949048714081435
0.0
0.0
-0.12832136870032065
-0.24022632530111435
-0.332544845723708
-0.4184079572182877
-0.49835894638474876
-0.5705270043394282
-0.6328080471313278
-0.6812010976001551
-0.6942647255763438
-0.686138589356514
-0.6659843459915887
-0.6396656024374979
-0.6108697238312423
-0.5818558225083893
-0.5539525223754852
-0.5278883541431818
-0.5040103101187409
-0.4692322188024791
-0.38435272565336887
-0.29052117636645003
-0.19858641522175535
-0.11290090060215054
-0.03622662616287971
0.0
0.0
0.13749480528722632
0.24632991599234932
0.3380215323630292
0.42362642620181606
0.5032631848746788
0.5749846275405897
0.6366865144369195
0.6826928814908934
0.6942990369068025
0.6853202727616698
0.6647030095297478
0.6381685327290361
0.6093105408809816
0.5803268905641292
0.5525064914483513
0.5265524347296072
0.5027956950573976
0.4635666138517503
0.37789196106004613
0.28418430323920113
0.19270841815325315
0.1076777644885959
0.03180461954274444
0.0
0.0
-0.14619786729115863
-0.25213777332314313
-0.3432430592404623
-0.4286087024767555
-0.5079515397198294
-0.5792521103562422
-0.6404060299396765
-0.6841316139361637
-0.694344406128836
-0.6845499821078596
-0.6634892392430072
-0.6367475578688985
-0.6078291868106794
-0.5788734794754237
-0.5511314112673497
-0.5252817698864275
-0.5016402238048147
-0.4581301458312733
-0.3716909747657989
-0.27810255446960486
-0.1870678056135392
-0.10266648416122143
-0.027563063885627084
0.0
0.0
0.15453002144138495
0.25769412828788907
0.34823595676083
0.43337095124428465
0.5124310767546633
0.5833276541284778
0.6439561803138331
0.6855004392347371
0.6943809343705297
0.6838068903300234
0.6623225546229533
0.6353832735727784
0.6064077137670377
0.577479257719758
0.5498125910587705
0.5240632538435794
0.5005322754125818
0.45292327390542964
0.36575121214407547
0.2722760033158489
0.18166279820533054
0.09786339133396763
0.023496507254614857
0.0
-0.008006529804491486
-0.1622629664596314
-0.2639087286655376
-0.35397985956423983
-0.4387172469224827
-0.5172633910899236
-0.587507831522727
-0.6473624238635305
-0.6865102440249058
-0.693948133920753
-0.6825500745726424
-0.6606381380649131
-0.633521006586963
-0.6045210388561296
-0.575658826710128
-0.5481085182105644
-0.5224998412698351
-0.49911771404226946
-0.4475284010950262
-0.3596220868369512
-0.2662377781414503
-0.17602421640922808
-0.09281020608423804
-0.01917008373820156
0.0
0.020441829496724295
0.17017222206533184
0.2707889831451149
0.36038646616230346
0.44460510313978213
0.5224803860016719
0.5919018832356452
0.6508070386687672
0.6873364263722685
0.6932099012658965
0.6809297214830969
0.6585717617066632
0.6312823180310749
0.6022772373552056
0.573507774780009
0.5461034102454806
0.5206655158535087
0.4974613901855141
0.44252446395462364
0.3539503411200344
0.26059490698106225
0.17068457734885606
0.08794767778479105
0.014921802009110377
0.0
-0.03246061441713621
-0.177813390162985
-0.27743166637801736
-0.36656750227049395
-0.4502812603867038
-0.5275051457488523
-0.5961288478008754
-0.6541146076517306
-0.6881199176896681
-0.6924859022637311
-0.679356238758398
-0.6565693157509251
-0.6291147952425216
-0.6001057906685997
-0.5714266849289025
-0.5441638819532861
-0.5188914127188526
-0.49585959040993904
-0.4376731097439106
-0.3484541909606164
-0.25513051208687015
-0.1655177930670615
-0.08324660930403113
-0.010818803210206049
0.0
0.04391298055401344
0.18504821460020082
0.2836909317783236
0.37236908998276785
0.45558743260741535
0.5321794633619115
0.6000351590257103
0.6571405618213099
0.6887778890073135
0.691732898152961
0.6778113531728261
0.6546278865023868
0.6270246188094151
0.5980179267408512
0.5694292536985335
0.5423044871506826
0.5171919653683086
0.49432606212502095
0.43301579965845266
0.34317303753845996
0.24987535110653997
0.16054448010652866
0.0787172846723806
0.0068613559631955645
0.0
-0.054928728819778505
-0.19200340222859394
-0.28970615202713335
-0.37794320024486755
-0.4606845474649277
-0.5366686914940993
-0.6037858599791582
-0.6600449648176674
-0.6894096879853501
-0.6910105396279018
-0.6763289872963616
-0.6527649239434306
-0.6250188741903993
-0.5960143758358386
-0.5675124687611126
-0.5405201563623319
-0.5155611192499844
-0.4928544338217075
-0.4285580714323165
-0.3381196277137515
-0.24484762577628072
-0.15578706857705665
-0.07438518746930543
-0.003076804417714296
0.0
0.06547650993614146
0.19866602630114497
0.29547023358114427
0.38328599489293874
0.46557147010491146
0.5409742073548882
0.6073846659089015
0.6628336470906684
0.690019866835513
0.6903224381815203
0.6749120491518437
0.6509828011947005
0.6230995208700885
0.5940967722700579
0.5656777048041176
0.5388120539990328
0.5139998662915711
0.4914455543753066
0.4239406218734911
0.33288446205674593
0.23966183484293355
0.15090771802804334
0.0699717040976621
0.0
0.0
-0.07589506520147438
-0.2053581578922683
-0.30132449592504823
-0.3887543964368624
-0.47060886768386856
-0.5454472413484897
-0.611160628912133
-0.6658018423061167
-0.690704857715525
-0.6896448114520904
-0.6734675658122888
-0.649152104883987
-0.6211213858934753
-0.5921169335382281
-0.563781344198466
-0.5370453560049104
-0.5123842703769979
-0.489987134167545
-0.41886869839984686
-0.3270976746825521
-0.23390711577203938
-0.1454738398874516
-0.06503873534799368
0.0
0.0
0.08470596669708114
0.21124978333191619
0.3066173822853644
0.39379269151883783
0.47533273205974547
0.5497250056507669
0.6148615654318005
0.6688141946687689
0.6915302678827379
0.6891578298766989
0.6722349253397665
0.6475365922757012
0.619351204495857
0.5903319533072715
0.5620638806053607
0.5354406005749495
0.5109138060793247
0.48865783570116206
0.413989296270472
0.32149076425570894
0.22830192519749273
0.14015441952978305
0.060183965583948076
0.0
0.0
-0.0932650624094016
-0.21696110522343626
-0.31174079451457415
-0.39866416576190233
-0.4798950676397353
-0.5538511518204237
-0.6184254266993914
-0.6717081439535386
-0.6923100766601957
-0.6886697087567151
-0.671027159660796
-0.6459600855099186
-0.6176266172240497
-0.5885944694102094
-0.5603929977254245
-0.533879903691892
-0.5094840475521216
-0.48736554820427186
-0.4093377629542852
-0.3161449175716064
-0.22295174688341635
-0.13506999422187638
-0.055536219002344886
0.0
0.0
0.10149632326323499
0.22246369785900005
0.3166834161152463
0.4033686970762495
0.48430587494382105
0.5578454590980672
0.6218813091077341
0.674521369471108
0.6930842313738649
0.6882200155197901
0.6698819261321659
0.6444575197481542
0.6159794789106369
0.5869331786280062
0.5587943236414883
0.5323860078539917
0.5081150817656567
0.48612795077473425
0.4048849675775697
0.3110295668425147
0.21783445991242134
0.13020908491812289
0.05109497020694104
0.0
0.0
-0.10936480439839963
-0.2277232266524008
-0.321407168814082
-0.40786434430915436
-0.48852021265206336
-0.5616611192327505
-0.6251817592121318
-0.677207011250003
-0.693820117809532
-0.6877858470137569
-0.6687829700631038
-0.6430172165345633
-0.6144012819017544
-0.5853417880483857
-0.5572631273479539
-0.530955296065389
-0.5068040966309145
-0.4821456303054465
-0.3991168601598788
-0.3050507447803168
-0.21211497538482016
-0.12497534384744186
-0.04650574045747072
0.0
0.0
0.11771612231151424
0.23322284062438003
0.32629825726176026
0.41248672601619235
0.49282497072084885
0.5655303236637417
0.628498289999375
0.6796370901937834
0.6943709669923831
0.687215723117757
0.6675825231752844
0.641499880086735
0.6127636216393214
0.5837037321827542
0.5556947308336546
0.5294944988635446
0.5054684647748224
0.47595404276441355
0.39203508040278157
0.298078994134213
0.20562103803881027
0.11917679643701552
0.04156654970218841
0.0
0.0
-0.12713547600476066
-0.23943934791692112
-0.3318398890644076
-0.417737022426419
-0.4977290832206987
-0.5699551598631429
-0.6323111917126982
-0.6810106427362086
-0.694261334710527
-0.6862445885425464
-0.6661497063359638
-0.6398585743236518
-0.6110705873906523
-0.5820527246264462
-0.5541387098547549
-0.5280603402742842
-0.5041666645875865
-0.46995634033661193
-0.3851781841120809
-0.29133070277014406
-0.19933725903905924
-0.11356804850969707
-0.03679141155885508
0.0
0.0
0.13638048793789082
0.2455856976818781
0.3373520764219558
0.4229873750222001
0.5026615825658485
0.5744367690613651
0.6362087155011464
0.6825074995849563
0.6942923361742764
0.685418207732337
0.6648578731923313
0.6383500352314285
0.6094998563590537
0.5805126913596005
