0.0
-0.03600000000000003
0.0
-0.042001920000000026
0.10278560028444439
0.05454352526449774
0.0
0.03302954766872379
0.0
-0.0681150690828285
0.0
-0.20092725697232322
-0.15518728750900712
-0.5427098904886755
-0.5214478411465613
-0.7024086326325858
-0.7062428049396033
-0.708770682913169
-0.6672706697128096
-0.6141663381524792
-0.5572740370260743
-0.4993189784880902
-0.4419707538971016
-0.38664842248779274
-0.33465337837657216
-0.28716504744736204
-0.24521203207210357
-0.20964298957819913
-0.1811029165516638
-0.16001643531166157
-0.14657862960817608
-0.06607326974279304
0.11710027767245916
0.30272434739754145
0.4511757923270039
0.6146817547653696
0.741930442105618
0.8420467839711974
0.8784540648379245
0.8761018767643417
0.8512145188540908
0.8142284823633964
0.7717548884719927
0.7278887677312745
0.6850810324621607
0.6447178576799459
0.5419516841615831
0.41217149809791015
0.2810952236801635
0.15700360479540182
0.04424795674641967
0.0
0.0
0.0
-0.13351011929958834
-0.24899941194653244
-0.3465098276994057
-0.4381735123832615
-0.5241144605771461
-0.6021707221614859
-0.6699870770510004
-0.7255044350538081
-0.7411921055944414
-0.732596175351475
-0.710185381941253
-0.6806629022935232
-0.648246823681392
-0.6155239692948347
-0.5840181329765056
-0.5545672842262706
-0.5275731177624791
-0.5031654048564258
-0.4813095765787498
-0.40819159533081906
-0.30862851687947157
-0.2073807511874553
-0.11194414532150194
-0.025961318305447012
0.0
0.0
0.1634386852034864
0.2805510942308762
0.379844289752066
0.47199420529644837
0.5568820320101834
0.6323932883004739
0.6963138087535192
0.7268911645186643
0.7276009839327127
0.7108378764893879
0.684585805678939
0.6539122686166687
0.6219653328446584
0.5906378014857656
0.5610086436421129
0.5336355133326895
0.5087478233297916
0.4795013333788091
0.39608206959256675
0.3025545402970773
0.21038370933455836
0.12406765695368083
0.04642438664806227
0.0
0.0
-0.10769820890473919
-0.2287137731387363
-0.3235473960464264
-0.4107472910781152
-0.49195598688113273
-0.5654961233826813
-0.6292647815567426
-0.6807201209299047
-0.6955926472974889
-0.6884662497447985
-0.6687965402515826
-0.642640777523477
-0.6138131389159284
-0.5846551040420404
-0.5565481939032294
-0.530254368775626
-0.5061412551666788
-0.47743573695828645
-0.3925505042170601
-0.2973314908117302
-0.2036511753378346
-0.11612032329734753
-0.03759935175922122
0.0
0.0
0.11859441252180766
0.234008975486742
0.327175944316488
0.4134787788469558
0.4939172932581423
0.5666985289072021
0.6297140549637578
0.6806128680533655
0.6951649591940863
0.6878696754946527
0.6681267903264118
0.6419568690008989
0.6131501418694277
0.5840326071715529
0.5559759090020078
0.5297358251535744
0.5056762209795368
0.4836361319148149
0.40070355924914286
0.30618387817311443
0.21267190037690317
0.12493784583487347
0.0458920551759419
0.0
0.0
-0.11549800788773851
-0.2328637856865986
-0.32668186916407405
-0.41337009816386167
-0.49413579540292446
-0.5672212430472007
-0.6305178710706367
-0.6814355018327218
-0.6959634834529167
-0.6886200494251193
-0.6688170285107472
-0.6425825377469621
-0.6137114068637078
-0.5845323130683691
-0.5564183436009742
-0.5301259361050407
-0.5060191301869338
-0.482048566958337
-0.3989769790752052
-0.3047241079922995
-0.21158560286026717
-0.12425884315032426
-0.04562845363551388
0.0
0.0
0.11491960693946285
0.23180547191778095
0.3252956560153895
0.4117189759313349
0.4922704410844381
0.5651946093763546
0.6283866952820276
0.679841473458624
0.6947511610461883
0.6876823690593552
0.6680797467925121
0.6419937461921954
0.6132344553374101
0.5841410260504859
0.556093779568768
0.529854186361844
0.5057898186442283
0.47980708210929973
0.39636723329140844
0.3021554381989258
0.20920417133657782
0.12214860247096151
0.04385157503589669
0.0
0.0
-0.11948322341601317
-0.23471096436775685
-0.32782392904197316
-0.4140737601325397
-0.49443555144298024
-0.5671146197759275
-0.630006127037235
-0.6804002000238469
-0.6946665967803441
-0.6872257310235105
-0.6674253008978499
-0.6412517035328225
-0.6124729166542461
-0.5834005940065763
-0.55539726556939
-0.5292130384311124
-0.5052083601426309
-0.47663958742362394
-0.39277945133647385
-0.2986837782357601
-0.20603658128584174
-0.11938969811260279
-0.04157614633199953
0.0
0.0
0.12464858673003151
0.23810689628043263
0.330843952111057
0.41693091741799404
0.4971015269782936
0.5695179429319374
0.6320754329820962
0.6811568147663208
0.6946243176316116
0.6867187017526593
0.666668490804571
0.6403813120032258
0.6115733302711025
0.5825223401813088
0.5545689421211335
0.5284492161234895
0.5045147962529298
0.4727456032802972
0.38834356506344014
0.2943669892323345
0.20207311383350657
0.1159120245261155
0.03868046667905019
0.0
0.0
-0.13110028253132633
-0.24232560781657292
-0.3345818916680675
-0.4204573299593417
-0.5003826078169116
-0.5724658111408245
-0.6346024195392506
-0.682056243238413
-0.6945348765672181
-0.686055577031039
-0.6656986281485862
-0.6392736952002273
-0.610432523363176
-0.5814108246801759
-0.5535219574629497
-0.5274845888230038
-0.5036394230808271
-0.4682459093723313
-0.38321036274459347
-0.2893482300274377
-0.19743788168905618
-0.11181538244098385
-0.035236792950548684
0.0
0.0
0.1383014942041793
0.24704819682085355
0.3387765689813887
0.4244234077780331
0.5040817259606618
0.5757991734842461
0.6374712773702128
0.6831073502529418
0.6944795698723301
0.6853564844821667
0.6646533926097389
0.6380709088715588
0.6091890462566084
0.5801966391825287
0.5523766835128118
0.5264284242384837
0.5026803613881008
0.4635459734843832
0.37785358058837915
0.28410723317256825
0.1925918284658916
0.10752590957043334
0.031623536381923556
0.0
0.0
-0.14576296074849798
-0.25197006671597055
-0.3431667579659279
-0.4285881294538981
-0.5079790219881546
-0.5793246202910604
-0.6405203898058444
-0.6842522662350753
-0.6944635853770497
-0.6846632161132085
-0.6635941699089618
-0.6368431623428993
-0.6079152656643552
-0.5789503226690729
-0.5511995821926142
-0.5253419675808109
-0.5016931966974031
-0.458757682158025
-0.3723968320324642
-0.27876719804793304
-0.18765251073261396
-0.10315196008670027
-0.02793693844084913
0.0
0.0
0.1532560247578015
0.2569297229356924
0.3476008753777657
0.43280156821618265
0.5119281252995419
0.5829031687946055
0.6436221034826776
0.6854251521823539
0.6944599927965178
0.6839727133558715
0.6625319730593502
0.6356092165423162
0.6066336668305627
0.577695576014128
0.550014053067394
0.5242474440689593
0.5006985201335978
0.45396661925150883
0.3669345662751489
0.2734176774159571
0.18269991790123646
0.09876149517024209
0.024231271237661084
0.0
-0.005190150345742911
-0.16053177940806004
-0.2624409084605614
-0.3526405012307568
-0.43751135256986345
-0.5162207301191758
-0.5866581152830493
-0.6467295199560346
-0.6864098102048081
-0.69416294780802
-0.6829398277284869
-0.6611134262856242
-0.6340259683214724
-0.6050217848886916
-0.5761357456086968
-0.5485511735232088
-0.5229036000216268
-0.4994815301624469
-0.4488557999868771
-0.36112331833827616
-0.2677122524735812
-0.17739711094326244
-0.09403673088223818
-0.020216342461364625
0.0
0.016897241384175643
0.16796705465700698
0.26890267595725126
0.3586533095747148
0.44303360870204017
0.5211099601204451
0.5907718631395982
0.6499494181385927
0.6871736771317374
0.6934599008261131
0.6814100996950476
0.6591661849141834
0.6319179814591536
0.6029098634324922
0.5741116349984691
0.5466647064997315
0.5211780061124802
0.497923511492193
0.44402602030047084
0.3556477937366188
0.26227158016744584
0.17225748955161452
0.08936574592139297
0.01614558022887702
0.0
-0.028603601667077483
-0.17540246026941855
-0.2753623108621608
-0.3646613984606022
-0.44854886493378077
-0.5259903813060163
-0.5948755196703337
-0.6531584872870118
-0.6879348865735948
-0.6927590819298193
-0.6798853578555154
-0.65722532772762
-0.6298169228165506
-0.6008048923083131
-0.5720941910863478
-0.5447844560863692
-0.51945810072003
-0.4963706302220332
-0.43929564998758064
-0.3502920790804161
-0.25695239770856804
-0.16723400726220267
-0.08480123155611917
-0.012168224815883824
0.0
0.03987445988781696
0.18251950070113868
0.28151765360387593
0.3703652097694235
0.4537643023017294
0.5305834364822464
0.5987124664284654
0.6561290215426814
0.6885786204242803
0.6920164983663647
0.678364848487577
0.6553153847562285
0.6277610415208552
0.5987515006331741
0.5701298647277528
0.5429559551306027
0.5177869378402946
0.4948626557282355
0.4346901999111825
0.34507022994245495
0.25175853226733436
0.16232134752552746
0.08032994100949371
0.008264465222792422
0.0
-0.05082352092962561
-0.18942548950494226
-0.2874856940888116
-0.3758921706959032
-0.45881510190336927
-0.5350285099630004
-0.6024225136103366
-0.6589974879790309
-0.6891949390535944
-0.6912912664148528
-0.676887094226794
-0.6534612083152911
-0.6257661460548544
-0.5967595407964189
-0.5682246095848454
-0.5411826264149997
-0.5161663161834364
-0.49340036151771016
-0.4302454366097306
-0.3400316157379388
-0.24674666911926946
-0.15758030348712676
-0.07601419766657802
-0.004495756736835194
0.0
0.061386276015811425
0.19609289852462666
0.29325091156573097
0.3812338356081809
0.4636989849916235
0.5393292631391619
0.6060150255354652
0.6617785722102789
0.6897991433439742
0.6905983934367094
0.6754662907042338
0.6516759143050874
0.6238441621443022
0.5948397346309133
0.5663879869521754
0.5394729455311663
0.5146037156653005
0.4919903268885821
0.42583765947501884
0.33503496054703286
0.2417847468695654
0.15289639700907603
0.07176106598939591
0.0007931246350964122
0.0
-0.07188713063060082
-0.20275007565599093
-0.2990234917323351
-0.3865923867529732
-0.46860650479245125
-0.5436586426773908
-0.6096395486021625
-0.6645934639190588
-0.6904140227881149
-0.6899022308620173
-0.6740341825270636
-0.649875117178296
-0.621904884681675
-0.5929023271572302
-0.5645343342709126
-0.5377472948297441
-0.513026445883366
-0.4905670084076576
-0.4209559817914868
-0.32948789329620876
-0.23628969698984864
-0.14772843846515193
-0.06709004483135288
0.0
0.0
0.08102274448886207
0.20879792057709418
0.30442138368522115
0.3917070341474568
0.4733814857617493
0.547962362106975
0.6133413106230959
0.6675821724762
0.6912015286302626
0.6893706340693441
0.672754911258809
0.6482137862570806
0.6200913143757691
0.5910772280503838
0.5627803732395422
0.5361097141051238
0.5115267013688047
0.48921174933905875
0.4160215184388215
0.32382517215799633
0.2306347665905648
0.14236747714608383
0.062202864368759714
0.0
0.0
-0.08965815963532761
-0.21455638435970192
-0.3095847665165814
-0.3966148477160511
-0.47797631918832695
-0.5521163030452164
-0.6169274195828051
-0.670492152313452
-0.6919818282837417
-0.6888739077102844
-0.6715335953664133
-0.6466214195552923
-0.6183501949805718
-0.5893235248430972
-0.5610941457561733
-0.5345348381504798
-0.5100840494143343
-0.48790786935074704
-0.41130434275101135
-0.318404017374533
-0.22521072167780282
-0.13721463381906573
-0.05749446899719374
0.0
0.0
0.09799984879875259
0.2201293773312567
0.3145885402269641
0.4013760890829058
0.48243891307677084
0.5561560655871398
0.6204210384174859
0.6733342545435029
0.6927603801354821
0.6884141279287508
0.6703702471817263
0.6450968236123771
0.616679679773749
0.5876390681016437
0.5594734173127972
0.5330204781134317
0.5086964212214956
0.4866534580244878
0.40678679348535196
0.3132141737722589
0.22001904086921564
0.13228323481785403
0.052989014512464835
0.0
0.0
-0.1059913822281123
-0.22547060776470285
-0.3193853844404292
-0.4059411371191984
-0.4867181928243661
-0.5600304272603135
-0.6237721764719296
-0.6760610581300409
-0.6935077513730707
-0.6879736228350825
-0.6692548171946004
-0.6436348291669227
-0.6150776701143035
-0.5860236419693636
-0.5579190808086925
-0.5315681363096897
-0.507365610906392
-0.48471073522347813
-0.4020545338079451
-0.30794871158204024
-0.21482077224940183
-0.12739815409297234
-0.04857673568093289
0.0
0.0
0.11386628167091312
0.23071151575818766
0.3240790074958679
0.4103990623670144
0.49088925719742343
0.5637990011784897
0.6270234477530787
0.67869714560929
0.6942169716230052
0.6875272925591001
0.6681526888365912
0.6421967388722849
0.6135047365679125
0.5844390717952614
0.5563953231714354
0.5301449068531396
0.5060618143641877
0.47873869621349585
0.39521765443404133
0.3012078482553057
0.20853074623300238
0.12176995319190344
0.04377003481162292
0.0
0.0
-0.12284830555088616
-0.23659320475844176
-0.32929134242494584
-0.4153134587301657
-0.4954565286950271
-0.5678952358581494
-0.6305254543936567
-0.6803425741203446
-0.6942744888782623
-0.6866550155714136
-0.6667746291625004
-0.640582099322095
-0.6118208256575556
-0.5827865532760755
-0.5548316452655119
-0.5286998287893476
-0.5047476552722556
-0.47265624087304287
-0.3882618638548135
-0.29436116053067385
-0.20215443416156653
-0.1160777249786552
-0.038922904208673004
0.0
0.0
0.1322186026603891
0.24281584288572328
0.3348663530298237
0.42061865725169284
0.5004353646439553
0.5724131798791008
0.6344479485010638
0.6818305903087415
0.6942772812712523
0.6857903181257852
0.6654402114087989
0.6390303000659702
0.61020828570561
0.581207342462387
0.5533392783299497
0.527321853001195
0.5034952775478181
0.4668455190108436
0.38163142188736204
0.28785178398814004
0.1961099088244076
0.1106998176081763
0.03436259729276775
0.0
0.0
-0.14116315991700756
-0.24878004507485918
-0.340225616486463
-0.42573046540981807
-0.5052439731271159
-0.5767885066086511
-0.638259758326482
-0.6833032661339256
-0.6943210686717584
-0.6849977664238577
-0.6641930532103324
-0.6375708637566594
-0.6086871482620969
-0.5797150734207563
-0.5519275385807945
-0.5260173765881428
-0.5023091005833402
-0.46127809171142714
-0.3752817361581031
-0.28162437347244473
-0.19033426961975508
-0.1055686002391518
-0.03001951872837695
0.0
0.0
0.14970061275405103
0.25447397988847525
0.3453425678531208
0.4306113554869841
0.5098354109889762
0.5809661804003551
0.6418992310098202
0.6847073262118903
0.6943597412248587
0.6842374026335049
0.6629984943837913
0.6361737028722503
0.6072312799736276
0.5782870370552904
0.5505766856099559
0.524769235113189
0.5011741966582477
0.45594130683411294
0.36919391216236846
0.27565287803092464
0.1847951354353467
0.10064666845598547
0.02585272652392638
0.0
-0.0011064930733595546
-0.1578515427046189
-0.2600558664150886
-0.35038060527047427
-0.4353985217696959
-0.5143113693842232
-0.5850087459663416
-0.6453883741951676
-0.6860113244670892
-0.6943319775819623
-0.6834330746242179
-0.661774970779595
-0.6347575727144059
-0.6057630891418542
-0.5768510855987649
-0.54922082921072
-0.5235180041004445
-0.5000374527277579
-0.4507305240480777
-0.3632535545012835
-0.2698244208999781
-0.1793858994947367
-0.09583684485542336
-0.021777004389431254
0.0
0.01300105160410131
0.1654484159698954
0.2666858071153312
0.35657039907782284
0.4411023843445306
0.5193813234910833
0.5892967358800396
0.6487707280669918
0.6868578695200661
0.6936614910291387
0.6819052490398604
0.6598116464257545
0.6326236855849513
0.6036206392022976
0.5747950461755298
0.5473029778777414
0.521762682935716
0.49845194288431593
0.44553252127696175
0.35735914118729994
0.26398452223269003
0.1738899880293733
0.09086452526063474
0.01746790636306224
0.0
-0.025289422889439056
-0.17326529534282928
-0.2734850533137758
-0.3629005047036214
-0.44691883059043325
-0.5245339392951858
-0.5936354124125742
-0.6521706589167857
-0.687672932248832
-0.6929322147654635
-0.6803051945918499
-0.657771326507874
-0.630413304282496
-0.6014052516534888
-0.572671258180933
-0.5453232989772406
-0.519951630045922
-0.4968166391747394
-0.4405762115801959
-0.35174435823425304
-0.2584027152101339
-0.16861276940814696
-0.08606357766353583
-0.01327836473379096
0.0
0.037051010163497294
0.180713761952453
0.2799411611690113
0.3688935866097155
0.45240874100069933
0.5293792811571311
0.5976950196899394
0.6553277454301938
0.6883830266957912
0.6921829684825465
0.6787356611640896
0.6557897121471096
0.6282755835362499
0.5992675741966278
0.5706248135765657
0.543417449328516
0.5182092041029716
0.4952439961828602
0.4358011074433459
0.3463310404393497
0.25301753572123853
0.1635178966699785
0.08142502084815607
0.009226982896696961
0.0
-0.04833891137973839
-0.18784203430069402
-0.28610675683218983
-0.3746074445380503
-0.45763394881688135
-0.533981597022379
-0.6015404685535292
-0.6583057961300581
-0.6890305785973533
-0.6914418802047666
-0.6772152267880925
-0.653879011516463
-0.6262184906397956
-0.5972127575138572
-0.5686589983810513
-0.5415874857832345
-0.5165366563660247
-0.49373474131475714
-0.43122571295899953
-0.34114372602669707
-0.24785626123921123
-0.15863383824090294
-0.07697734116261995
-0.005341207513449381
0.0
0.05916480859370846
0.19467939354134403
0.2920214012468155
0.38008934831420105
0.46264768908614773
0.5383983961801576
0.6052317890824058
0.6611655695021095
0.6896552248511565
0.6907345606480173
0.6757602181657353
0.6520494328476779
0.6242482250870981
0.5952443954845367
0.5667757314559673
0.5398342671211614
0.5149341898857986
0.492288686011886
0.42682754243903276
0.3361578991657839
0.2428970537739265
0.15394278809432527
0.07270730301215711
0.0016126205777564767
0.0
-0.06957433652508765
-0.20125762139707126
-0.29771405352538693
-0.3853668604295502
-0.4674756088922774
-0.542652569381915
-0.6087883118663158
-0.6639221609155634
-0.6902579394629951
-0.690053695384274
-0.6743587925059051
-0.6502869940780192
-0.6223501520488048
-0.5933480964829947
-0.5649613772492871
-0.5381451811208323
-0.5133903281873259
-0.4908955067381655
-0.42205695890426825
-0.33074710626252096
-0.23754777045827263
-0.14892275412860861
-0.06818088954348334
0.0
0.0
0.07913890988674394
0.20753330447262966
0.30328226251940804
0.3906205509732025
0.4723608408668345
0.5470360744990582
0.6125377073168806
0.6669255335484149
0.6910170646864576
0.6894697907777857
0.6730154717419359
0.6485574892973436
0.6204689080063484
0.5914585031241363
0.5631475305396278
0.5364529612472508
0.5118413397672867
0.4894962556595835
0.4170417880773764
0.32499799129881957
0.2318090401177601
0.14348397430292414
0.06322404317786838
0.0
0.0
-0.08789652547023391
-0.21337669478383017
-0.3085240006432448
-0.39560450516028944
-0.4770285445011567
-0.5512575770379905
-0.6161840271860982
-0.6698865779471834
-0.6918157359305144
-0.6889715594597443
-0.6717811071971989
-0.6469458891687918
-0.6187057639023337
-0.5896820848202226
-0.5614391539506068
-0.534857211754192
-0.5103794498099735
-0.48817491364265775
-0.4122523744493048
-0.31949417823213955
-0.2263032015515306
-0.13825443994931372
-0.0584466256010555
0.0
0.0
0.09634211141075466
0.2190184752606702
0.31358906572607415
0.40042363656607477
0.4815449276204661
0.5553454885336437
0.6197186402113859
0.6727612428141948
0.692600851572431
0.6885028800868173
0.6706002085221813
0.6453994394314874
0.6170118142001121
0.5879742703257841
0.5597961091692764
0.5333220957293201
0.5089728624626013
0.4869034014364333
0.4076760823782124
0.31423617892618705
0.2210424367337388
0.13325648028921416
0.053879406324247175
0.0
0.0
-0.10443295922236517
-0.2244268908978827
-0.31844677130773125
-0.40504700044501857
-0.48587924694710716
-0.5592700761736089
-0.6231136597980875
-0.675524262595232
-0.6933591813972665
-0.6880581155713712
-0.6694718135313367
-0.6439199490959527
-0.6153904091042612
-0.5863391669606648
-0.5582227704251496
-0.5318519566436023
-0.5076257179117184
-0.48568556386139816
-0.4032911371632678
-0.3091982812655797
-0.21600227005950018
-0.12846850058688633
-0.04950447958822837
0.0
0.0
0.11217973907817783
0.22960428461540822
0.32309628992111583
0.4094716750957088
0.49002676218416225
0.5630249375204252
0.6263611960729278
0.6781664756090312
0.6940825340427234
0.68762999071551
0.6683894924752223
0.6425017564906181
0.6138365770653429
0.5847724183261942
0.5567153264406137
0.5304434641846352
0.5063351088219326
0.48001368338536177
0.3966749945900919
0.30264111938894894
0.20986426107064915
0.12295908795990984
0.04478125452248566
0.0
0.0
-0.12090804538740169
-0.23530636832423663
-0.3281403117733735
-0.41422015909640486
-0.49443277855579215
-0.5669689199685579
-0.6297243792847022
-0.680049186683923
-0.6942901089065538
-0.6868504295045573
-0.6670667050749303
-0.640918163924831
-0.612168240899047
-0.5831257742402963
-0.5551516073439999
-0.5289948919632189
-0.5050155881237454
-0.4738900455082031
-0.3896727805176362
-0.29575017014676697
-0.20344829195389702
-0.11723306565778492
-0.03990703498506237
0.0
0.0
0.13032246912761325
0.24155429419199043
0.33373441448050306
0.4195401191500312
0.4994218050199427
0.5714919623470912
0.6336464678364354
0.6815224858011054
0.6942704542316255
0.6859597284144997
0.6657053161249463
0.6393399791931829
0.6105307833127904
0.5815235661639623
0.5536383458593842
0.5275981411115103
0.5037464741846608
0.468010345786204
0.38295985756248774
0.2891551901363177
0.19731944740435528
0.11177515848321913
0.03527360774555763
0.0
0.0
-0.13937507246772157
-0.2475856944095782
-0.3391511618303017
-0.4247047536252225
-0.5042783237449859
-0.575909081776664
-0.637492752926826
-0.6830056989631044
-0.6943103496258652
-0.6851550240288807
-0.6644416995216761
-0.6378622721632105
-0.6089910963069028
-0.5800133761643914
-0.5522098168848173
-0.5262782527451271
-0.5025463471704226
-0.462391708881158
-0.3765519644603369
-0.28287029732039165
-0.19148996799437282
-0.10659551626343033
-0.030888879677891334
0.0
0.0
0.14799646253948992
0.25333697260600035
0.3443205112165771
0.42963627038198116
0.5089179965488216
0.5801312874541164
0.6411717349862035
0.6844265097922341
0.6943517671944872
0.6843891087837717
0.6632369809638062
0.636452693795824
0.6075220218211005
0.5785722364568284
0.5508464797152688
0.5250185213103464
0.5014008700259637
0.45700495510875183
0.37040733953553484
0.2768433221604688
0.18589961525730464
0.10162832400200583
0.02668403674599322
0.0
0.0
-0.1562565686781382
-0.25884562249337073
-0.34927077771203385
-0.43435805071049816
-0.5133596613436169
-0.584172586554632
-0.644692296764231
-0.6857845619204266
-0.6943889701297066
-0.6836533484650587
-0.6620812025450616
-0.6351009380191942
-0.606113490180602
-0.5771906450618252
-0.5495395693231548
-0.5238109861339835
-0.5003028914764575
-0.4518459360547129
-0.36452230929186635
-0.27107057902412307
-0.1805446364454409
-0.09686980121698506
-0.022655332017122318
0.0
0.010468590370948938
0.1638373048059247
0.2652838937264545
0.3552646252173509
0.4399019849759399
0.5183173329848074
0.5884001875593723
0.6480674469481342
0.6866886578256495
0.6938113955775573
0.6822351215466957
0.6602325456600135
0.6330797860606971
0.6040778369161067
0.575233377573912
0.54771158920825
0.5221365036631513
0.4987894962151859
0.4465491945623268
0.35851188835636455
0.26513204795956863
0.17497654293336165
0.09185470689811634
0.018333752419072147
0.0
-0.022831488670118638
-0.17169878923912898
-0.27212075099650923
-0.3616291447510643
-0.44574954037019787
-0.5234969454887781
-0.5927609310452083
-0.6514838489355702
-0.6875053864066657
-0.693075067803101
-0.6806232255123535
-0.6581780919926967
-0.6308545354255286
-0.6018477848788132
-0.5730956704047021
-0.5457190202812207
-0.5203137117437754
-0.49714362652350624
-0.4415645399817746
-0.35286361177034614
-0.2595151549793286
-0.16966430051863793
-0.08702001825612862
-0.014112818577902031
0.0
0.03472134058483378
0.1792415799033854
0.2786672258629965
0.3677126298915173
0.45132848584312285
0.5284275218506539
0.5968994901409425
0.654711336038504
0.688248879906476
0.6923361866493621
0.6790501631568348
0.6561849851425071
0.6287011618160595
0.5996926927559288
0.5710315252672262
0.5437960583757556
0.5185552472204379
0.4955562562909936
0.43675013345403296
0.34740731607630343
0.2540886105193399
0.16453161467647096
0.08234832413516122
0.010033792643886055
0.0
-0.046095686317244755
-0.186425847513487
-0.284882062978997
-0.373472636754706
-0.45659632394316574
-0.5330677995972372
-0.6007770913540753
-0.6577147741023838
-0.6889022347641115
-0.6915892164406251
-0.6775172738382423
-0.6542585223413524
-0.6266270478472711
-0.5976208460345773
-0.5690494014118221
-0.5419509032918954
-0.5168688085160708
-0.49403446267030343
-0.4321331173528545
-0.34217240384343767
-0.24887976325688332
-0.1596023714491263
-0.0778593493335546
-0.006111802126777449
0.0
0.05701802996894964
0.19332323845655291
0.29084806296832494
0.3790017076461535
0.4616527940112548
0.5375218049024333
0.6044990131306074
0.6605976657302361
0.6895308065171242
0.6908744463252694
0.6760484889300148
0.6524120609501721
0.6246388057427366
0.5956346356565708
0.5671491225382363
0.5401818869821643
0.5152519275728459
0.49257541570136243
0.4277123493319036
0.33716094324590323
0.2438939067155952
0.15488472637796458
0.07356361849262817
0.0023591841993863966
0.0
-0.06747652166048987
-0.19992925995295135
-0.2965630352194606
-0.38429886917401623
-0.4664978641597526
-0.5417903230076064
-0.60806674987756
-0.6633620976122429
-0.690135282434707
-0.6901917169871452
-0.674643161507651
-0.6506446968833
-0.6227354198089915
-0.593733024085745
-0.5653296826223773
-0.5384880647492157
-0.5137037358153228
-0.4911783283231422
-0.4230255709976416
-0.3318468736221375
-0.23863633522771605
-0.14994563659576066
-0.06910452648753955
0.0
0.0
0.07746895384582914
0.20641387874325692
0.3022749213484611
0.3896604905690947
0.47145964636984916
0.5462189202912721
0.6118295910662673
0.6663478587784055
0.6908567411930499
0.6895600408989653
0.6732482061821974
0.6488635045771645
0.6208046626445329
0.5917973000163761
0.5634736487741671
0.5367577607676859
0.5121206843791463
0.4897488159013955
0.417980231818045
0.326076511089293
0.23288677089086907
0.14450617356934814
0.06415631568450536
0.0
0.0
-0.08625712210141182
-0.2122837115139236
-0.30754414977820727
-0.3946733212950555
-0.47615692639894824
-0.5504698048690396
-0.6155041910285456
-0.6693352232782402
-0.691668793946042
-0.6890670640076737
-0.6720141256593393
-0.6472492736357801
-0.6190372977122284
-0.5900159124038191
-0.5617600777878118
-0.5351569070531168
-0.5106539606431219
-0.48842300428557833
-0.4131447646405901
-0.3205199653652984
-0.2273300683278089
-0.13923055627020103
-0.05933916576234198
0.0
0.0
0.09476148736138715
0.217961661047131
0.3126396739501389
0.39951987064495775
0.4806974768563639
0.5545779365479608
0.6190544097875872
0.6722203617761957
0.6924515601429274
0.6885886467563339
0.6708195897436263
0.6456874912858104
0.6173276794915846
0.5882929017454492
0.5601027610672337
0.5336086677722871
0.5092354807964208
0.4871408257552009
0.40852976612674596
0.31521679993241936
0.22202336402712808
0.13418820394545702
0.054730634627378275
0.0
0.0
-0.1029243226583626
-0.22341834365571012
-0.317540887592821
-0.4041848106306602
-0.48507096338098354
-0.5585382120341604
-0.6224805679669221
-0.6750090490783314
-0.6932179293318158
-0.6881412837483598
-0.6696824946210248
-0.6441961086668309
-0.6156930252997967
-0.5866443222006575
-0.5585163885101989
-0.5321263093252026
-0.5078771138832893
-0.48591282688619164
-0.40410987416866767
-0.3101389965567576
-0.21694345201572482
-0.12936262815498578
-0.05032150781596982
0.0
0.0
0.11073374482828863
0.22863800081654495
0.322228596631891
0.40864599288290443
0.4892528471964815
0.5623243395961826
0.6257553110665545
0.6776735869157021
0.6939477181090262
0.6877100414199424
0.6685916097995999
0.6427665370485369
0.6141266556478452
0.5850648942688664
0.5569967234680713
0.5307063848524359
0.5065760213472009
0.4811088139585179
0.3979293230841248
0.3038788878806603
0.2110204018678739
0.12399479412748249
0.04566708636825456
0.0
0.0
-0.1192684611663195
-0.2342361263394254
-0.3271941048583572
-0.41332974631224667
-0.49360689452329454
-0.5662299537945434
-0.6290945706972697
-0.6798375027964596
-0.6943316416897376
-0.6870380687579831
-0.6673316645654979
-0.6412169734956252
-0.6124740697083396
-0.5834226535890089
-0.5554305933555221
-0.5292515248626636
-0.5052482171353606
-0.4749502450148023
-0.3908862079673831
-0.29694640379862597
-0.20456435567260436
-0.11823149401189255
-0.04075947314234314
0.0
0.0
0.1286854428466147
0.24046793076619088
0.3327612704901294
0.418613937136622
0.4985523171456721
0.5707025631204392
0.6329605839536275
0.6812595681102263
0.6942657666183103
0.6861060471713168
0.6659335796682965
0.6396063592473519
0.6108080578602998
0.5817953727148887
0.5538953620207999
0.5278355536625646
0.5039623086250858
0.46900991048142315
0.384099306472856
0.29027264838597855
0.19835590303170855
0.11269608339738629
0.036053234668726786
0.0
0.0
-0.13783690526554077
-0.2465583940773862
-0.33822705810720477
-0.4238226175684684
-0.503447879291484
-0.5751528223868344
-0.6368332007199791
-0.6827497945308566
-0.6943010940830926
-0.6852902063407198
-0.66465546576197
-0.6381128107248027
-0.6092524202588389
-0.5802698489623388
-0.5524525137694563
-0.5265025494293161
-0.5027503281456901
-0.46335284620012585
-0.37764815593386925
-0.2839452271678041
-0.1924867281422762
-0.10748085587518612
-0.03163800639248743
0.0
0.0
0.1465251145555041
0.2523559622358776
0.34343909639325215
0.42879566319581264
0.5081273813505343
0.5794120716646555
0.6405453453867233
0.6841852680881598
0.6943457448407039
0.6845207114843196
0.6634433416475268
0.6366939084192121
0.6077732993213232
0.5788186695037797
0.5510795691248397
0.5252338728875455
0.5015966743750971
0.45792542008565773
0.37145742048101144
0.27787344038662465
0.18685525655132001
0.10247759392335805
0.027403127639634595
0.0
0.0
-0.15484416424872718
-0.2579036405770354
-0.3484242402951206
-0.43355055176557117
-0.5126000304579541
-0.5834813873541465
-0.6440901145761841
-0.6855521342629856
-0.6943823960315235
-0.6837789533403381
-0.662278640799498
-0.6353319029348689
-0.606354180163371
-0.5774267450445124
-0.5497629151465331
-0.5240173541065277
-0.5004905393506195
-0.45272725250719104
-0.36552761356154817
-0.27205667675358136
-0.18145934914951162
-0.09768260816067942
-0.02334345602087215
0.0
0.008454503474645686
0.16254941806983367
0.2641589403657206
0.35421362289442027
0.4389328100582374
0.517455155698918
0.5876701954265059
0.6474907023897767
0.6865427059886582
0.6939232539682223
0.6824927684856437
0.6605643401750969
0.6334407261942667
0.6044403979785066
0.575581415986753
0.5480362967548009
0.5224337317951359
0.4990579946354324
0.4473502332568702
0.35942008487248334
0.2660365892595292
0.1758335910920743
0.09263635206263958
0.0190179125173542
0.0
-0.020876632715966653
-0.1704499837628235
-0.2710313006063829
-0.3606125735752346
-0.4448133352812759
-0.5226653504898081
-0.592058188134752
-0.6509301850763702
-0.6873671686408068
-0.6931853678470967
-0.6808739538220938
-0.6585001326684161
-0.631204482120816
-0.6021990976305294
-0.5734327915892994
-0.5460334697534109
-0.5206015044251066
-0.49740357248457223
-0.44234980347984415
-0.3537526081078796
-0.26039844355354824
-0.1704989356157229
-0.0877788880336673
-0.014774605695527215
0.0
0.0328719603369336
0.1780732534392459
0.27765647992991765
0.36677586142340873
0.45047180590899155
0.5276729745291386
0.5962690681514696
0.6542231838312341
0.6881433825487028
0.6924586609442931
0.6793005473270279
0.6564993856219252
0.6290395333996098
0.6000306262767277
0.5713547844624908
0.5440969553725769
0.5188302464215038
0.4958043978800929
0.4375051712057537
0.3482637086789203
0.2549409347463956
0.16533835477222042
0.08308316349665634
0.01067596811100692
0.0
-0.04431013192004013
-0.18529887989646887
-0.28390766235173626
-0.37256988421230214
-0.4557710039053636
-0.532341099196203
-0.600170156118127
-0.6572450416290685
-0.6888005140366652
-0.6917067546571373
-0.6777578443141218
-0.6545606793163983
-0.6269522793068948
-0.5979456764509171
-0.5693601381877871
-0.5422401512794403
-0.5171331658037096
-0.4942730045449245
-0.4328551921885734
-0.34299096836127324
-0.24969420006138734
-0.1603730598304874
-0.07856118007915512
-0.006724971822931691
0.0
0.055308885915328926
0.1922435518898205
0.2899139274020238
0.3781357999714924
0.4608607238319915
0.5368239188908532
0.6039156210127479
0.6601455308916379
0.6894317259058117
0.6909857768221079
0.676277949412815
0.6527007190308411
0.6249497191424525
0.5959452805242221
0.5674463564021422
0.5404586068416896
0.5155048605398064
0.4928036653164749
0.4284041886333856
0.3379451909262975
0.24467409248025213
0.15562288353883127
0.07423569948296427
0.0029462303705108245
0.0
-0.06584042118236794
-0.1988958773724307
-0.2956690737467803
-0.3834702918946452
-0.4657400316224045
-0.5411227032053209
-0.6075087740781432
-0.6629298009524247
-0.6900408671586411
-0.6902986528243028
-0.6748631237992124
-0.6509212815664599
-0.6230332710223635
-0.5940305866343236
-0.5656143805886438
-0.5387531026861847
-0.5139459840098713
-0.4913969313851499
-0.42377412407897996
-0.3326956679817521
-0.239475240396663
-0.15073266282978592
-0.06981391710615864
0.0
0.0
0.07618144181440256
0.20555025134395863
0.301497430348099
0.3889192645550394
0.4707636708805974
0.5455876519594383
0.611282349705205
0.6659011925398429
0.690732493592659
0.6896293870142168
0.6734276522598001
0.6490995926668025
0.621063756577375
0.5920587746871813
0.5637253575433218
0.536993026676126
0.5123363096448357
0.4899437710203825
0.4187070375493396
0.3269118689647727
0.23372145903406186
0.1452977682839041
0.06487817480175755
0.0
0.0
-0.08498820718428224
-0.2114379117155706
-0.306786012234336
-0.3939529264718365
-0.47548269829704276
-0.5498605255447916
-0.6149784943221888
-0.6689089983787267
-0.6915554733643546
-0.6891413145590822
-0.6721947497289489
-0.6474843132130491
-0.6192940875906736
-0.5902744480900043
-0.5620086021697732
-0.535388981126448
-0.5108665259090842
-0.4886151069566896
-0.4138356294592439
-0.3213141224798193
-0.22812509092526118
-0.13998631794689811
-0.06003025000229638
0.0
0.0
0.09353734462122465
0.21714316148248308
0.3119043502241351
0.39881986563413685
0.48004107008734787
0.5539833940006151
0.6185398733669467
0.6718013445804704
0.6923358202847283
0.6886549590971999
0.6709893912422028
0.6459104855885505
0.6175722239683727
0.5885395976262051
0.5603401876769945
0.5338305509257703
0.5094388195568892
0.4873246588030353
0.4091907437346602
0.31597604174837257
0.22278282280795408
0.1349095479140231
0.055389638759290497
0.0
0.0
-0.10175615524341775
-0.2226374006577811
-0.3168394375313128
-0.40351719319736057
-0.4844450867742999
-0.557971509102687
-0.621990347373532
-0.6746101053065175
-0.6931085584030542
-0.6882056898529012
-0.6698456385192215
-0.6444099546301991
-0.6159273571747882
-0.5868806196880372
-0.558743751889085
-0.5323387543472293
-0.5080717822639704
-0.48608880785741787
-0.4047439352373531
-0.3108675228759863
-0.21767233632403749
-0.13005506764779
-0.05095423465183038
0.0
0.0
0.1096138903927471
0.22788967467071852
0.321556631964222
0.4080065694115554
0.48865351938909296
0.5617817956888878
0.6252861200052435
0.6772919071562953
0.693843335352448
0.6877720537772968
0.6687481510429104
0.642971604068198
0.6143513121947229
0.5852914057536386
0.5572146537465568
0.5309100053479012
0.5067625971215759
0.48195697601885673
0.39890078143070573
0.30483751914645635
0.21191581187980735
0.12479692758611502
0.046353142868779645
0.0
0.0
-0.11799857871718333
-0.23340721340528114
-0.3264612615422151
-0.4126401180830431
-0.49296724595046926
-0.5656576251160341
-0.6286067864657857
-0.6796735563364197
-0.6943638115371827
-0.6871833979488419
-0.667536878100767
-0.6414484037105251
-0.6127109361083081
-0.5836525884213255
-0.5556466695994845
-0.5294502884379513
-0.5054283895329301
-0.475771396343591
-0.39182603686036055
-0.297872913209818
-0.205428768981461
-0.11900479356330933
-0.04141969777270102
0.0
0.0
0.12741750086505177
0.23962650413081799
0.33200753939595584
0.4178965817962911
0.49787887507948236
0.5700911539202026
0.6324293521339082
0.6810559360471898
0.6942621411145329
0.6862193801863078
0.6661103809162752
0.6398126824234818
0.6110228187202885
0.5820058980522247
0.5540944313985139
0.5280194391330768
0.5041294809137169
0.46978413228206883
0.3849818764640028
0.2911381840277234
0.19915869598437597
0.11340938972396787
0.03665709626814194
0.0
0.0
-0.13664549099825726
-0.24576268508146087
-0.33751128409600084
-0.4231393519420976
-0.5028046535261104
-0.5745670588517857
-0.6363223439756323
-0.6825515864625584
-0.6942939297191875
-0.6853949171797069
-0.6648210440569827
-0.6383068709402139
-0.6094548340132384
-0.5804685048633199
-0.5526404990989325
-0.5266762824376425
-0.5029083251901096
-0.4640973241404503
-0.37849724388482264
-0.28477784546344376
-0.19325879685946984
-0.10816661964307617
-0.032218261651497784
0.0
0.0
0.14538542667894258
0.2515960865300393
0.3427563675467217
0.42814454441030175
0.507514986475049
0.5788549824103905
0.6400601584581107
0.6839984094845837
0.6943410826127017
0.6846226508613806
0.6636031869485236
0.6368807507136114
0.6079679359219753
0.5790095534843221
0.5512601171920684
0.5254006813971972
0.5017483418200454
0.4586384084334951
0.37227080856983963
0.27867136479277105
0.18759549075996712
0.10313543269225055
0.027960129748926435
0.0
0.0
-0.15375011434606864
-0.25717398232681016
-0.3477685144122996
-0.4329250658001233
-0.5120116236558974
-0.5829459881757474
-0.6436236682891912
-0.6853720985400733
-0.694377305602212
-0.68387624815414
-0.6624315773498892
-0.6355108089666115
-0.6065406190482019
-0.5776096283897941
-0.5499359190339861
-0.5241772068914108
-0.5006358915061133
-0.45340992679220843
-0.3663063295762184
-0.27282051480290187
-0.18216789136519962
-0.09831221299276084
-0.023876480157367957
0.0
0.006894367006711033
0.16155180677446662
0.263287540082478
0.35339950657045077
0.4381820786867214
0.5167873063222904
0.5871047384818756
0.647043952959498
0.6864296522939154
0.6940099022073415
0.6826923456626024
0.6608213525588704
0.6337203148771124
0.6047212421028756
0.5758510106063319
0.5482878189598137
0.5226639680959616
0.499265976552711
0.44797072989341064
0.36012358748328877
0.26673726018225613
0.17649747278678635
0.09324182516159701
0.01954787195612613
0.0
-0.01936236416418896
-0.16948263628488533
-0.27018739309593065
-0.3598251200362624
-0.4440881351061659
-0.5220211834703197
-0.5915138325084958
-0.6505013089565718
-0.6872601040209171
-0.6932708092336023
-0.6810681732171767
-0.6587495917263181
-0.6314755575553337
-0.6024712311437845
-0.5736939319906383
-0.5462770481869337
-0.5208244339895944
-0.4976049314481256
-0.44295808525702784
-0.3544412435197135
-0.26108265744060366
-0.17114546129677796
-0.08836672411128053
-0.01528723932701044
0.0
0.03143938526927281
0.17716823985043925
0.27687353237017936
0.3660502188273033
0.4498082020078339
0.5270884851574061
0.5957807293589051
0.6538450507037213
0.6880616626012669
0.6925535330117795
0.6794945012563496
0.6567429279909076
0.6293016442762774
0.6002923977644788
0.5716051888303041
0.5443300374226531
0.519043267403885
0.4959966143036919
0.43809004285942643
0.3489270923681263
0.25560116683752504
0.1659632760837062
0.08365238852188969
0.011173413190028555
0.0
-0.042926991466207015
-0.18442589961986272
-0.28315286494731223
-0.371870587568054
-0.4551316887595229
-0.5317781776629589
-0.5997000080837034
-0.6568811747122274
-0.6887217189154935
-0.6917978033898065
-0.6779441971115069
-0.654794738634889
-0.6272042127027887
-0.59819729914979
-0.569600843537781
-0.5424642108027556
-0.51733794429125
-0.4944577856921041
-0.4334145323087731
-0.3436250521649374
-0.2503250863283135
-0.16097005720178453
-0.07910483823729456
-0.007199950481205586
0.0
0.05398493054791864
0.19140719388124602
0.2891903178110641
0.37746504190370833
0.4602471626329002
0.5362833156933896
0.6034637083297645
0.6597952941315895
0.6893549754754269
0.6910720170932764
0.6764556966687872
0.6529243224830173
0.6251905621992523
0.5961859155396988
0.5676766028274923
0.5406729624829241
0.5157007901224249
0.49298047441866993
0.4289401090798202
0.33855269378967306
0.24527844879532928
0.15619468311155177
0.07475631431772643
0.0034009745108748296
0.0
-0.06457304443141088
-0.19809538575282667
-0.2949765823656611
-0.3828284493143449
-0.4651529902810053
-0.5406055436287576
-0.6070765483435379
-0.6625949303828556
-0.6899677303155017
-0.6903814889827057
-0.6750335138477573
-0.6511355331114432
-0.6232639962820142
-0.5942610882655951
-0.5658349168846742
-0.5389584096778036
-0.5141336373227384
-0.4915662684082768
-0.42435397820176074
-0.33335317232310374
-0.240125084192707
-0.15134231942287407
-0.0703634345182701
0.0
0.0
0.07518409129592388
0.20488125641092605
0.30089515967470026
0.38834508602747897
0.4702245449877194
0.5450986504564747
0.6108584383624536
0.6655551901043494
0.690636247411112
0.6896831049887205
0.673566657334525
0.6492824745248685
0.6212644595176348
0.5922613218139912
0.5639203396643331
0.5371752715965878
0.5125033402569035
0.49009478983689997
0.4192700462839345
0.3275589659067645
0.23436803713034537
0.14591096467705444
0.06543735155548995
0.0
0.0
-0.08400526134067779
-0.21078272572780535
-0.30619873254062424
-0.39339488364137504
-0.47496041784643234
-0.5493885567035467
-0.6145712715064612
-0.6685788299018776
-0.6914676914052652
-0.6891988316899522
-0.6723346674641049
-0.6476663830777415
-0.6194930059847883
-0.590474718840486
-0.5622011178110194
-0.5355687537832073
-0.5110311863628817
-0.4887639163712619
-0.4143707977330831
-0.32192930459691393
-0.22874094343992987
-0.14057175752902107
-0.0605655881249091
0.0
0.0
0.09258907998868077
0.2165091225925863
0.3113347423404912
0.3982776169111872
0.4795325941356815
0.553522840294366
0.618141295267422
0.671476759081403
0.6922461641587354
0.6887063270531247
0.6711209255625148
0.6460832249346646
0.6177616568374544
0.588730697043619
0.5605241067834913
0.534002429515481
0.5095963329983025
0.4874670624243428
0.40970276075574885
0.3165641777495626
0.2233711268546168
0.13546832683207805
0.05590012697591891
0.0
0.0
-0.10085125044617388
-0.22203245397021942
-0.3162960689763495
-0.403000032638666
-0.4839602601845487
-0.5575325205940821
-0.6216106048594978
-0.6743010691260333
-0.6930238357867059
-0.6882555811896393
-0.6699720157075277
-0.6445756074624533
-0.6161088791289319
-0.5870636642726543
-0.5589198757876216
-0.5325033219454239
-0.5082225794319091
-0.4862251290815883
-0.40523510203519303
-0.3114318658913148
-0.21823695663448556
-0.13059145645965398
-0.051444367849157
0.0
0.0
0.1087464101362122
0.2273099938665351
0.3210361035740487
0.4075112486351854
0.48818925819088244
0.5613615213850741
0.6249226675054627
0.6769962441163672
0.693762476691645
0.6878200908434304
0.6688694136320867
0.6431304564923596
0.6145253393790849
0.5854668698380915
0.5573834705130595
0.531067737232017
0.5069071255406554
0.4826139935677565
0.39965330881592354
0.3055801101885322
0.21260942939663352
0.1254182896377936
0.04688458742455022
0.0
0.0
-0.11701488086905648
-0.23276510685686613
-0.32589357408126396
-0.4121059066335536
-0.49247175059545767
-0.565214278242198
-0.6282289308457665
-0.6795465573901237
-0.6943887315100498
-0.6872959753183245
-0.6676958440887751
-0.6416276781029305
-0.6128944215681389
-0.5838307044315799
-0.5558140502347488
-0.5296042580404501
-0.5055679577225871
-0.47640749057926945
-0.3925540631295401
-0.29859062170620476
-0.2060983755276659
-0.11960382000968053
-0.041931132189698836
0.0
0.0
0.1264353059367001
0.2389747038469181
0.3314236713459168
0.41734089176413897
0.4973572019062332
0.5696175337124991
0.6320178403044483
0.680898195129819
0.6942593326889631
0.6863071721621076
0.6662473377355073
0.6399725080203245
0.6111891804577905
0.5821689787950717
0.5542486379287874
0.5281618836445825
0.5042589787737713
0.47038387330459325
0.385665548025683
0.2918086601429283
0.1997805692716251
0.11396194333473816
0.037124869915265785
0.0
0.0
-0.13572257710223756
-0.2451462992548124
-0.33695681889690116
-0.4226100689559739
-0.502306386913579
-0.5741133046280955
-0.6359266153460201
-0.6823980471343398
-0.69428837995432
-0.6854760301098041
-0.6649493071825886
-0.6384571972199709
-0.6096116312537501
-0.5806223911293171
-0.5527861195417973
-0.5268108625009025
-0.5030307155889814
-0.46467402455165324
-0.3791549791151037
-0.2854228226800276
-0.19385687010773078
-0.1086978378513691
-0.03266774902603331
0.0
0.0
0.14450258184846682
0.2510074584162404
0.34222750027991494
0.42764016348258543
0.5070406025387598
0.578423440277925
0.6396843145561739
0.6838536618441006
0.6943374710882347
0.6847016169203778
0.6637270090977465
0.6370254857411592
0.6081187087092896
0.5791574193510813
0.5513999764735749
0.5255298975035719
0.5018658290916044
0.4591907158930497
0.3729008894254441
0.27928946689826817
0.1881689038764029
0.10364501921456688
0.02839160441840731
0.0
0.0
-0.15290262231255616
-0.2566087617242524
-0.34726056459494437
-0.43244054095838713
-0.5115558217252152
-0.582531247937428
-0.6432623415442382
-0.6852326361386221
-0.6943733623731609
-0.6839516163662102
-0.6625500477331926
-0.6356493962815608
-0.6066850415924613
-0.5777512966794155
-0.5500699343252083
-0.5243010348458091
-0.5007484867297523
-0.4539387518880253
-0.3669095521959167
-0.2734122123909604
-0.18271675472540286
-0.098799928494303
-0.024289380629574003
0.0
0.005685826764092683
0.16077901964271343
0.2626125207395215
0.3527688615340532
0.43760053401450943
0.5162699651543058
0.5866667143341685
0.646697884106432
0.6863420766705868
0.6940770231901081
0.6828469456347307
0.6610204439953085
0.6339368947607528
0.60493879449798
0.576059848712607
0.5484826574955446
0.5228423177716369
0.49942708714795164
0.44845138987795463
0.36066854701068085
0.2672800261764654
0.17701174046270857
0.09371084734562113
0.01995839842349663
0.0
-0.018189354873871272
-0.16873329260277986
-0.26953367065069234
-0.35921512895903
-0.44352636782373034
-0.5215221875143573
-0.5910921542067744
-0.6501690854177005
-0.6871771677518427
-0.6933369953442364
-0.6812186228568403
-0.6589428320823091
-0.6316855427678044
-0.6026820359833739
-0.5738962211526426
-0.5464657331889828
-0.5209971236021422
-0.4977609116630693
-0.443429283173971
-0.3549746863807292
-0.26161267522168136
-0.17164628437677348
-0.08882208401878973
-0.015684344593815264
0.0
0.030329658776598323
0.1764671823109848
0.2762670317661738
0.36548810880293764
0.44929414948908425
0.5266357177272748
0.5954024437816409
0.6535521345769216
0.6879983592622341
0.692627024483268
0.6796447452610656
0.6569315850641606
0.6295046852130972
0.6004951757976508
0.571799161464997
0.5445105915388874
0.5192082814630467
0.49614551236966575
0.43854310642981004
0.34944097431262344
0.2561126074351117
0.16644736362331775
0.0840933316237874
0.01155875284664136
0.0
-0.0418555588556285
-0.18374965626965517
-0.28256817049523686
-0.37132888609263176
-0.45463645120894014
-0.5313421174779307
-0.5993358137399488
-0.6565993097190721
-0.6886606812540323
-0.6918683331636104
-0.6780885529971566
-0.6549760497854022
-0.6273993697855605
-0.5983922155548024
-0.5697873029537015
-0.5426377757353006
-0.5174965734083815
-0.49460092411736994
-0.43384781820382246
-0.34411623732835894
-0.250813794559122
-0.16143251381898516
-0.07952597629339397
-0.007567886813192495
0.0
0.05295934491156812
0.19075931950431832
0.28862978260080363
0.3769454474720989
0.45977187504794637
0.5358645441215156
0.6031136397672007
0.6595239875641487
0.6892955217065437
0.6911388220528899
0.6765933863808994
0.6530975341295386
0.6253771282918836
0.5963723204755728
0.5678549603705562
0.5408390104267493
0.5158525645480249
0.4931174374008007
0.4293552532218281
0.33902328836509305
0.24574660593578448
0.15663762057413258
0.07515960215617505
0.003753236430803733
0.0
-0.06359128670620146
-0.19747529482106996
-0.2944401524833512
-0.3823312538994835
-0.4646982459683195
-0.5402049323610779
-0.6067417300261726
-0.6623355270400297
-0.6899110757658455
-0.6904456569890459
-0.6751655043918623
-0.6513015004210543
-0.6234427247508041
-0.5944396435033437
-0.5660057525986841
-0.5391174481994857
-0.5142790006405091
-0.49169744323873843
-0.42480315502854005
-0.33386249993156925
-0.24062847765425407
-0.15181458236430162
-0.07078911138651021
0.0
0.0
0.07441150604450897
0.20436302775584828
0.3004286181429563
0.3879003057295208
0.4698069177801336
0.5447198514881026
0.6105300606822167
0.6652871635961451
0.6905616914972039
0.6897247169542082
0.6736743358977192
0.6494241416957602
0.6214199315694638
0.5924182224420763
0.5640713801541533
0.537316445371429
0.5126327284558037
0.49021177469629756
0.41970617404263183
0.3280602315560907
0.2348689008620478
0.146385969684733
0.06587051091686098
0.0
0.0
-0.08324383448707293
-0.21027519399752245
-0.30574380358226516
-0.39296260265805705
-0.47455583974893095
-0.5490229518727183
-0.6142558213844096
-0.668323068971447
-0.691399692195725
-0.689243386625019
-0.6724430530090593
-0.6478074212489522
-0.6196470956610944
-0.5906298561029121
-0.5623502476738761
-0.535708012450567
-0.5111587385489302
-0.48887918974562006
-0.41478535922552606
-0.3224058478245661
-0.2292180059826258
-0.14102526106904667
-0.06098028118807683
0.0
0.0
0.09185451850293422
0.21601797219773272
0.3108935026290051
0.39785757063572874
0.4791387095204539
0.5531660780547261
0.6178325416661117
0.6712253229341739
0.6921767131484804
0.6887461186059669
0.6712228169992844
0.6462170353356791
0.6179083986698113
0.5888787298470326
0.5606665774477231
0.5341355731420901
0.5097183488402047
0.4875773736307216
0.41009938841811533
0.3170197700398161
0.22382684931911961
0.13590117802021143
0.0562955703684485
0.0
0.0
-0.10015027711851188
-0.22156383948863073
-0.3158751552349329
-0.4025994205980224
-0.48358469525375003
-0.5571924635668846
-0.6213164420104617
-0.674061678065223
-0.6929582064583736
-0.6882942288977495
-0.6700699122360412
-0.6447039283835324
-0.6162494928693032
-0.5872054574999032
-0.5590563079908443
-0.5326308022032779
-0.5083393925959994
-0.48633072863458604
-0.4056155783308825
-0.3118690272403747
-0.21867433278671589
-0.13100696342999618
-0.051824043478731596
0.0
0.0
0.1080744272649875
0.22686095128818232
0.3206328826830127
0.4071275545110301
0.4878296239855382
0.5610359610844583
0.6246411235138598
0.6767672123929451
0.6936998405284911
0.6878573021637677
0.6689633481997818
0.6432535095616233
0.6146601473889761
0.5856027909248871
0.557514242337064
0.5311899222887273
0.5070190826961796
0.4831229441014579
0.40023624486528586
0.30615534917227744
0.21314673164353243
0.12589962008051364
0.047296264389000475
0.0
0.0
-0.11625287147355379
-0.232267706945271
-0.3254538219972163
-0.41169208632860305
-0.4920879212352203
-0.564870845059214
-0.627936229654153
-0.6794237281310883
-0.6943941472386371
-0.687376055048597
-0.6678161108608736
-0.6417662827251791
-0.6130378216976592
-0.5839707867318208
-0.5559462180778801
-0.5297261646793225
-0.5056786704682472
-0.47691597796345697
-0.39313580340202625
-0.29916368100964325
-0.20663255095036684
-0.12008119436847606
-0.04233817556674478
0.0
0.0
0.12565121911205446
0.2384542222459518
0.3309574340642062
0.41689722582006833
0.49694080544393177
0.5692396379217998
0.6316896837507157
0.6807732466242725
0.6942583888197941
0.6863786872723342
0.6663581175783313
0.6401014918603581
0.6113232921216866
0.5823003630104437
0.554372823587699
0.5282765667584076
0.5043632192550761
0.47086684807641377
0.3862164437906234
0.2923492874891781
0.20028237948807137
0.11440819922302126
0.037503059078655365
0.0
0.0
-0.13497923159847652
-0.24465030471404736
-0.33651092999276566
-0.422184626272248
-0.5019060508234827
-0.5737489105937814
-0.6356090120538229
-0.6822751186813919
-0.6942843865548195
-0.6855416651665623
-0.6650528048287134
-0.6385783907187179
-0.6097379882078152
-0.5807463723112479
-0.5529034234090394
-0.526919261851364
-0.5031292896626899
-0.4651373478655583
-0.379683401851998
-0.285941040723809
-0.19433745843477318
-0.10912476566161883
-0.03302905973484771
0.0
0.0
0.14379265022470641
0.2505340234688088
0.34180206946583663
0.42723438271942493
0.5066589092334235
0.5780761692593297
0.6393818106346316
0.6837370341896687
0.6943343712870511
0.684764949643675
0.6638264362191464
0.6371417497672048
0.6082398448892036
0.5792762323918448
0.5515123634446686
0.5256337364725452
0.5019602455646631
0.45963461635843694
0.3734072764682047
0.27978620053343695
0.188629696117124
0.10405449244276949
0.028738281662095647
0.0
0.0
-0.15222164959189172
-0.2561546064038795
-0.346852432704585
-0.4320512364614973
-0.5111896014525972
-0.5821980260438196
-0.6429720424783072
-0.6851206124241794
-0.6943702311424705
-0.6840122119452072
-0.6626452743576766
-0.6357607844339646
-0.6068011155160008
-0.5778651546058939
-0.5501776401712067
-0.5244005524273778
-0.5008389762814137
-0.4543638232377976
-0.36739443129257776
-0.27388783210050416
-0.18315794745767897
-0.09919197273714261
-0.024621289735632476
0.0
0.0047144095877562076
0.1601578708662527
0.2620699634237661
0.3522619764163978
0.43713311881458106
0.5158541587414951
0.5863146639035535
0.6464197472531262
0.6862717032181401
0.6941309861644009
0.6829712186620028
0.6611804757776902
0.6341109816334036
0.6051136618367816
0.5762277108371849
0.5486392664577007
0.5229856729045532
0.49955658555892085
0.44889394718340686
0.3611704316538111
0.26777618907066375
0.1774773612264004
0.09413068779705587
0.020320699416144866
0.0
-0.01715564056168639
-0.16807652179948876
-0.26896287537743
-0.358684050738949
-0.44303869169957255
-0.5210904943617459
-0.5907290187670765
-0.6498849525934273
-0.6871098659155154
-0.6933991943498862
-0.6813537965299635
-0.6591148555511837
-0.6318717468493923
-0.6028685768353054
-0.5740749996021056
-0.5466323505148937
-0.5211495298259933
-0.4978985159377663
-0.4438468117325646
-0.35544778874492833
-0.2620830815110723
-0.17209109802531858
-0.08922682688295153
-0.01603761679897278
0.0
0.029335905794111744
0.17583717887891537
0.2757205153732542
0.3649804442926675
0.44882877722791426
0.526224629675527
0.5950576155565743
0.6532834850426111
0.6879369723548089
0.6926892981246606
0.6797765796542685
0.6570984180023107
0.6296848390961354
0.6006754225468273
0.5719717719200333
0.5446713776853976
0.5193553020044601
0.49627822092126894
0.4389457405488301
0.34989733402757445
0.25656651818507703
0.16687673188531246
0.08448417310315058
0.011900047988876367
0.0
-0.04090399048236998
-0.18314862160362905
-0.2820482315940223
-0.3708469908503834
-0.4541957225838266
-0.5309538818318913
-0.5990113747608835
-0.6563479946174483
-0.6886059585951685
-0.6919307553247633
-0.6782167243876568
-0.6551371500798465
-0.6275728269473452
-0.598565488288211
-0.5699530750109796
-0.542792094456608
-0.5176376191160398
-0.49472820043486365
-0.4342338677104915
-0.3445539362779707
-0.25124930335338425
-0.16184463550259598
-0.07990127920551908
-0.007895777856012004
0.0
0.05204606276560064
0.19018255920351212
0.2881308870219537
0.37648307583361484
0.4593490123474658
0.5354920511068506
0.6028023567474112
0.6592828591584268
0.6892429156114082
0.6911985575138625
0.6767161805976377
0.6532519154397298
0.6255433695287499
0.5965383949501776
0.5680138516117504
0.5409869273000076
0.5159877612704828
0.49323943716169977
0.42972493627953495
0.33944236787462756
0.24616354223010706
0.15703212542258466
0.07551882238367986
0.004067037144460509
0.0
-0.06271674471611932
-0.196922903702577
-0.29396227454499735
-0.3818883160366064
-0.46429311433848836
-0.5398480140192412
-0.606443412640977
-0.6621043831935988
-0.6898605441234859
-0.6905027588906045
-0.6752830279352694
-0.6514492958654489
-0.6236018930464146
-0.5945986623634515
-0.5661578993837605
-0.5392590900965805
-0.5144084642954132
-0.4918142710175939
-0.42520315325532154
-0.33431605383757984
-0.24107673968129495
-0.15223511620959113
-0.07116815505430359
-0.0002850858787440541
0.0
0.0734840299794626
0.2037655052501956
0.29990502418251463
0.3874107643345449
0.46935565030799453
0.5443188932814814
0.6101913715460442
0.6650207278570579
0.6905009954207355
0.6897867625399718
0.6738054153359003
0.6495899441810575
0.6215989380749043
0.5925973024843815
0.564242862393516
0.537476173918327
0.5127787777616347
0.49034360388829673
0.4201625621939381
0.3285821311373989
0.23538935133346955
0.1468788861226235
0.06631949059939596
0.0
0.0
-0.08244694705455125
-0.2097430020277039
-0.30526608690816015
-0.39250812427391435
-0.47412994593524693
-0.5486374932450676
-0.613922564781514
-0.6680520668552633
-0.6913256768791599
-0.6892875695862714
-0.6725543786248769
-0.6479532082820945
-0.6198067879152067
-0.5907908554698955
-0.5625051410884516
-0.5358527312032477
-0.5112913406322833
-0.48899905800519616
-0.41522300433137166
-0.3229086354624674
-0.2297206484590387
-0.1415023120969274
-0.06141570744685808
0.0
0.0
0.09108619197569215
0.21550515177553195
0.3104333872183577
0.3974200171448338
0.4787288609405552
0.5527953471442563
0.6175122562654207
0.6709651538713183
0.6921064031690138
0.6887896862236568
0.6713310302486921
0.6463583845353686
0.6180630683652787
0.5890345794716942
0.5608164665670486
0.5342755860572083
0.5098466201676873
0.4876933149610524
0.410517038943259
0.3174997497386028
0.22430718671577504
0.13635762125048456
0.0567127753244492
0.0
0.0
-0.09941162248991081
-0.22107011374328972
-0.3154317159182338
-0.4021773753430427
-0.48318903261495877
-0.5568341974074197
-0.6210065093083704
-0.6738094275868395
-0.692888900888479
-0.6883347201920613
-0.6701727972704921
-0.6448388616007547
-0.6163973850746625
-0.5873546076869057
-0.5591998290978144
-0.5327649123602785
-0.5084622847248521
-0.48644182603750274
-0.4060153481578952
-0.3123282977576867
-0.21913379297618168
-0.13144341985353925
-0.05222283405905083
0.0
0.0
0.10736798208768644
0.22638875286740567
0.32020879128300256
0.40672394479549373
0.4874512714673451
0.5606934022492279
0.624344819925872
0.6765261053327623
0.6936337703366984
0.6878962724979646
0.6690619994668976
0.6433828053728335
0.6148018229926593
0.5857456515016173
0.5576516995534464
0.5313183591014343
0.5071367716224646
0.4836581972893419
0.400849299412414
0.3067602892838788
0.21371175399367143
0.1264057594350757
0.04772913484847578
0.0
0.0
-0.11545167011672369
-0.23174474664940126
-0.32499148722867605
-0.41125702742844805
-0.49168440493160914
-0.5645098105325201
-0.6276285428831411
-0.6791785416048417
-0.6943339520017825
-0.6874264630548532
-0.6679289604195061
-0.6419107832358978
-0.6131946410092722
-0.5841281092658607
-0.5560971220656982
-0.5298668816660002
-0.5058074343214938
-0.4775254953598213
-0.39383204675203093
-0.2998475335551392
-0.20726781429308017
-0.12064662774545003
-0.0428178781215956
0.0
0.0
0.1247162414631835
0.23783289513568628
0.3304008559088363
0.41636791729428735
0.4964445388796421
0.5687899260595353
0.6313000111236491
0.6806287513756331
0.6942632422907647
0.686470553314129
0.6664968793437043
0.6402617202263116
0.6114892205720982
0.5824625406962948
0.5545258912457837
0.5284177832735316
0.5044914894647324
0.4714620845632678
0.3868969003967697
0.2930187233950321
0.20090545083780337
0.11496403286554385
0.0379759505568959
0.0
0.0
-0.13406255311652499
-0.24404076545623127
-0.33596424078518305
-0.42166389677896277
-0.5014168518762111
-0.5733044461552663
-0.635222499570862
-0.6821268854013001
-0.6942816329491539
-0.6856239891779365
-0.665181301677287
-0.6387283699720101
-0.609894114070656
-0.5808994264239171
-0.5530481533108011
-0.5270529552714807
-0.5032508335249343
-0.4657033644474071
-0.38032892705360927
-0.2865743055949951
-0.19492499580229905
-0.10964698232717116
-0.033471324739446556
0.0
0.0
0.1429223922403202
0.24995323712600756
0.3412798907096595
0.4267361071085169
0.5061900039965019
0.5776493296207947
0.6390097469841894
0.683593017225316
0.6943296783111871
0.6848418221107252
0.6639476630129312
0.637283707144601
0.6083878520793266
0.579421457699155
0.5516497678526375
0.5257607108872255
0.5020757112882366
0.46017770421505616
0.37402671528585246
0.2803937108354956
0.18919312457859538
0.10455504208654888
0.029161931024773186
0.0
0.0
-0.1513893102237989
-0.2555995382788729
-0.3463536432749555
-0.4315754826302236
-0.5107420855993714
-0.5817908649147369
-0.6426173646348805
-0.6849838550362142
-0.6943665742823811
-0.6840864418194277
-0.662761822943434
-0.6358970744076006
-0.6069431194212828
-0.5780044366139652
-0.5503093898922958
-0.5245222819714364
-0.5009496602482064
-0.454884075858713
-0.3679879146727708
-0.2744700032013381
-0.18369799792460056
-0.09967188027237986
-0.025027603323813402
0.0
0.003525526230288595
0.15939772688774598
0.2614060336136485
0.3516417246663237
0.43656118819594314
0.5153454012915897
0.5858839417833263
0.646079487549233
0.6861856636735977
0.6941970822134865
0.6831233417996728
0.6613763481478862
0.6343240463342663
0.6053276760981836
0.5764331483667889
0.5488309298413381
0.5231611145492443
0.4997150681978938
0.44949876971882397
0.36185645593925236
0.2684507582615915
0.1781059646739958
0.09469267841165263
0.02080043933115551
0.0
-0.015788350680185886
-0.16721148525778198
-0.26821330663087395
-0.35798822076334746
-0.44240119430508484
-0.5205277254920555
-0.5902573611133025
-0.6495179648930154
-0.6870267586517285
-0.6934854191710099
-0.6815352323629739
-0.6593441533529272
-0.6321192126680018
-0.6031160942341706
-0.5743119863814885
-0.5468530759765787
-0.521351341058444
-0.49808067064775974
-0.44440140714483567
-0.3560766270730585
-0.2627086824318663
-0.17268298527000298
-0.08976570578070256
-0.016508278778819954
0.0
0.02800529683606784
0.1749913870885966
0.2749853102176214
0.36429635204431243
0.44820056278284576
0.5256684982551945
0.5945897618565054
0.6529173610117682
0.68785003126357
0.69276910935671
0.6799503689638842
0.6573196754986814
0.629924377693726
0.600915416994033
0.5722017928203336
0.5448857598092255
0.5195514041122113
0.4964552804763675
0.4394817539671211
0.35050454213559795
0.2571701820120686
0.16744748507705703
0.08500344902113406
0.012353230208547242
0.0
-0.03963781686838297
-0.18234842245370095
-0.28135572517751856
-0.3702049641889504
-0.45360837212394106
-0.5304363144222617
-0.5985786665665956
-0.6560125914336636
-0.6885326223098218
-0.6920135951229458
-0.6783872365205645
-0.6553515876718964
-0.6278037676702733
-0.5987962133687271
-0.5701738298862251
-0.5429976078572983
-0.5178254629238271
-0.4948977105312632
-0.43474881017521116
-0.3451378360099657
-0.2518302988044856
-0.1623944381738373
-0.0804019654989997
-0.00833321236070017
0.0
0.05082835768108723
0.18941372134742446
0.2874659590297273
0.3758669134326095
0.45878558286118787
0.534995823822438
0.6023877729949453
0.6589618319809469
0.6891731164660049
0.6912784536360624
0.6768800898549042
0.6534578949062317
0.6257651295402079
0.596759909039401
0.5682257708145821
0.541184201203199
0.5161680652988148
0.49340213781123826
0.430217842623269
0.34000115400840286
0.24671949844760016
0.15755820018914105
0.07599787483587919
0.0044855497741038974
0.0
-0.06155040153673941
-0.19618618146074993
-0.29332491607841377
-0.381297545983353
-0.4637527560030551
-0.5393719477809842
-0.6060454932725214
-0.6617960450013753
-0.689793086816696
-0.690578854199331
-0.675439711238285
-0.6516463574028674
-0.6238141275137944
-0.594810702484654
-0.566360778961624
-0.5394479637218118
-0.5145810998362975
-0.4919700577341419
-0.4257364890054658
-0.3349207882357769
-0.24167441062856976
-0.152795809805628
-0.07167352321670728
-0.0007209803071216436
0.0
0.07220052587523723
0.20294217674608203
0.2991857237693529
0.3867397367787804
0.4687384113056432
0.5437718112885304
0.6097307138096828
0.6646600308761245
0.6904211738791355
0.6898743779740508
0.6739870757052551
0.6498187759501876
0.6218455544526867
0.5928437827748316
0.5644787467165714
0.5376958057986403
0.5129795472551599
0.4905247915828806
0.42078442255946574
0.3292928147237156
0.23609788917526608
0.14754982776353762
0.06693054051832205
0.0
0.0
-0.0813611328906585
-0.20901768669944437
-0.3046149036542369
-0.39188852884766057
-0.4735492320876201
-0.5481118172504502
-0.6134679702946418
-0.6676822631027419
-0.6912243587963554
-0.6893473700394478
-0.6727057208170639
-0.648151553582997
-0.6200241202987608
-0.591010003461353
-0.5627159990806225
-0.5360497512281693
-0.5114718730966014
-0.4891622590156441
-0.41581995635520524
-0.32359439512115956
-0.23040609640475146
-0.14215273482138496
-0.06200924637492547
0.0
0.0
0.09003936144879393
0.2148065943378808
0.3098067225385673
0.39682415819225536
0.4781708060094509
0.5522906372784008
0.6170763156423742
0.6706111478511554
0.6920109946082152
0.6888493693443876
0.6714787404316183
0.6465512002214787
0.6182739988626408
0.5892470893176067
0.5610208316657556
0.5344664750460024
0.5100214945114371
0.48785137544676294
0.4110865415621603
0.3181542829137477
0.22496224394920517
0.13698012789220546
0.05728180225404475
0.0
0.0
-0.09840431553404902
-0.2203968303776926
-0.31482701183008177
-0.4016018465262864
-0.48264948003399477
-0.5563456392115727
-0.6205838590694241
-0.6734654332809976
-0.6927943636830812
-0.6883898995207532
-0.6703130567370682
-0.645022823463948
-0.6165990200979841
-0.5875579607414136
-0.5593955090855429
-0.5329477622641979
-0.5086298402639268
-0.48659330063117423
-0.40656032535958786
-0.3129543782013804
-0.2197601260019811
-0.13203838924835765
-0.052766453416418946
0.0
0.0
0.10640487292016892
0.22574497548904976
0.31963058839507497
0.4061736572793404
0.48693541149542025
0.5602263358737619
0.6239408111118866
0.6761973454717607
0.6935436591301121
0.6879493768503712
0.6691964759200533
0.6435590654708254
0.6149949643083878
0.5859404107523662
0.5578390939502154
0.5314934569292169
0.5072972174133071
0.4843879508617814
0.4016851245489431
0.3075850481397281
0.21448208640141314
0.12709580888068267
0.04831928834962036
0.0
0.0
-0.11435935923358187
-0.2310317769457007
-0.32436117291592764
-0.41066390114555607
-0.49113428348445826
-0.5640176075553437
-0.6272090721762923
-0.6788442808629337
-0.6942518957495848
-0.6874951952914067
-0.6680828205580639
-0.642107793369981
-0.6134084449750214
-0.5843425985267642
-0.5563028599971733
-0.5300587306693463
-0.5059829866333364
-0.47835649337060016
-0.39478128566779663
-0.30077988054854704
-0.20813391738696424
-0.12141752770136618
-0.04347189594439871
0.0
0.0
0.1234415160026468
0.23698579367024425
0.3296420317940498
0.41564627201982496
0.49576794222926746
0.5681768009122975
0.6307687419076684
0.6804317500035301
0.6942698587313626
0.6865958002558786
0.6666860626286119
0.6404801705154674
0.6117154422460643
0.5826836487342342
0.5547345789773314
0.5286103135362672
0.5046663691411384
0.4722736077602343
0.3878246092411508
0.2939314068930185
0.20175492255159339
0.115721835157163
0.03862067258833567
0.0
0.0
-0.13281278578541056
-0.2432097402906892
-0.33521890281784156
-0.4209539511147286
-0.5007498936446407
-0.5726984772247835
-0.6346955401958563
-0.6819247880264998
-0.6942778778037982
-0.6857362261141118
-0.6653564892131328
-0.6389328459898674
-0.6101069702519129
-0.5811080947568656
-0.5532454727581317
-0.5272352280065242
-0.5034165420099738
-0.46647505192766836
-0.3812090138019162
-0.28743767694086675
-0.19572602375376633
-0.11035895420294356
-0.03407429320833395
0.0
0.0
0.14173591356765372
0.2491614138895054
0.3405679710399706
0.4260567761940375
0.5055507156539315
0.577067392058256
0.6385024890845123
0.683396669992079
0.6943232803891026
0.6849466275643628
0.6641129395386351
0.6374772469779618
0.6085896399848022
0.5796194528614454
0.5518371002593166
0.525933823395276
0.5022331332418112
0.4609181314270568
0.3748712367966387
0.28122196945735234
0.18996128357501657
0.10523747430270187
0.029739520075445225
0.0
0.0
-0.15025452740138096
-0.2548427775419319
-0.3456736109830777
-0.43092685628574234
-0.5101319579450792
-0.5812357555027783
-0.6421338091262553
-0.6847974047399105
-0.6943615886427157
-0.6841876442598647
-0.6629207212518587
-0.6360828874417707
-0.607136722632497
-0.5781943288848947
-0.5504890129038728
-0.5246882438203907
-0.5011005629393006
-0.45559337016149715
-0.36879704923566564
-0.2752637149947143
-0.18443428391238353
-0.10032616948228408
-0.025581557110571307
0.0
0.0019046439989033603
0.15836137299526523
0.26050085476119206
0.3507960949536896
0.4357814378269674
0.514651779019092
0.5852967101624283
0.6456155892395108
0.6860683603085609
0.6942871952397209
0.683330741175957
0.6616433937125447
0.6346145313288433
0.6056194556933977
0.5767132347460459
0.5490922370302944
0.5234003055843364
0.49993113791496513
0.45032336374665644
0.3627917576098515
0.26937044245150144
0.17896298076380823
0.0954588768771017
0.021454500048777414
0.0
-0.01392423520433586
-0.16603212452272595
-0.26719137067425447
-0.35703955037985
-0.4415320525355253
-0.519760465995671
-0.5896143194812136
-0.6490176266360788
-0.686913453108122
-0.6936029751018489
-0.6817825956751731
-0.6596567700078536
-0.6324565989644707
-0.6034535508526511
-0.5746350859189686
-0.5471540053984887
-0.5216264834775262
-0.4983290140473096
-0.4451575232561436
-0.3569339633968609
-0.263561604987971
-0.17348994377253113
-0.09050039454582409
-0.01714996296923267
0.0
0.026191190820345656
0.17383826395308916
0.2739829570573878
0.3633636844459362
0.44734407703989143
0.5249102880034006
0.5939519063809375
0.6524182002321363
0.6877314988014619
0.6928779212170858
0.6801873072692144
0.657621330280171
0.6302509562932823
0.6012426170830927
0.57251539532213
0.5451780409466502
0.5198187629109796
0.49669667732061284
0.44021253603127075
0.35133238856500376
0.2579931962918784
0.16822563014067565
0.08571141175895805
0.012971083095383931
0.0
-0.037911559769753606
-0.1812574587435349
-0.28041158599686766
-0.3693296473516833
-0.45280759891937783
-0.5297306810029239
-0.5979887272520215
-0.655555314388459
-0.6884326381661146
-0.6921265360238444
-0.6786197068357414
-0.6556439444315643
-0.6281186242251113
-0.5991107759242714
-0.5704747994104787
-0.54327779768491
-0.5180815626426217
-0.49512881470517356
-0.43545086483452233
-0.34593390461078166
-0.252622407809589
-0.16314402002692086
-0.0810845837896394
-0.008929595360791867
0.0
0.04916818089181535
0.18836551453650233
0.28655941931571993
0.3750268590308019
0.4580174226825543
0.5343192847901581
0.6018225439165187
0.6585241546851935
0.6890779547373806
0.6913873812323964
0.6771035580395699
0.6537387201519376
0.626067469432411
0.5970619136497578
0.5685146940902988
0.5414531575863886
0.5164138855444191
0.4936239582220138
0.43088985400108143
0.3407629836023018
0.247477469832021
0.15827543224192203
0.0766509982995685
0.005056135347826729
0.0
-0.05996024978278419
-0.1951817599614043
-0.2924559636968139
-0.3804921106252942
-0.46301605022899517
-0.538722895617716
-0.6055029838355106
-0.6613756674266023
-0.6897011178691616
-0.690682599898532
-0.6756533278080136
-0.6519150242540089
-0.6241034806102992
-0.5950997906163332
-0.5666373779268935
-0.5397054674580466
-0.5148164651326967
-0.4921824519290307
-0.42646362043074765
-0.3357452620962985
-0.2424892544255996
-0.1535602399671561
-0.0723625246048967
-0.001315263620951579
0.0
0.07045064098857484
0.20181967927888797
0.29820505458578894
0.3858248811312306
0.46789688910235505
0.5430259387135011
0.6091026690623524
0.6641682691485408
0.6903123479635376
0.6899938298117181
0.6742347451390889
0.6501307572310056
0.6221817826508288
0.5931798254362368
0.5648003432043024
0.5379952442708025
0.5132532694047509
0.4907718165883741
0.4216322453686529
0.33026173602501374
0.2370638850430593
0.14846456627772603
0.06776362474032632
0.0
0.0
-0.07988077159782297
-0.20802881698972797
-0.3037271030381603
-0.39104379397797273
-0.47275750701087726
-0.5473951288696228
-0.6128481919709884
-0.6671780855193425
-0.6910862252436448
-0.6894288998989085
-0.6729120555018958
-0.6484219706726261
-0.6203204237169673
-0.5913087822162719
-0.5630034755386382
-0.5363183614825848
-0.511718004783926
-0.48938476160112854
-0.41663381999703686
-0.32452933600579026
-0.23134061231074063
-0.14303949855804038
-0.06281845672061706
0.0
0.0
0.08861214909170981
0.21385420540621503
0.30895234969428875
0.3960117848057844
0.4774099733119541
0.551602533388821
0.6164819693483198
0.6701285083469809
0.6918809178924109
0.688930739236866
0.6716801233612548
0.6468140784264843
0.618561574171715
0.5895368178556032
0.5612994559384882
0.5347267264588509
0.5102599121138318
0.4880668696194838
0.4118629816393263
0.319046650696002
0.2258553262143117
0.13782883181189298
0.05805759379294395
0.0
0.0
-0.09703098824005202
-0.21947889923744954
-0.3140025792931886
-0.40081719054040804
-0.4819138727976176
-0.55567955594752
-0.620007632423135
-0.6729964434001634
-0.692665474942945
-0.6884651290996971
-0.6705042816189867
-0.6452736306745083
-0.6168739222808205
-0.5878352052282586
-0.5596622923798235
-0.5331970534681315
-0.5088582796623964
-0.48679981582758486
-0.4073033283353287
-0.31380795451846805
-0.22061404668073303
-0.1328495498426937
-0.053507605154400006
0.0
0.0
0.10509180335467869
0.2248672717863128
0.31884228667350273
0.40542341440542773
0.48623210593875643
0.5595895538106562
0.6233899995364958
0.6757491257035401
0.6934208046429279
0.6880217774787655
0.6693798164424671
0.6437993723623905
0.615258286465497
0.5862059387458499
0.5580945809577531
0.5317321792219738
0.5075159636281411
0.4853828715193728
0.40282465949042645
0.3087094956987484
0.21553233083271106
0.12803659831169395
0.04912388312190166
0.0
0.0
-0.11287014053950042
-0.23005973883141334
-0.323501824288921
-0.4098552533859609
-0.4903842670232507
-0.5633465551231043
-0.626637180393559
-0.6783885613848714
-0.694140023107258
-0.6875889024338888
-0.6682925881234619
-0.6423763901395716
-0.6136999378710246
-0.5846350257303627
-0.5565833559423874
-0.530320290932668
-0.5062223285538646
-0.47948944717660397
-0.3960754450141179
-0.3020510100350155
-0.2093147322431732
-0.12246854590811851
-0.04436356111318131
0.0
0.0
0.1217035996136866
0.23583088497383803
0.32860747736938883
0.4146624059338864
0.49484549387171506
0.5673408873961272
0.6300444279232165
0.6801631651797182
0.6942788793565139
0.6867665575832179
0.6669439885440626
0.6407779980473157
0.6120238650138635
0.5829850997484026
0.5550190965774416
0.5288728026049628
0.5049047940138902
0.4733800102819466
0.3890894152364382
0.2951757278532473
0.20291306276221677
0.11675499646363083
0.0394996641982554
0.0
0.0
-0.13110889644266882
-0.2420767494628247
-0.334202734937888
-0.41998603587074823
-0.4998405859722973
-0.5718723202458188
-0.6339771020987993
-0.6816492554897265
-0.6942727581691329
-0.6858892460520233
-0.6655953338107449
-0.6392116214859133
-0.6103971709714794
-0.5813925859096002
-0.5535144912346531
-0.5274837323184722
-0.5036424631991677
-0.46752714381774174
-0.3824088934865537
-0.2886147674267793
-0.19681811742253408
-0.1113296319133124
-0.03489635946224222
0.0
0.0
0.1401183097822009
0.24808186960920503
0.33959736450556166
0.4251306000358369
0.5046791321465653
0.5762739986111202
0.6378109112941802
0.6831289769984632
0.6943145576844967
0.6850895156772683
0.6643382718094836
0.6377411124601592
0.6088647506018536
0.5798893925842575
0.5520925027517198
0.526169838972111
0.5024477568620094
0.46192760415385503
0.37602262807253434
0.28235118847570906
0.1910085648528573
0.10616787866781664
0.03052698491263764
0.0
0.0
-0.14870740394143214
-0.25381103625491186
-0.3447464785913086
-0.4300425416711191
-0.5093001311066122
-0.5804789386237134
-0.641474546352091
-0.684543204886135
-0.694354791394875
-0.6843256201497978
-0.663137357682948
-0.636336218474502
-0.6074006745218573
-0.5784532214072471
-0.5507339046749388
-0.5249145104371399
-0.5013062984236142
-0.4565603973619149
-0.36990019517670336
-0.27634583406781904
-0.1854381106380148
-0.10121820465080832
-0.026336798450402543
0.0
0.0
0.1569386773814141
0.25930054525815327
0.3496796060333276
0.43474802499681575
0.5137265171730308
0.5845063927276949
0.6449831116630695
0.6858968025039284
0.6943921343814891
0.6835926771310409
0.6619858398725215
0.6349893844123186
0.6059972406886345
0.5770766131512879
0.5494316978416891
0.5237113148596381
0.5002122617641089
0.45142022150105404
0.3640367002210143
0.270594246819792
0.18010278629728493
0.09647717633280695
0.02232293503345452
0.0
-0.011441481458895675
-0.16445939791059017
-0.26582727691060265
-0.35577228252335363
-0.44037011273297516
-0.5187337737479893
-0.5887527755556075
-0.6483460090321559
-0.6867591390282304
-0.6937573503474002
-0.6821106588096395
-0.6600722695090426
-0.6329054333251083
-0.6039027025051527
-0.5750652590660787
-0.5475547410441735
-0.5219929295681627
-0.49865980000459753
-0.44616225854110064
-0.3580731903290322
-0.26469511536307744
-0.17456255138805965
-0.09147713809258044
-0.018003272977819867
0.0
0.02377579455928741
0.17230203243743267
0.27264701655462986
0.36212020551462554
0.4462017798295671
0.5238986524794249
0.5931003953612405
0.6517512998506904
0.6875721544126306
0.6930217882218649
0.6805021114023249
0.6580225300532142
0.6306854932630631
0.6016780827317242
0.5729328234515353
0.5455671248979729
0.5201746929470455
0.49701805912196345
0.44118521405567585
0.35243417756523715
0.25908847863301204
0.16926112718280156
0.08665344437431938
0.013793141501599479
0.0
-0.03561470351451784
-0.17980595163990257
-0.279155476176422
-0.3681651442618702
-0.4517423123241342
-0.5287920118795708
-0.597204019967099
-0.6549471408611999
-0.6882998400197827
-0.6922770231542178
-0.6789292117834812
-0.6560331102402092
-0.6285377075686894
-0.5995294502189245
-0.5708753713839876
-0.543650706832001
-0.5184224059088088
-0.4954363888508888
-0.43638540086719957
-0.346993622468997
-0.2536768824387934
-0.16414190698334313
-0.08199334945700268
-0.009723580916107963
0.0
0.04695823311544986
0.1869702501645478
0.2853527646732756
0.3739087270903064
0.45699500872671045
0.5334188440473698
0.6010702807885141
0.6579416850284264
0.6889513714092558
0.6915324364088651
0.6774010610818586
0.6541125592847276
0.626469938372388
0.5974639303890265
0.5688992940301448
0.5418111765179385
0.5167411056927114
0.4939192304878896
0.431784303706933
0.3417769788273816
0.24848633236577947
0.15923007432651098
0.077520315509681
0.005815598044011869
0.0
-0.05784367419932113
-0.19384480716852895
-0.291299319402905
-0.37942000472205484
-0.46203542191815017
-0.537858934720485
-0.6047808337882101
-0.6608160793034974
-0.6895786690830876
-0.6908206649668232
-0.6759376421910069
-0.6522726174897806
-0.6244886113847006
-0.5954845710669199
-0.5670055364891474
-0.540048210738858
-0.5151297421758311
-0.4924651542021879
-0.4273781384044145
-0.3367820920936159
-0.24351701790388242
-0.15452814070929013
-0.073238952757358
-0.0020755968472489367
0.0
0.06826688617369014
0.20042846418773755
0.29699488795547746
0.3846991360903419
0.4668639557252271
0.5421128346887292
0.6083362948824961
0.6635709297465925
0.690180891815584
0.6901400582797435
0.6745369023415435
0.6505110847737289
0.6225915343637793
0.5935892781248475
0.565192151281318
0.5383600307500271
0.5135867110477521
0.49107272600358604
0.4226639602722609
0.3314368383989811
0.23823107736575505
0.14956544049344092
0.06876183466495882
0.0
0.0
-0.07809092628712236
-0.2068310803059559
-0.30265051190402437
-0.39001856209202135
-0.4717958581461867
-0.5465238732188373
-0.6120939521378461
-0.6665636339237003
-0.6909167623844901
-0.6895265408771863
-0.6731615191061611
-0.6487494549100193
-0.6206794993433118
-0.5916709866537067
-0.5633520531457524
-0.5366441083762218
-0.5120165200067638
-0.4896546368787117
-0.41762912519643036
-0.32567296493949927
-0.23248354836823856
-0.1441237687936136
-0.06380759899387363
0.0
0.0
0.0868701131153845
0.21269230269068604
0.3079103927324466
0.39502133132596784
0.47648263403327606
0.5507641368327624
0.6157581456482595
0.6695411247744161
0.6917235369364128
0.6890311947297318
0.6719268692392283
0.6471357300652338
0.6189132469715044
0.5898910183073156
0.5616400199863172
0.5350447961141046
0.510551274071864
0.48833020283879586
0.41281101924891217
0.32013632119960383
0.22694600613152638
0.1388654604495212
0.05900531460995774
0.0
0.0
-0.09535285139971372
-0.21835706513577047
-0.31299489703699424
-0.39985803177155177
-0.48101457632573624
-0.5548651503639662
-0.6193029738927461
-0.6724227820481877
-0.6925074720555678
-0.6885566122121737
-0.6707375612759121
-0.6455797662480298
-0.6172095439251639
-0.5881737268811366
-0.5599880640471627
-0.5335014795527764
-0.5091372510804697
-0.4870520189398759
-0.4082104579107033
-0.3148500217905882
-0.22165648111790598
-0.1338397337690526
-0.05441227992007565
0.0
0.0
0.10348864715392223
0.22379560563672032
0.31787974765838867
0.40450732661859146
0.4853733149652462
0.5588119776694318
0.6227173861002151
0.6752017727197743
0.6932707646888708
0.6881101700387647
0.6696036821747822
0.644092802822759
0.6155798230274064
0.5865301703777511
0.5584065526275684
0.5320236802826853
0.5077830724745458
0.4858278130890116
0.4038035683517992
0.3097870559429517
0.21659133849389395
0.12902812063426805
0.05001584665427994
0.0
0.0
-0.11127473089046211
-0.2289995066785544
-0.3225532132966488
-0.4089548893274283
-0.4895423739684628
-0.5625864348465109
-0.6259819705735926
-0.6778579709319226
-0.6939981438761491
-0.6876800840701951
-0.6685159868898563
-0.6426674720292379
-0.6140181272107226
-0.5849554697423855
-0.5568914444052016
-0.5306080186469975
-0.506485889208601
-0.48069907839324677
-0.39746002476812237
-0.30341578618061454
-0.2105878415256333
-0.12360729444736454
-0.04533566191214848
0.0
0.0
0.1198819244380423
0.23463656307010547
0.3275481316129281
0.4136628964174591
0.49391590011036723
0.5665064380298318
0.629330212633131
0.6799167030729274
0.6943161008253236
0.6869678621441757
0.667232528636234
0.6411051726457833
0.6123596427144733
0.5833115751454374
0.5553262098122485
0.5291555048390102
0.505161178261508
0.47455355759304846
0.390432188980201
0.2964988192952093
0.20414676899840972
0.11785792321335481
0.04044052736671838
0.0
0.0
-0.1292979691640868
-0.2408744130085836
-0.3331253881311073
-0.4189604821063624
-0.498877648169833
-0.5709979268628708
-0.6332172150383878
-0.6813579400439437
-0.6942675180053133
-0.686051297433193
-0.6658481692619254
-0.6395066871880628
-0.6107043096702364
-0.5816936706538957
-0.5537991941871198
-0.5277467209785389
-0.5038815498629767
-0.4686358938325107
-0.38367294820248593
-0.2898545192023996
-0.19796808404984362
-0.11235149427022682
-0.03576151689817586
0.0
0.0
0.13841246237731503
0.24694279095977706
0.33857283939526295
0.4241526944558775
0.5037586134206333
0.5754357972348666
0.6370799890438725
0.6828455462775096
0.6943045550607798
0.6852396218409497
0.664575476975355
0.6380190626895659
0.609154636738577
0.5801738808156868
0.5523617004419163
0.5264186212181127
0.5026740017794384
0.46299319825606
0.3772379722097744
0.283542999734551
0.1921137514576403
0.10714957203478201
0.031357692393801165
0.0
0.0
-0.1470756835449395
-0.2527230486827873
-0.3437689141435912
-0.4291102105119774
-0.5084232216228183
-0.5796811944770944
-0.6407797330803342
-0.6842755371116025
-0.6943479970824348
-0.6844714658298836
-0.6633661223696521
-0.6366036472344383
-0.6076792728068041
-0.5787264558346421
-0.5509923486072881
-0.525153289779269
-0.501523405726457
-0.4575809842475913
-0.3710644827738432
-0.27748797299827327
-0.1864976585882584
-0.10215980018158559
-0.027134046843260137
0.0
0.0
0.15537268626389814
0.25825612946295856
0.34874101335806357
0.4338527162916796
0.512884282493181
0.5837400320570025
0.6443154489857132
0.6856391072753295
0.6943848551393846
0.6837319514060457
0.6622047590324512
0.6352454756342208
0.6062641138359275
0.5773383963553913
0.5496793391022614
0.5239401311980704
0.5004203215175719
0.4523974609325632
0.3651514254065116
0.2716876759647671
0.18111706110360154
0.09737845380019926
0.023085958612951096
0.0
-0.009208186350203235
-0.16303135189068227
-0.26457990318109875
-0.3546069125238326
-0.4392954791875279
-0.5177777855460148
-0.5879433607385498
-0.647706521550784
-0.6865973208281742
-0.6938813952508346
-0.6823963551829659
-0.6604401806288575
-0.6333056603157602
-0.6043047256127723
-0.5754511781200824
-0.5479147894512281
-0.5223225074520313
-0.4989575211132138
-0.4470504788907133
-0.3590802313320903
-0.2656981036756841
-0.17551287793883652
-0.09234385539298755
-0.018761895579193874
0.0
0.021608157470393352
0.17091729757796317
0.27143898206767214
0.3609929828053401
0.44516367066481966
0.522976539737987
0.5923211597095656
0.6511373699031636
0.6874188902465191
0.6931440921431872
0.6807801287860653
0.6583796220239674
0.6310735288685462
0.6020676332340557
0.5733066378321935
0.5459157999699991
0.5204938098597575
0.4973062984146934
0.44205594992302005
0.3534199366838992
0.2600679081160354
0.17018660689549192
0.08749491155128268
0.014526958605046797
0.0
-0.03356402004443507
-0.17851045456505577
-0.27803471242928607
-0.3671264105853901
-0.4507923849256109
-0.5279553342714524
-0.5965049787100638
-0.6544058553643255
-0.6881828604606599
-0.6924128293905977
-0.6792068505250158
-0.6563817332451154
-0.6289129108018618
-0.5999041676341225
-0.57123381713844
-0.5439843562510547
-0.5187273385594433
-0.4957115404490061
-0.43722262676777884
-0.3479432360243344
-0.2546219845918906
-0.1650364628304138
-0.08280817775970109
-0.010435658400792969
0.0
0.044978310416606965
0.1857206061516925
0.2842722958829089
0.3729077059933882
0.45607984934597795
0.532613039801892
0.600397278963383
0.6574208213462083
0.6888385790057693
0.6916627701080401
0.6776678195204898
0.6544476080778195
0.6268305733173131
0.5978241205556387
0.5692438563324469
0.5421319108225852
0.5170342397830623
0.49418373899857027
0.4325849817063964
0.3426846501051204
0.24938942649751317
0.1600846575851602
0.07829854536669002
0.0064955153511638
0.0
-0.055948472846962194
-0.19264758639304938
-0.2902634944980283
-0.3784598351307295
-0.4611571278704605
-0.5370850777947839
-0.6041339345943908
-0.6603147260563771
-0.6894688031128946
-0.690944115181084
-0.6761920818478471
-0.6525926988890619
-0.6248333707551981
-0.5958290326394664
-0.5673351271205953
-0.5403550542070958
-0.515410209312776
-0.49271825096381483
-0.42814529190007555
-0.33765171358691987
-0.24438213520108681
-0.15534665403156794
-0.07398419670858775
-0.0027265489381870095
0.0
0.06645267569063176
0.19928258527155404
0.29600360802510645
0.3837803583441302
0.46602362425015975
0.5413725367902664
0.6077175771424818
0.6630915729040875
0.6900761986878461
0.690258635668213
0.6747808104095703
0.6508177792143812
0.6229218104165772
0.5939192340608856
0.5655078421492307
0.5386539213411237
0.5138553309453012
0.4913151267004747
0.42349400350241423
0.33237803551540307
0.23916130864834276
0.15043814503797748
0.06954845183226843
0.0
0.0
-0.0766632499027827
-0.2058734347809718
-0.3017883800938823
-0.3891966433212074
-0.471024116138487
-0.5458238827247452
-0.6114871361936784
-0.6660683421684463
-0.6907789889681564
-0.6896034365032123
-0.6733605005728812
-0.6490112446317916
-0.6209667993912388
-0.5919609265967297
-0.5636311640166093
-0.5369049863384436
-0.512255619157288
-0.4898708156394488
-0.4184350547709525
-0.3265992641804025
-0.23340910489824152
-0.14500154044958308
-0.06460804320880485
0.0
0.0
0.08546305655746517
0.2117544242242085
0.3070697200246172
0.3942225102831145
0.47573500573041755
0.5500885280416743
0.6151752187889516
0.6690684988165551
0.6915978797771847
0.6891135287210325
0.6721271571454756
0.6473963574404767
0.6191979924952971
0.5901776996875129
0.5619156001677664
0.535302135107743
0.510786980414759
0.48854321890969343
0.4135770960690309
0.3210169353593591
0.2278275799440544
0.13970349908984975
0.05977163456119612
0.0
0.0
-0.09399543992376236
-0.2174494580863755
-0.3121795209792255
-0.3990818195057164
-0.48028670873689966
-0.5542058819864608
-0.6187324216783658
-0.6719581479515623
-0.6923791320860824
-0.688630143851636
-0.6709258485850494
-0.6458270372764008
-0.6174807112150236
-0.5884472797833382
-0.5602513385564782
-0.5337475184349156
-0.5093627266973667
-0.4872558653168838
-0.4089433944340312
-0.31569192027869386
-0.22249862015771144
-0.13463960850057977
-0.05514302800647519
0.0
0.0
0.10219330393352169
0.2229296431704604
0.31710193238405004
0.4037670272802564
0.48467930070322246
0.5581835792024942
0.6221737964415621
0.6747593969900415
0.6931494868856585
0.688181587944244
0.6697845872101703
0.6443299297271706
0.6158396660887394
0.5867921930374428
0.5586586685392213
0.5322592537079198
0.5079989339549018
0.48602295270373025
0.40450665842779954
0.31059489551042685
0.21739957500065576
0.1297959446240907
0.05071745716279173
0.0
0.0
-0.11003295973831317
-0.2281697115397724
-0.3218080930087993
-0.40824585295903937
-0.4888777984254584
-0.5619848251821634
-0.625461699563983
-0.6774347384370571
-0.6938823972048472
-0.6877488476444965
-0.6686895705350865
-0.6428948643603606
-0.614267241741612
-0.5852066411512873
-0.5571331003840828
-0.5308338069596478
-0.5066927771694995
-0.4816395786910243
-0.39853724444214045
-0.3044787822866625
-0.21158073354505252
-0.12449675500338094
-0.04609640835408435
0.0
0.0
0.11847379139576988
0.23371740740761252
0.326735504572339
0.41289818925187954
0.4932066138365336
0.5658718006938013
0.6287893240012108
0.6797349080098614
0.694351772995826
0.687129013166474
0.6674600835310296
0.6413617983932727
0.6126222964747098
0.5835665427046814
0.5555658100142519
0.5293759075624328
0.5053609658079067
0.4754641068167697
0.3914743360663555
0.29752619680867237
0.20510529005792538
0.1187154110429616
0.04117262991547614
0.0
0.0
-0.12789198750303488
-0.23994138106229163
-0.33228959907657174
-0.4181650290129686
-0.49813088915788595
-0.5703199541848837
-0.6326281485828942
-0.6811321387999058
-0.6942634978311778
-0.6861769689313104
-0.6660442187127187
-0.6397354725866518
-0.6109424513519982
-0.5819271156932752
-0.554019936065668
-0.5279506258910102
-0.5040669220443269
-0.46949440455711816
-0.38465160289802885
-0.2908142850243867
-0.19885827642678305
-0.11314245767420386
-0.03643112040628069
0.0
0.0
0.13709133967907705
0.2460604537126772
0.33777913961148903
0.4233950422311939
0.503045360175511
0.5747862620977182
0.6365135157500463
0.682625759478063
0.6942966107441608
0.685355732491811
0.6647590816727882
0.6382342501097732
0.6093790871389554
0.5803941642460692
0.5525701516021245
0.5266112684163703
0.5028491998501246
0.4638187270588931
0.3781794998499167
0.2844662646726268
0.1929698748156442
0.10790999447069036
0.03200111966887696
0.0
0.0
-0.14581191847378056
-0.2518804457424312
-0.3430118570075339
-0.4283882048130751
-0.5077441556894553
-0.5790634552609588
-0.6402417241586369
-0.6840683353409973
-0.6943428272969466
-0.6845845033012179
-0.6635433699468605
-0.636810830950183
-0.6078950993889156
-0.578938121249875
-0.5511925528433472
-0.5253382586392855
-0.5016915851221706
-0.45837159529505145
-0.3719664240324879
-0.27837276704657726
-0.1873184817307683
-0.1028892575285204
-0.027751689488562922
0.0
0.0
0.15415952762756713
0.2574470336505449
0.3480138989035377
0.4331591339653325
0.5122318161257375
0.5831463442323106
0.6437982209249108
0.6854394711607873
0.6943792105290122
0.6838398386708178
0.6623743457223439
0.6354438590896152
0.6064708502416115
0.5775411901307351
0.5498711778470721
0.524117387085271
0.5005814980980743
0.45315445770291035
0.3660149199314902
0.27253467276335863
0.18190274202968315
0.09807660345763648
0.023677012869592257
0.0
-0.007478198367572408
-0.16192513101043965
-0.2636136338670319
-0.3537041636573284
-0.4384630159739188
-0.5170372276631943
-0.5873163427173467
-0.6472111346901007
-0.6864719590317793
-0.6939774768619636
-0.6826176602620143
-0.6607251738631312
-0.6336156877213566
-0.6046161451384491
-0.5757501234107906
-0.5481936947896442
-0.5225778094972032
-0.49918814594787037
-0.44773852879402776
-0.3598603240425053
-0.266475056411173
-0.17624903621300533
-0.09301524614472491
-0.019349551521531186
0.0
0.019929030946716275
0.16984463527058005
0.27050319860378635
0.36011979944237055
0.444359518172786
0.5222622424585978
0.5917175402611715
0.6506618021813948
0.6873001695422021
0.6932388355137795
0.6809954927925929
0.6586562396176026
0.6313741162063904
0.6023693938427699
0.5735962085117907
0.5461858967153292
0.520741009699675
0.4975295792686801
0.44273045516934956
0.3541835436427454
0.26082661217886505
0.1709035196465608
0.08814674517687787
0.015095402513990358
0.0
-0.03197548088821045
-0.17750691237739225
-0.2771665255705766
-0.3663217674686738
-0.4500565346420221
-0.5273072116969972
-0.595963474604656
-0.6539865549872277
-0.6880922436885063
-0.6925180301593433
-0.6794219201715136
-0.656651790011303
-0.6292035576239245
-0.6001944381177413
-0.57151148296644
-0.5442428138848454
-0.5189635510821073
-0.49592468342580515
-0.4378711732579297
-0.3486788421362379
-0.2553540959911853
-0.16572941917309725
-0.08343937417402163
-0.010987260202703991
0.0
0.04344458776814869
0.18475258470841463
0.28343532385620496
0.3721322770832293
0.45537093210735413
0.5319888331320282
0.5998759460228844
0.657017340325094
0.6887512054809722
0.6917637312981503
0.6778744605066612
0.654707149382814
0.6271099346461539
0.5981031373617085
0.5695107672201595
0.5423803636561014
0.5172613124586979
0.494388637227843
0.4332052170660085
0.34338776647690017
0.25008899721685207
0.16074664993143434
0.07890139147050063
0.007022204832141471
0.0
-0.05448037872415756
-0.191720174257621
-0.28946110567877725
-0.37771605177005185
-0.46047676839061025
-0.5364856192399352
-0.6036328222727709
-0.6599263590951078
-0.6893836968813275
-0.6910397444148765
-0.6763891804127677
-0.6528406460045914
-0.625100434347354
-0.5960958655407068
-0.567590440427888
-0.5405927467037452
-0.515627469709486
-0.492914309237234
-0.4287395579012903
-0.3383253551687941
-0.24505228767018294
-0.15598070531168706
-0.0745614907778989
-0.003230800983079485
0.0
0.06504731986716267
0.19839494427862772
0.2952357252373076
0.3830686384831883
0.4653726718292134
0.5407990741492212
0.6072382950752118
0.6627202450407157
0.6899950994520256
0.6903504901849442
0.6749697507917445
0.651055356285668
0.6231776546925976
0.5941748303620269
0.5657523881908604
0.5388815800667559
0.5140634140394306
0.4915028994137902
0.4241369862394888
0.33310712223634287
0.2398819008214761
0.15111417483424605
0.0701577951054072
0.0
0.0
-0.07555731800697862
-0.20513160648705067
-0.3011205403186325
-0.3885599540791749
-0.4704262957056359
-0.5452816437155967
-0.6110170736992572
-0.6656846705104771
-0.6906722644829888
-0.6896630027449948
-0.6735146391062199
-0.6492140368059766
-0.6211893528255794
-0.5921855249938028
-0.5638473738069764
-0.5371070722314387
-0.5124408343627833
-0.49003827584800985
-0.41905935817062934
-0.32731681045617744
-0.23412607584136547
-0.1456814954289255
-0.06522809743949937
0.0
0.0
0.08437309756301689
0.21102790824730538
0.30641850328902814
0.3936037134234284
0.47515586469509025
0.5495651760323742
0.6147236616942732
0.6687023849538437
0.6915005410115506
0.6891773077327586
0.6722823077013464
0.6475982492210776
0.6194185671018345
0.590399773881185
0.5621290749547285
0.5355014795836096
0.5109695674246422
0.4887082291803537
0.41417052802550447
0.3216990922530519
0.2285104802211716
0.1403526753831849
0.060365254857088615
0.0
0.0
-0.09294393787258398
-0.21674639148453895
-0.3115478999771868
-0.3984805362519635
-0.4797228750907414
-0.5536951878729798
