0.0
-0.05999999999999994
0.0
-0.14309973333333348
-0.05703286897777793
-0.14918227728308175
0.0
-0.15628374503814046
0.0
-0.11599707382122598
0.0
-0.05055502517693883
0.0
0.1633299765653844
0.2545920314483343
0.5177833145687016
0.550102707693245
0.6027137099008829
0.585362574971924
0.5513653037476347
0.5125184724523458
0.47200244060979735
0.43122348677084804
0.3912160792049602
0.3529104925053681
0.317165196251789
0.284752459989399
0.2563371188238822
0.2324573371648801
0.21350959247377047
0.19973858854322976
0.1912323563765448
0.16825616219999637
0.03527545104702237
-0.20490690118192664
-0.38963884027335616
-0.5701464656452994
-0.7104142010658898
-0.8303864698744092
-0.8944279696421192
-0.9075326121350648
-0.8903309985665155
-0.8561644669703115
-0.8135481952607283
-0.7678155695845407
-0.7222142518873734
-0.6786352742716998
-0.5654408207851409
-0.4328796957876764
-0.300442094604501
-0.17511741131028455
-0.0610025821727377
0.0
0.0
0.0
0.11688695406159552
0.229693675638621
0.3235804801816158
0.411924063269145
0.49518948292173093
0.5713456482866687
0.6381014314917979
0.693424494801597
0.7187303250173307
0.7167097693292463
0.6988168146493573
0.6724178116912628
0.6421776339982418
0.6109844578415926
0.5805656394315348
0.5518969155309822
0.5254734457104043
0.501488605651543
0.4799512785493687
0.3991191546916024
0.29980805306248137
0.20057372066525553
0.10755643501056145
0.02405548176115785
0.0
-0.05981135511668931
-0.211741948913545
-0.31832830840878545
-0.4136957518149384
-0.5025105347103362
-0.5835010571428759
-0.6544330674027323
-0.7132030931665567
-0.7314217377933645
-0.7247207654429033
-0.7037526449313367
-0.6753471497021781
-0.64381019543439
-0.6117900458034677
-0.5808539031313945
-0.5518707626106308
-0.5252647893417847
-0.5011822699408623
-0.44393447710418554
-0.35602661498380855
-0.26384802932799334
-0.1750815906229047
-0.0933186021319245
-0.021050240623732855
0.0
0.020992924610330616
0.1694522371264777
0.26942194852891177
0.3585173364259862
0.44229250547103593
0.5197771721553311
0.5888701716335535
0.6475193042073114
0.6844724096262998
0.6907155337136003
0.6787576554088035
0.6566805945146932
0.6296358855865726
0.6008439777875231
0.5722601605806105
0.5450174444803341
0.5197202873132785
0.4966386819356847
0.43006927984547244
0.3388463003328353
0.2451415353788829
0.1557671263257782
0.07412474864462645
0.002641326151404569
0.0
-0.06493412172654195
-0.19703910170497888
-0.2932753723352308
-0.3807017110083301
-0.46271234146351203
-0.5379454596064626
-0.6042908670515807
-0.6597778532183362
-0.6883690865988836
-0.6895626191982377
-0.6747049704838023
-0.6511073582272632
-0.6234124387184145
-0.594506341673261
-0.5661262437541656
-0.5392642135025696
-0.5144348480595278
-0.4918519451235849
-0.423830542181564
-0.33267525791573016
-0.23945014195067327
-0.15072213629174308
-0.06982531654652538
0.0
0.0
0.0779536593678708
0.2068448375289845
0.3027465173004045
0.39018811924878255
0.47204018269715875
0.5468436395855304
0.612487210039043
0.6670255468530348
0.6914629489848934
0.6900986393398766
0.6737243405620187
0.6492828448784369
0.6211729433510784
0.5921200486094551
0.5637560360063436
0.5370045284431892
0.5123361214793977
0.4899367639627558
0.41703297856928784
0.3250906210327611
0.23210581705849637
0.14398882542754188
0.06391570159325274
0.0
0.0
-0.09014602069561173
-0.21474870485596623
-0.30967524474347174
-0.3966425926402608
-0.4779495866618161
-0.5520382797589077
-0.6168015184013772
-0.6703229923353715
-0.6918266588232156
-0.6887335292756593
-0.6714078443707916
-0.6465095763598617
-0.6182512459167913
-0.5892363277789217
-0.5610175322678386
-0.5344676743126049
-0.5100252698294107
-0.48785649409850373
-0.41014609582823747
-0.31708364825382895
-0.22395637607239416
-0.1361009725575033
-0.056559442213812205
0.0
0.0
0.1014493289620198
0.22218591011037736
0.31628617090889755
0.40288806417203477
0.48376373677844436
0.5572617605511045
0.6212760954034903
0.6739146901643173
0.6927398001457582
0.6880434329020341
0.6698109012945458
0.6444511710472053
0.616011171951411
0.5869857358095403
0.5588568230414808
0.5324516468684976
0.5081797537170861
0.4861892986247328
0.4045759078879536
0.31069917810773034
0.21756136688458877
0.13001341401566563
0.050982522206591815
0.0
0.0
-0.11123440171191401
-0.22878449793962197
-0.32224897779589645
-0.40858965975747163
-0.48913347127003326
-0.562149544349735
-0.6255326778268214
-0.6774116845977365
-0.6937625537748373
-0.6875775924132045
-0.6684955977017143
-0.6426959006215974
-0.614073852433621
-0.5850247585880084
-0.5569656980824156
-0.5306820036289663
-0.5065565605799827
-0.480401177604895
-0.39714718820665934
-0.30316678717324863
-0.21042189993168603
-0.12352898237871573
-0.045344312384376584
0.0
0.0
0.12072262833303185
0.23506190805160798
0.32784942565123276
0.4138946097471833
0.49408466919437144
0.5666106238103354
0.6293682067127327
0.6798616184468348
0.6942090085124853
0.6868349666142926
0.6670902342368715
0.640963460534351
0.6122243170426134
0.5831857530496205
0.5552113062142622
0.529051880197271
0.5050685618482647
0.47367332075292756
0.3894440551832165
0.29556692011519614
0.20332463368217454
0.11717246843054654
0.03990917072895436
0.0
0.0
-0.13098874506787617
-0.2419140628711966
-0.33400649457818216
-0.4197638539707234
-0.4996002496129816
-0.5716219025250546
-0.6337247718752609
-0.6815014277872975
-0.6941922672543355
-0.685851514100234
-0.6655841829899621
-0.6392164698139916
-0.6104111559404946
-0.5814113099849112
-0.553535184054161
-0.5275046919909587
-0.5036626844344343
-0.4672935768958847
-0.3821499197342837
-0.2883834432361708
-0.19662974536897015
-0.11119036961753709
-0.03480912760662383
0.0
0.0
0.14071756609382108
0.24841459521969494
0.33985560470744364
0.42534825483748023
0.5048581008120341
0.5764106463574732
0.6379016895469196
0.6831208971267857
0.6942490894093514
0.6849933258875707
0.664228244752981
0.6376276989275869
0.6087541983446463
0.5797852282081708
0.5519965132449205
0.5260827191412657
0.5023695340347039
0.46135578652189385
0.3753751843186681
0.281730451905389
0.1904492949398191
0.1056886518206615
0.030140610150484068
0.0
0.0
-0.1497599659388168
-0.2544671886569584
-0.3453083018166122
-0.43055894754340823
-0.5097684442097585
-0.5808873484752265
-0.6418112815891837
-0.6846449180244563
-0.6943149118669454
-0.6842047520313026
-0.662974349267285
-0.636155555151028
-0.6072174090340233
-0.5782762555829076
-0.5505681683959186
-0.524762403627158
-0.5011686411141096
-0.45577212086324215
-0.36900489264264646
-0.27547817566853605
-0.1846453399930009
-0.10052668322657857
-0.025765431997840413
0.0
0.0017325917079975273
0.15821372162422584
0.26034793390416794
0.35063595801801895
0.4356180033957702
0.514490127969814
0.5851419695125288
0.645472574526967
0.6859999085154257
0.6942652088013607
0.683336828592822
0.6616656165310749
0.6346452290483556
0.6056537929857175
0.5767482324910796
0.5491261272425917
0.5234321030151242
0.49996035647097126
0.4503230638933676
0.36279353382607593
0.2693805542406343
0.17898215921436378
0.0954864835656002
0.021489425972056664
0.0
-0.014138817810899429
-0.16614069950103902
-0.2672679456979973
-0.35709788576219315
-0.4415737629469441
-0.5197850887725736
-0.589621428667784
-0.6490072713668691
-0.6868856757788828
-0.6935662084555999
-0.6817421479780303
-0.6596158983454005
-0.6324172235638742
-0.6034167292860709
-0.5746013268449615
-0.5471234752073019
-0.521599141575397
-0.4983047006938144
-0.4450279545683036
-0.3567884881743624
-0.26342220794508153
-0.17336417843544843
-0.0903923459206522
-0.017062466501388276
0.0
0.026655353229602108
0.17411537095108462
0.2742123398459596
0.36356876882785305
0.4475247317732414
0.5250622431131404
0.594070919769862
0.6525010092678535
0.6877346286403015
0.6928343848651582
0.6801183754128944
0.6575405085418223
0.6301666392579984
0.6011598563212374
0.5724370745497961
0.545105654814483
0.5197529310836424
0.4966374820319293
0.4399957090857242
0.35108755827276406
0.25775322127154154
0.16800270326281724
0.0855127854616063
0.012802215974145464
0.0
-0.03853425560995655
-0.1816394112329866
-0.28073468680696684
-0.3696237773304835
-0.45307169396134434
-0.529958213164945
-0.5981731965841707
-0.6556915264260392
-0.6884515923429012
-0.6920762028983848
-0.6785310574724561
-0.6555367007582223
-0.6280050972047589
-0.5989984232487999
-0.5703679262665711
-0.5431786845082425
-0.5179912101156935
-0.49504743343884194
-0.4351784546865251
-0.3456257006199548
-0.25231819355079854
-0.16285895394479866
-0.08082795011195222
-0.00870853947528999
0.0
0.04988969241458019
0.18881317360639857
0.28694148772894523
0.37537719568827815
0.4583343565041579
0.5345948560892919
0.6020488190538775
0.6586947067981235
0.689107550247615
0.6913333953448866
0.6770030640136446
0.6536153531182839
0.6259360082223464
0.5969313344522988
0.5683902013672929
0.5413375310539783
0.5163083702660328
0.49352884990118867
0.4305838164008087
0.3404164815059973
0.2471344187341103
0.15795277078495185
0.0763592361057568
0.004803437598433838
0.0
-0.0607373384333178
-0.1956669880521836
-0.29287212249507644
-0.38087520444280654
-0.46336401418407847
-0.5390269175137306
-0.6057542756694603
-0.6615670604639244
-0.6897376197576132
-0.6906270879421358
-0.6755464482763659
-0.6517827062517646
-0.6239619521093221
-0.5949589217334714
-0.5665029046666799
-0.5395804667672285
-0.5147023297852139
-0.49207953171688157
-0.42609411979251965
-0.33532657992192083
-0.24207680396571513
-0.1531748754646401
-0.0720168592540496
-0.0010189230808700656
0.0
0.07137759661916843
0.2024094775299542
0.2987173147548118
0.3863006105998263
0.46833252791215746
0.5434100441834904
0.6094238737988948
0.6644171799621869
0.6903633526918805
0.6899270811845014
0.6741020764936532
0.6499652518238019
0.6220041621387933
0.5930027081781597
0.5646310768495483
0.537837784874725
0.5131094235401067
0.49064205844964515
0.42117254736252063
0.3297369106441822
0.2365420910646798
0.14797208814713508
0.06731681342397454
0.0
0.0
-0.08070438468505009
-0.20857560519183707
-0.30421596793548034
-0.3915075244807761
-0.4731908668533738
-0.5477861282677998
-0.6131849283949175
-0.6674504288648245
-0.691158370071096
-0.6893810506125251
-0.6727961712225853
-0.6482712983533634
-0.6201558638679944
-0.5911431332701712
-0.5628442582481819
-0.5361696935500841
-0.5115818408415916
-0.4892617096505907
-0.4161726492164736
-0.32399997365450073
-0.23081257041952807
-0.1425396486390576
-0.06236358611807105
0.0
0.0
0.08943581815193202
0.21440159777558504
0.3094420567010189
0.39647648325373747
0.4778443564391247
0.5519945512549215
0.6168196644002902
0.6704017006998513
0.6919529791439154
0.6888822653117751
0.6715633251138361
0.646662362166716
0.6183959390198179
0.5893701211705172
0.561139251709917
0.5345771492053033
0.510122922976516
0.4879430768119062
0.41140926480776496
0.3185255064496326
0.22533454971066677
0.1373348088830522
0.05760692476654719
0.0
0.0
-0.09784386608994194
-0.22002066686783156
-0.3144882258415786
-0.40127875439036853
-0.48234600291038754
-0.5560702555837814
-0.6203449898904473
-0.6732702952153236
-0.6927396209170334
-0.6884194833010386
-0.67039062497912
-0.6451251050533439
-0.6167113702677479
-0.5876713973548692
-0.5595047402199403
-0.5330498768704245
-0.5087234419278357
-0.4866779370657763
-0.4068594229833637
-0.3132981898145361
-0.22010460762134748
-0.1323662161921103
-0.05306660795251472
0.0
0.0
0.10588344572861164
0.22539534314507204
0.3193159132369145
0.4058737187559382
0.48665383134087986
0.5599709776824267
0.6237194836515297
0.6760167358364328
0.6934933746796113
0.6879773477776973
0.6692689545617977
0.6436544441957424
0.6150996471896144
0.5860460607912787
0.5579408010742228
0.531588521886962
0.5073843472410914
0.48477792866389546
0.40213194441431066
0.308026413021185
0.214894853196754
0.12746612016624737
0.04863659941612142
0.0
0.0
-0.1137809836492627
-0.23065341028424516
-0.3240261491231426
-0.41034827735941365
-0.49084121511011913
-0.5637550585542491
-0.6269849538151022
-0.6786652676040364
-0.6942073060161528
-0.6875310113921397
-0.6681640655123181
-0.6422121023233099
-0.613521772788468
-0.584456358034479
-0.556412017875345
-0.5301605437930627
-0.5060761663938391
-0.478792685362611
-0.39527965939425064
-0.3012697283512451
-0.20858935549692253
-0.12182332583509817
-0.04381662754106799
0.0
0.0
0.12277614315098734
0.23654275527048774
0.3292446305592473
0.4152679674780285
0.4954129169378762
0.5678547383029561
0.6304893062964116
0.680327572010933
0.6942724761157468
0.6866606744653531
0.666784526857668
0.6405940501755193
0.6118334656523223
0.5827990564229429
0.5548435350256065
0.5287108530351361
0.5047577036898689
0.4726945165717852
0.3883058657703612
0.2944050948527894
0.20219606071771618
0.1161156430509403
0.038956013456618394
0.0
0.0
-0.13216722634609573
-0.24277983198517292
-0.3348329274174532
-0.42058602600737843
-0.5004039970644919
-0.5723839574815649
-0.6344217559256438
-0.6818193789004661
-0.6942752972180092
-0.6857938075008192
-0.6654467483859453
-0.6390383379317253
-0.6102168571413739
-0.5812158597884433
-0.5533474006500249
-0.5273293980854542
-0.5035021636027656
-0.4668717322912034
-0.3816614692171863
-0.28788168894041527
-0.19613814629261675
-0.11072544267991939
-0.03438487306505421
0.0
0.0
0.14112771428948875
0.24875504873099197
0.3402023268080654
0.4257076690013887
0.505222006136782
0.5767679883740071
0.6382413106278995
0.6832952769132153
0.6943195280755425
0.6850000575564519
0.664197484317561
0.6375763555484995
0.6086930251772982
0.5797209244996187
0.5519331249252033
0.5260225699769361
0.5023138429014655
0.4612963164271624
0.3753026255186682
0.28164515360006703
0.19035387891858468
0.10558638244238844
0.03003496283597573
0.0
0.0
-0.1496761252714673
-0.25445673340516206
-0.3453265129987456
-0.43059565153116663
-0.5098202889052139
-0.5809520668132829
-0.641886554033452
-0.6847018678496963
-0.6943587314234627
-0.6842390338764746
-0.6630015983969705
-0.6361775345453361
-0.6072353731153806
-0.5782911082540303
-0.5505805702894964
-0.5247728451191901
-0.5011774922279791
-0.45595397596376375
-0.36920844049080204
-0.275667337767324
-0.18480878786060517
-0.10065905624005173
-0.025863493152994313
0.0
0.0010822275472549825
0.1578352758920865
0.260041180055517
0.350366540098043
0.4353852374104104
0.5142992275299507
0.5849981094029926
0.645379556821273
0.6860084503589248
0.6943326969695993
0.6834358619195303
0.66177884680839
0.6347619191863261
0.6057675249030909
0.5768553842458164
0.5492248643741466
0.5235217132224611
0.5000408131857185
0.45074115150616234
0.3632656512372708
0.2698364810257361
0.1793973305630137
0.09584727118524164
0.021786129094658144
0.0
-0.012981241006705446
-0.1654353323289653
-0.2666741163220495
-0.3565592895090932
-0.4410919700430481
-0.5193718848649655
-0.5892885537769215
-0.6487640429979195
-0.6868558499734886
-0.6936622823150188
-0.681907648090365
-0.6598148820513116
-0.6326272717169817
-0.6036242770218084
-0.5747985589668968
-0.5473062677735742
-0.521765702291668
-0.4984546754191236
-0.4455397264895741
-0.3573673428021382
-0.2639927918721016
-0.17389793814658894
-0.09087189621325413
-0.017474485596084596
0.0
0.025275301313638726
0.17325595962685975
0.2734767078988504
0.36289257209300824
0.4469113920269755
0.5245271944722962
0.5936295613987004
0.6521658731287007
0.6876714641620105
0.6929327468545511
0.6803068720812007
0.6577736013380994
0.6304158309003692
0.6014078175129858
0.5726737374808665
0.5453256219429251
0.5199537625992027
0.496818569538236
0.4405812637634157
0.35175009717185773
0.25840849157039003
0.16861831309729985
0.08606870841661965
0.013282935425870404
0.0
-0.03704134356932132
-0.18070741393924092
-0.27993551367285474
-0.36888823872400034
-0.45240374532562244
-0.5293747715829606
-0.5976911301570815
-0.6553245900603804
-0.6883821109210106
-0.6921833997043222
-0.6787368606330584
-0.6557913090950965
-0.628277344475536
-0.5992693557734231
-0.5706265311917231
-0.5434190563051635
-0.5182106779023923
-0.49524532932467197
-0.43580463226649
-0.3463350506201455
-0.2530215761122769
-0.16352177776263976
-0.08142861598997843
-0.009230188580584248
0.0
0.04833217180834709
0.18783761568862234
0.28610283008782966
0.37460372900997385
0.4576304805476312
0.5339784688081867
0.6015377732280984
0.6583036127104672
0.6890299494333846
0.6914421855704105
0.6772160648900961
0.6538801249774818
0.6262197174028091
0.5972139981033471
0.5686601941133851
0.5415886043010762
0.5165376820671753
0.493735669047711
0.43122815668917824
0.34114650565661564
0.24785906186133022
0.15863652863696676
0.07697983358371153
0.00534343022514841
0.0
-0.05916012274145305
-0.1946763181606054
-0.2920186661342937
-0.38008675876327347
-0.4626452703819699
-0.5383962130515301
-0.6052299063002292
-0.6611640422470467
-0.6896547805576757
-0.6907347677606223
-0.6757607968626899
-0.6520502038588224
-0.6242490755132541
-0.5952452560042101
-0.5667765611547486
-0.5398350434200606
-0.5149349018770802
-0.4922893300692244
-0.4268293938714762
-0.33616000438525645
-0.24289916213208274
-0.15394479841007663
-0.07270914954823188
-0.0016142505690617953
0.0
0.06957065753901598
0.20125516209689254
0.2977118427127207
0.38536475356227756
0.4674736305138438
0.5426507742210337
0.6087867544080071
0.6639208878607165
0.6902575734356292
0.6900538746781247
0.6743592826174754
0.6502876447957107
0.6223508687965164
0.5933488212110022
0.564962075716059
0.5381458344497939
0.513390927280437
0.490896048596234
0.42205852247328524
0.3307489041161722
0.2375495926798069
0.14892451320698227
0.06818252673494142
0.0
0.0
-0.07913661147725135
-0.20753169946865463
-0.30328077952862686
-0.3906191106263601
-0.47235946471144197
-0.5470348022010011
-0.6125365783414521
-0.6669245824548643
-0.6910167531322272
-0.6894698660074988
-0.6730157696436708
-0.6485579045290653
-0.6204693740422289
-0.591458978945448
-0.563147991773922
-0.536453394283397
-0.5118417378595054
-0.4894966163592805
-0.41704287921801936
-0.3249992533418422
-0.23181032383979425
-0.14348521736246778
-0.06322520357363516
0.0
0.0
0.08789492019682488
0.21337557725013906
0.30852297030368775
0.39560350619475604
0.4770275917560568
0.5512566980153346
0.6161832492175157
0.6698859249082321
0.6918155276504185
0.6889716198054375
0.6717813218456034
0.6469461847716478
0.6187060941702007
0.5896824212410271
0.5614394796107726
0.534857517235311
0.5103797304726682
0.4881751678364508
0.41225313197048163
0.31949505536523054
0.22630409557244835
0.13825530759724763
0.05844743751764686
0.0
0.0
-0.09634098524372003
-0.21901769038989738
-0.31358834147300424
-0.40042293382547256
-0.481544256823811
-0.5553448689985949
-0.6197180911521966
-0.6727607810366609
-0.6926007016922577
-0.68850291874959
-0.6706003556444229
-0.6453996436168432
-0.617012042998418
-0.5879745037359918
-0.5597963353139993
-0.5333223079821584
-0.5089730575464579
-0.48690357817002666
-0.4076766067481398
-0.3142367855043057
-0.2210430545073273
-0.13325707939660647
-0.05387996653161646
0.0
0.0
0.1044321799412036
0.22442634750123214
0.3184462697383067
0.4050465136966144
0.4858787822687254
0.5592696469582091
0.6231132793651754
0.6755239425959406
0.6933590775998607
0.688058142464556
0.6694719156003837
0.6439200907127574
0.6153905677746392
0.5863393288203936
0.5582229272414441
0.5318521038237026
0.507625853184597
0.4856856864088165
0.40329150171253486
0.3091987030340655
0.2160026996201691
0.12846891716275222
0.049504869104946614
0.0
0.0
-0.11217919831045986
-0.22960390774355588
-0.3230959421853019
-0.40947133772866867
-0.4900264402020733
-0.5630246402038894
-0.6263609326504559
-0.6781662541502689
-0.6940824624704315
-0.687630009730668
-0.6683895635821377
-0.6425018549852248
-0.6138366873519248
-0.5847725307937288
-0.5567154353832099
-0.5304435664204499
-0.5063352027789256
-0.4800140202005441
-0.39667538265684005
-0.3026415089621337
-0.20986463254167054
-0.12295942881884009
-0.04478155479886642
0.0
0.0
0.12090761756003593
0.23530607687269994
0.3281400466297244
0.4142199043424007
0.4944325375495907
0.5669686995142984
0.6297241861501853
0.6800491142627872
0.6942901100720011
0.6868504735948434
0.6670667723521366
0.6409182418727047
0.6121683217528143
0.5831258533413449
0.5551516820464828
0.5289949609096334
0.5050156507669024
0.4738902817403229
0.38967305260353424
0.29575044250757543
0.20344855072768517
0.11723330210572294
0.03990724220023752
0.0
0.0
-0.13032215244109185
-0.24155407294378015
-0.3337342094945615
-0.41953991926039547
-0.49942161304714616
-0.57149178366307
-0.6336463078351353
-0.6815224172922871
-0.6942704420774596
-0.6859597496900286
-0.665705356015661
-0.6393400282531622
-0.6105308356343945
-0.5815236181579667
-0.5536383954436597
-0.5275981871729082
-0.5037465162234119
-0.46801050453083687
-0.3829600393671191
-0.28915537097172195
-0.1973196180611485
-0.11177531326138984
-0.03527374220437783
0.0
0.0
0.13937485667944874
0.24758554190205703
0.33915101953961924
0.42470461421031
0.504278189277245
0.575908956049419
0.6374926397494669
0.6830056496797807
0.6943103397594135
0.6851550376028506
0.6644417262056963
0.6378623053649818
0.6089911318984319
0.580013411632967
0.5522098507682623
0.5262782842571623
0.5025463759530409
0.46239181974542143
0.37655209149113894
0.28287042362575937
0.1914900871188176
0.10659562422259124
0.030888973373155187
0.0
0.0
-0.1479963140177375
-0.25333686803416006
-0.3443204138921541
-0.4296361752033416
-0.5089179049158441
-0.580131201953126
-0.6411716582120555
-0.6844264768068263
-0.6943517611890813
-0.6843891187909174
-0.6632369998953105
-0.6364527171314094
-0.6075220467330178
-0.578572261226415
-0.5508465033448986
-0.525018543266044
-0.5014008900673084
-0.45700503224381983
-0.3704074280089509
-0.2768434102322371
-0.18589969842713108
-0.10162839948262696
-0.02668410236378238
0.0
0.0
0.15625646492716821
0.2588455494578467
0.349270709741771
0.43435798423713173
0.5133595973421439
0.5841725268295098
0.6446922431263588
0.685784538824214
0.6943889658552617
0.6836533553649023
0.6620812156762966
0.6351009542292956
0.6061135074971304
0.5771906622856684
0.5495395857579861
0.5238110014068122
0.500302905419036
0.45184598951246757
0.36452237058557735
0.27107064002595543
0.18054469404040588
0.0968698534764417
0.022655377437556676
0.0
-0.010468487872597132
-0.1638372360650674
-0.26528383164625685
-0.3552645657498383
-0.43990192879752066
-0.5183172816252433
-0.5884001425531603
-0.6480674096233858
-0.6866886456280314
-0.6938113985746153
-0.6822351332895699
-0.660232562009415
-0.6330798044027363
-0.6040778556392525
-0.5752333957207698
-0.5477116062442897
-0.5221365193236024
-0.498789510404114
-0.4465492308914334
-0.3585119297242789
-0.2651320897711722
-0.17497658324634352
-0.09185474439684005
-0.01833378601911341
0.0
0.022831415422705337
0.17169874051368741
0.2721207072563795
0.3616291030432895
0.44574950113851464
0.523496909789034
0.5927608999360803
0.6514838233280791
0.6875053782409997
0.6930750701718627
0.6806232339321538
0.6581781035870586
0.6308545483791419
0.6018477980735417
0.5730956831772669
0.545719032262279
0.5203137227514022
0.4971436364929903
0.44156456586956394
0.35286364112752766
0.2595151844892968
0.16966432880493376
0.08702004440240298
0.014112841837859519
0.0
-0.03472129138339161
-0.1792415476172806
-0.2786671971575811
-0.3677126027241727
-0.4513284604805852
-0.5284274989732769
-0.5968994704289897
-0.6547113200710293
-0.6882488753317415
-0.6923361889231765
-0.6790501693331856
-0.656184993334415
-0.6287011708355313
-0.5996927018738673
-0.571031534053637
-0.5437960665936674
-0.5185552547557153
-0.4955562631061075
-0.4367501515622757
-0.3474073366910065
-0.25408863129678433
-0.1645316346407087
-0.082348342633758
-0.010033809143432396
0.0
0.04609565174975888
0.1864258248762183
0.28488204287786734
0.37347261774659757
0.45659630621095226
0.5330677836150632
0.6007770775961995
0.6577147629721185
0.6889022315840806
0.6915892180392124
0.6775172781593363
0.6542585280680236
0.6266270541504614
0.5976208524055187
0.5690494075505033
0.5419509090330195
0.5168688137800668
0.4940344674310596
0.43213312987678293
0.34217241808943655
0.24887977761239655
0.1596023852417932
0.07785936211349449
0.006111813526081297
0.0
-0.05701800592150491
-0.1933232226689539
-0.2908480489242039
-0.37900169434687314
-0.4616527815868745
-0.5375217936854244
-0.604499003453696
-0.66059765787697
-0.6895308042243066
-0.6908744473775807
-0.6760484918909826
-0.6524120648994608
-0.6246388101007018
-0.5956346400672632
-0.5671491267915318
-0.540181890962066
-0.5152519312232765
-0.4925754190036303
-0.4277123580235053
-0.33716095312842465
-0.24389391666913518
-0.15488473593628957
-0.07356362734423803
-0.002359192089804063
0.0
0.06747650501434613
0.19992924902709763
0.2965630255021794
0.3842988599738524
0.46649785556667017
0.5417903152516602
0.6080667431889337
0.6633620921870319
0.6901352808585919
0.6901917177261496
0.6746431635671544
0.6506446996261026
0.6227354228338146
0.5937330271462089
0.5653296855730757
0.5384880675099147
0.5137037383472722
0.4911783306134721
0.42302557758908577
0.33184688111798716
0.23863634273517448
0.14994564375443356
0.0691045330632748
0.0
0.0
-0.07746894423560807
-0.2064138719709089
-0.30227491505551685
-0.3896604844332844
-0.47145964048683786
-0.5462189148318943
-0.6118295862005196
-0.6663478546557662
-0.6908567398106387
-0.6895600411758303
-0.6732482074162668
-0.6488635063175876
-0.6208046646064086
-0.5917973020238733
-0.563473650722654
-0.5367577625985753
-0.5121206860632409
-0.4897488174279073
-0.41798023654693806
-0.32607651656385755
-0.23288677645745628
-0.14450617895614032
-0.06415632070906235
0.0
0.0
0.08625711520064114
0.21228370671976687
0.30754414536462404
0.39467331702107405
0.4761569223279024
0.5504698011186554
0.6155041877157101
0.6693352205048783
0.6916687930808183
0.6890670642937191
0.6720141266055211
0.6472492749271112
0.6190372991500298
0.5900159138658129
0.5617600792015556
0.535156908378363
0.5106539618601418
0.48842300538746775
0.4131447679171938
0.32051996916191117
0.22733007220087387
0.13923056003240025
0.05933916928622658
0.0
0.0
-0.09476148247404342
-0.21796165764019265
-0.31263967080564437
-0.3995198675931688
-0.4806974739425145
-0.554577933855873
-0.6190544074006633
-0.672220359767415
-0.6924515594868139
-0.6885886469181721
-0.6708195903762434
-0.6456874921663706
-0.617327680479373
-0.5882929027537132
-0.560102762044436
-0.5336086686896555
-0.5092354816397051
-0.48714082651923996
-0.4085297683874698
-0.31521680254652484
-0.22202336668876962
-0.13418820652606286
-0.054730637039863084
0.0
0.0
0.10292431929541859
0.22341834130958116
0.31754088542664854
0.40418480852807454
0.4850709613733628
0.558538210179385
0.6224805663225559
0.6750090476947391
0.6932179288823012
0.6881412838635259
0.6696824950610507
0.6441961092778004
0.6156930259845294
0.5866443228992525
0.5585163891870827
0.5321263099605267
0.5078771144672355
0.485912827415218
0.4041098757436619
0.31013899837891334
0.21694345387140623
0.12936262995441988
0.0503215094983627
0.0
0.0
-0.11073374249400486
-0.22863799919005262
-0.32222859513134694
-0.40864599142726266
-0.48925284580737716
-0.5623243383136589
-0.625755309930427
-0.6776735859607812
-0.6939477178009508
-0.6877100415027692
-0.6685916101071797
-0.6427665374742491
-0.6141266561243829
-0.585064894754754
-0.556996723938688
-0.5307063852940548
-0.5065760217530426
-0.4811088154134623
-0.39792932476055964
-0.30387888956370646
-0.21102040347281678
-0.1239947956002668
-0.04566708766579243
0.0
0.0
0.11926845931798877
0.234236125080319
0.3271941037129255
0.41332974521170973
0.4936068934821553
0.5662299528421935
0.6290945698629438
0.6798375024835802
0.6943316416947324
0.6870380689484034
0.667331664856082
0.6412169738323069
0.6124740700575771
0.5834226539306783
0.5554305936781938
0.5292515251604732
0.5052482174059443
0.4749502460349599
0.3908862091423529
0.2969464049747727
0.20456435679006996
0.11823149503294142
0.04075947403715045
0.0
0.0
-0.12868544147885616
-0.24046792981058318
-0.3327612696047348
-0.418613936273221
-0.49855231631644975
-0.5707025623485996
-0.6329605832624702
-0.6812595678142496
-0.6942657665657475
-0.6861060472631503
-0.6659335798405391
-0.6396063594592045
-0.6108080580862457
-0.5817953729394246
-0.5538953622349323
-0.5278355538614851
-0.5039623088066352
-0.46900991116701735
-0.3840993072580384
-0.2902726491669682
-0.19835590376873163
-0.11269608406582617
-0.036053235249405624
0.0
0.0
0.1378369043336426
0.24655839341877628
0.3382270574927203
0.423822616966406
0.503447878710789
0.5751528218438882
0.6368332002312324
0.6827497943180414
0.6943010940405014
0.6852902063993567
0.6646554658772222
0.6381128108682009
0.6092524204125559
0.5802698491155235
0.5524525139157942
0.5265025495654116
0.5027503282699974
0.46335284667894144
0.3776481564825095
0.28394522771331326
0.19248672865677313
0.10748085634146239
0.03163800679715982
0.0
0.0
-0.1465251139140503
-0.25235596178424236
-0.3434390959729191
-0.4287956627847478
-0.5081273809547834
-0.5794120712953886
-0.6405453450551472
-0.6841852679457016
-0.6943457448147687
-0.6845207115275406
-0.6634433417292909
-0.6366939085199967
-0.6077732994289157
-0.5788186696107573
-0.5510795692268938
-0.5252338729823701
-0.5015966744616538
-0.45792542041879136
-0.37145742086311334
-0.27787344076699205
-0.18685525691051696
-0.10247759424934677
-0.027403127923027473
0.0
0.0
0.15484416380063867
0.2579036402616025
0.3484242400015634
0.4335505514784785
0.5126000301815369
0.5834813870961979
0.6440901143445255
0.6855521341632335
0.694382396013061
0.6837789533701364
0.6622786408562092
0.6353319030048775
0.6063541802381583
0.5774267451188996
0.5497629152175126
0.524017354172489
0.5004905394108355
0.45272725273806724
0.36552761382626664
0.272056677017039
0.18145934939825537
0.09768260838637977
0.023343456217035596
0.0
-0.008454503031971483
-0.16254941777295273
-0.26415894009760593
-0.35421362263758943
-0.4389328098156117
-0.5174551554771043
-0.5876701952321314
-0.6474907022285774
-0.686542705935979
-0.6939232539811665
-0.6824927685363595
-0.6605643402457075
-0.6334407262734832
-0.604440398059369
-0.5755814160651266
-0.5480362968283768
-0.522433731862771
-0.49905799469671225
-0.44735023341377056
-0.3594200850511457
-0.2660365894401078
-0.17583359126618064
-0.09263635222459161
-0.019017912662468286
0.0
0.020876632399621564
0.17044998355238541
0.2710313004174758
0.360612573395105
0.4448133351118403
0.5226653503356264
0.5920581880003967
0.6509301849657758
0.6873671686055409
0.6931853678573274
0.6808739538584581
0.6585001327184907
0.631204482176761
0.6021990976875157
0.5734327916444624
0.5460334698051555
0.5206015044726471
0.4974035725276292
0.44234980359165
0.3537526082346692
0.2603984436809977
0.17049893573788738
0.08777888814658937
0.014774605795983692
0.0
-0.03287196012443894
-0.17807325329980636
-0.27765647980594266
-0.3667758613060764
-0.4504718057994539
-0.5276729744303341
-0.5962690680663361
-0.6542231837622725
-0.6881433825289449
-0.6924586609541133
-0.6793005473537028
-0.6564993856573051
-0.6290395334385638
-0.6000306263161068
-0.5713547845004381
-0.5440969554080688
-0.5188302464540475
-0.4958043979095264
-0.43750517128396066
-0.3482637087679523
-0.25494093483613056
-0.16533835485844328
-0.08308316357654925
-0.010675968182266127
0.0
0.04431013177074816
0.18529887979870185
0.2839076622649224
0.372569884130209
0.45577100382878083
0.5323410991271783
0.6001701560587088
0.6572450415809987
0.6888005140229313
0.6917067546640415
0.6777578443327842
0.654560679341131
0.6269522793341173
0.5979456764784323
0.5693601382142992
0.5422401513042353
0.5171331658264439
0.4942730045654854
0.43285519224266233
0.34299096842279975
0.24969420012338683
0.16037305989005618
0.07856118013435004
0.0067249718721638235
0.0
-0.0553088858114712
-0.19224355182163588
-0.28991392734136895
-0.3781357999140543
-0.460860723778332
-0.5368239188424083
-0.6039156209709544
-0.6601455308577204
-0.6894317258959092
-0.6909857768266526
-0.6762779494256029
-0.6527007190478975
-0.6249497191612738
-0.5959452805432712
-0.5674463564205116
-0.540458606858878
-0.515504860555572
-0.49280366533073683
-0.42840418867092334
-0.33794519096897857
-0.24467409252324002
-0.15562288358011228
-0.07423569952119305
-0.002946230404588343
0.0
0.06584042111047564
0.1988958773252435
0.2956690737048127
0.383470291854911
0.4657400315852922
0.541122703171824
0.607508774049256
0.6629298009289939
0.6900408671518341
0.6902986528274946
0.6748631238081072
0.6509212815783058
0.6230332710354272
0.5940305866475413
0.5656143806013876
0.5387531026981078
0.5139459840208066
0.49139693139504154
0.4237741241074474
0.33269566801412553
0.2394752404290866
0.15073266286070316
0.06981391713455833
0.0
0.0
-0.07618144177289782
-0.20555025131471008
-0.3014974303209209
-0.3889192645285398
-0.4707636708551896
-0.5455876519358601
-0.6112823496841907
-0.6659011925220379
-0.6907324935866885
-0.6896293870154125
-0.6734276522651298
-0.6490995926743192
-0.621063756585848
-0.5920587746958514
-0.563725357551737
-0.5369930266840334
-0.5123363096521091
-0.4899437710269754
-0.41870703756976313
-0.32691186898841673
-0.23372145905810338
-0.14529776830716912
-0.06487817482345827
0.0
0.0
0.08498820715447905
0.21143791169486556
0.30678601221527463
0.3939529264533781
0.47548269827946077
0.5498605255285944
0.6149784943078814
0.6689089983667493
0.6915554733606182
0.6891413145603178
0.6721947497330354
0.6474843132186263
0.6192940875968834
0.5902744480963186
0.5620086021758791
0.5353889811321716
0.5108665259143405
0.48861510696144844
0.4138356294733951
0.32131412249621627
0.22812509094198835
0.13998631796314642
0.06003025001751543
0.0
0.0
-0.09353734460011659
-0.21714316146776869
-0.31190435021055407
-0.39881986562095617
-0.48004107007476293
-0.5539833939889879
-0.6185398733566375
-0.6718013445717944
-0.6923358202818946
-0.6886549590978989
-0.670989391244935
-0.6459104855923535
-0.6175722239726389
-0.5885395976305596
-0.5603401876812149
-0.5338305509297322
-0.5094388195605312
-0.4873246588063351
-0.4091907437444239
-0.3159760417596625
-0.2227828228194493
-0.13490954792516835
-0.055389638769709704
0.0
0.0
0.10175615522889378
0.2226374006476487
0.3168394375219576
0.40351719318827994
0.4844450867656295
0.5579715090946766
0.6219903473664304
0.6746101053005421
0.6931085584011129
0.6882056898533986
0.6698456385211218
0.6444099546328377
0.6159273571777454
0.5868806196910542
0.5587437518920084
0.5323387543499732
0.5080717822664925
0.48608880785970277
0.4047439352441553
0.310867522883856
0.21767233633205194
0.13005506765556163
0.050954234659096626
0.0
0.0
-0.10961389038266608
-0.22788967466369425
-0.3215566319577417
-0.408006569405269
-0.4886535193830939
-0.5617817956833491
-0.6252861200003371
-0.6772919071521715
-0.6938433353511176
-0.6877720537776547
-0.668748151044239
-0.6429716040700367
-0.6143513121967811
-0.585291405755737
-0.5572146537485891
-0.5309100053498084
-0.5067625971233285
-0.48195697602514015
-0.3989007814379457
-0.30483751915372487
-0.21191581188673858
-0.12479692759247549
-0.04635314287438333
0.0
0.0
0.11799857870920119
0.23340721339984363
0.3264612615372685
0.41264011807829043
0.4929672459459732
0.5656576251119215
0.6286067864621829
0.6796735563350688
0.6943638115372046
0.6871833979496645
0.6675368781020221
0.6414484037119793
0.6127109361098165
0.5836525884228012
0.5556466696008782
0.5294502884392376
0.5054283895340987
0.47577139634799676
0.39182603686543493
0.29787291321489745
0.2054287689862871
0.11900479356771894
0.04141969777656537
0.0
0.0
-0.12741750085914455
-0.2396265041266908
-0.3320075393921319
-0.41789658179256217
-0.49787887507590106
-0.5700911539168692
-0.6324293521309232
-0.6810559360459115
-0.6942621411143058
-0.6862193801867045
-0.6661103809170191
-0.6398126824243968
-0.6110228187212643
-0.5820058980531944
-0.5540944313994385
-0.5280194391339357
-0.5041294809145008
-0.4697841322850296
-0.3849818764673937
-0.29113818403109626
-0.19915869598755884
-0.11340938972685463
-0.03665709627064975
0.0
0.0
0.13664549099423304
0.24576268507861684
0.33751128409334735
0.4231393519394978
0.5028046535236029
0.5745670588494414
0.636322343973522
0.6825515864616397
0.6942939297190038
0.6853949171799604
0.6648210440574807
0.6383068709408333
0.6094548340139023
0.5804685048639815
0.5526404990995645
0.5266762824382303
0.5029083251906465
0.46409732414251825
0.37849724388719214
0.2847778454657998
0.193258796861692
0.10816661964509011
0.03221826165324572
0.0
0.0
-0.1453854266761724
-0.25159608652808896
-0.34275636754490657
-0.4281445444085267
-0.5075149864733401
-0.578854982408796
-0.640060158456679
-0.6839984094839686
-0.6943410826125898
-0.6846226508615674
-0.6636031869488768
-0.6368807507140466
-0.6079679359224398
-0.579009553484784
-0.5512601171925089
-0.5254006813976067
-0.5017483418204192
-0.458638408434934
-0.37227080857148986
-0.27867136479441396
-0.18759549076151863
-0.10313543269365862
-0.02796012975015047
0.0
0.0
0.15375011434413316
0.25717398232544764
0.34776851441103157
0.43292506579888324
0.5120116236547034
0.5829459881746333
0.6436236682881906
0.6853720985396425
0.6943773056021323
0.6838762481542687
0.6624315773501342
0.635510808966914
0.6065406190485251
0.5776096283901154
0.5499359190342926
0.5241772068916957
0.5006358915063733
0.45340992679320546
0.36630632957736153
0.2728205148040394
0.18216789136627348
0.09831221299373533
0.023876480158214933
0.0
-0.00689436700479884
-0.1615518067731842
-0.2632875400813198
-0.35339950656934127
-0.43818207868567316
-0.5167873063213321
-0.5871047384810357
-0.6470439529588015
-0.6864296522936877
-0.6940099022073972
-0.6826923456628213
-0.6608213525591753
-0.6337203148774545
-0.6047212421032248
-0.5758510106066704
-0.5482878189601313
-0.5226639680962536
-0.4992659765529755
-0.4479707298940881
-0.36012358748406026
-0.2667372601830358
-0.17649747278753802
-0.09324182516229615
-0.019547871956752436
0.0
0.01936236416282286
0.16948263628397664
0.27018739309511497
0.35982512003548456
0.44408813510543427
0.522021183469654
0.5915138325079156
0.6505013089560941
0.6872601040207648
0.6932708092336464
0.6810681732173337
0.6587495917265341
0.6314755575555752
0.6024712311440305
0.5736939319908764
0.5462770481871569
0.5208244339897996
0.49760493144831136
0.4429580852575105
0.3544412435202609
0.261082657441154
0.1711454612973054
0.08836672411176807
0.015287239327444246
0.0
-0.031439385268355324
-0.17716823984983726
-0.2768735323696442
-0.36605021882679684
-0.44980820200736116
-0.5270884851569798
-0.5957807293585378
-0.6538450507034237
-0.6880616626011816
-0.692553533011822
-0.6794945012564648
-0.6567429279910604
-0.6293016442764456
-0.6002923977646489
-0.571605188830468
-0.5443300374228063
-0.5190432674040255
-0.4959966143038191
-0.4380900428597641
-0.34892709236851066
-0.25560116683791245
-0.16596327608407846
-0.08365238852223461
-0.011173413190336254
0.0
0.04292699146556228
0.18442589961944048
0.28315286494693725
0.3718705875676994
0.4551316887591921
0.5317781776626607
0.5997000080834466
0.6568811747120197
0.6887217189154341
0.6917978033898363
0.6779441971115875
0.6547947386349957
0.6272042127029064
0.5981972991499089
0.5696008435378955
0.5424642108028629
0.5173379442913484
0.494457785692193
0.4334145323090068
0.34362505216520317
0.2503250863285814
0.16097005720204188
0.079104838237533
0.007199950481418194
0.0
-0.05398493054746997
-0.19140719388095143
-0.289190317810802
-0.3774650419034602
-0.4602471626326684
-0.5362833156931803
-0.603463708329584
-0.6597952941314432
-0.6893549754753842
-0.691072017093296
-0.6764556966688425
-0.6529243224830911
-0.6251905621993337
-0.5961859155397811
-0.5676766028275717
-0.5406729624829985
-0.5157007901224929
-0.4929804744187314
-0.4289401090799822
-0.3385526937898572
-0.2452784487955147
-0.15619468311172985
-0.07475631431789138
-0.0034009745110218786
0.0
0.06457304443110012
0.19809538575262273
0.29497658236547963
0.382828449314173
0.4651529902808448
0.5406055436286128
0.607076548343413
0.6625949303827543
0.6899677303154723
0.6903814889827194
0.6750335138477958
0.6511355331114944
0.6232639962820707
0.5942610882656523
0.5658349168847293
0.5389584096778551
0.5141336373227856
0.4915662684083194
0.42435397820188364
0.3333531723232435
0.240125084192847
0.15134231942300752
0.07036343451839269
0.0
0.0
-0.07518409129574463
-0.20488125641079968
-0.3008951596745828
-0.3883450860273644
-0.47022454498760946
-0.5450986504563726
-0.6108584383623624
-0.6655551901042721
-0.690636247411086
-0.6896831049887256
-0.6735666573345481
-0.6492824745249012
-0.6212644595176715
-0.5922613218140287
-0.5639203396643695
-0.537175271596622
-0.512503340256935
-0.49009478983692856
-0.41927004628402276
-0.32755896590686673
-0.2343680371304493
-0.1459109646771551
-0.06543735155558386
0.0
0.0
0.08400526134054898
0.2107827257277159
0.30619873254054203
0.3933948836412954
0.4749604178463565
0.5493885567034769
0.6145712715063997
0.6685788299018263
0.6914676914052493
0.6891988316899578
0.6723346674641226
0.6476663830777656
0.6194930059848152
0.5904747188405134
0.5622011178110458
0.5355687537832321
0.5110311863629043
0.4887639163712824
0.41437079773314434
0.32192930459698493
0.22874094344000234
0.1405717575290915
0.06056558812497506
0.0
0.0
-0.09258907998858965
-0.2165091225925228
-0.3113347423404327
-0.3982776169111305
-0.4795325941356275
-0.5535228402943163
-0.6181412952673779
-0.6714767590813661
-0.6922461641587233
-0.6887063270531278
-0.6711209255625266
-0.6460832249346811
-0.6177616568374729
-0.5887306970436378
-0.5605241067835095
-0.5340024295154983
-0.5095963329983184
-0.4874670624243572
-0.4097027607557911
-0.31656417774961143
-0.22337112685466637
-0.135468326832126
-0.05590012697596372
0.0
0.0
0.10085125044611087
0.2220324539701754
0.3162960689763088
0.4030000326386265
0.48396026018451094
0.5575325205940471
0.6216106048594668
0.6743010691260072
0.6930238357866974
0.6882555811896414
0.669972015707536
0.6445756074624649
0.6161088791289449
0.5870636642726674
0.5589198757876344
0.532503321945436
0.5082225794319202
0.48622512908159843
0.4052351020352228
0.3114318658913491
0.21823695663452053
0.13059145645968773
0.05144436784918853
0.0
0.0
-0.10874641013616879
-0.2273099938665049
-0.3210361035740209
-0.4075112486351584
-0.48818925819085673
-0.5613615213850505
-0.6249226675054419
-0.6769962441163497
-0.6937624766916395
-0.687820090843432
-0.6688694136320925
-0.6431304564923676
-0.6145253393790938
-0.5854668698381006
-0.5573834705130682
-0.5310677372320252
-0.5069071255406629
-0.4826139935677837
-0.3996533088159548
-0.30558011018856374
-0.21260942939666364
-0.12541828963782126
-0.04688458742457467
0.0
0.0
0.11701488086902198
0.23276510685684276
0.32589357408124275
0.4121059066335333
0.4924717505954385
0.5652142782421807
0.6282289308457513
0.679546557390118
0.6943887315100499
0.687295975318328
0.6676958440887804
0.6416276781029366
0.6128944215681452
0.5838307044315861
0.5558140502347547
0.5296042580404556
0.5055679577225922
0.4764074905792885
0.3925540631295621
0.29859062170622674
0.20609837552768684
0.1196038200096996
0.0419311321897155
0.0
0.0
-0.12643530593667524
-0.23897470384690075
-0.3314236713459008
-0.41734089176412337
-0.49735720190621824
-0.5696175337124852
-0.6320178403044359
-0.6808981951298136
-0.6942593326889622
-0.6863071721621093
-0.6662473377355105
-0.6399725080203285
-0.6111891804577947
-0.5821689787950758
-0.5542486379287914
-0.5281618836445862
-0.5042589787737747
-0.47038387330460596
-0.3856655480256975
-0.29180866014294266
-0.19978056927163867
-0.11396194333475046
-0.03712486991527658
0.0
0.0
0.13572257710222033
0.2451462992548002
0.3369568188968897
0.42261006895596265
0.502306386913568
0.5741133046280853
0.6359266153460108
0.6823980471343356
0.6942883799543191
0.6854760301098052
0.6649493071825907
0.6384571972199735
0.609611631253753
0.58062239112932
0.5527861195418001
0.5268108625009051
0.5030307155889838
0.4646740245516621
0.37915497911511387
0.28542282268003777
0.19385687010774033
0.10869783785137777
0.03266774902604086
0.0
0.0
-0.14450258184845496
-0.251007458416232
-0.34222750027990706
-0.4276401634825777
-0.5070406025387524
-0.578423440277918
-0.6396843145561676
-0.6838536618440978
-0.6943374710882342
-0.6847016169203785
-0.663727009097748
-0.6370254857411611
-0.6081187087092915
-0.5791574193510833
-0.5513999764735767
-0.5255298975035737
-0.501865829091606
-0.4591907158930559
-0.3729008894254511
-0.27928946689827516
-0.18816890387640944
-0.10364501921457295
-0.028391604418412666
0.0
0.0
0.15290262231254778
0.2566087617242465
0.34726056459493887
0.43244054095838175
0.51155582172521
0.5825312479374232
0.6432623415442339
0.6852326361386201
0.6943733623731606
0.6839516163662107
0.6625500477331937
0.6356493962815621
0.6066850415924626
0.5777512966794168
0.5500699343252096
0.5243010348458103
0.5007484867297531
0.45393875188802946
0.3669095521959215
0.27341221239096514
0.18271675472540722
0.09879992849430681
0.024289380629577154
0.0
-0.0056858267640848
-0.16077901964270824
-0.2626125207395169
-0.35276886153404885
-0.43760053401450544
-0.5162699651543021
-0.5866667143341653
-0.6466978841064293
-0.686342076670586
-0.6940770231901086
-0.6828469456347317
-0.6610204439953098
-0.6339368947607542
-0.6049387944979815
-0.5760598487126084
-0.5484826574955459
-0.522842317771638
-0.4994270871479527
-0.4484513898779574
-0.36066854701068396
-0.26728002617646857
-0.17701174046271156
-0.09371084734562395
-0.019958398423499224
0.0
0.018189354873865388
0.16873329260277592
0.2695336706506888
0.35921512895902663
0.44352636782372723
0.5215221875143545
0.5910921542067721
0.6501690854176987
0.6871771677518421
0.6933369953442365
0.6812186228568408
0.6589428320823099
0.6316855427678052
0.6026820359833749
0.5738962211526435
0.5464657331889836
0.5209971236021429
0.49776091166306985
0.4434292831739726
0.3549746863807311
0.26161267522168336
0.17164628437677543
0.08882208401879145
0.015684344593816762
0.0
-0.030329658776594548
-0.17646718231098232
-0.2762670317661716
-0.36548810880293564
-0.4492941494890825
-0.5266357177272732
-0.5954024437816396
-0.6535521345769206
-0.6879983592622338
-0.6926270244832682
-0.6796447452610661
-0.6569315850641613
-0.6295046852130979
-0.6004951757976514
-0.5717991614649974
-0.5445105915388878
-0.5192082814630472
-0.4961455123696662
-0.4385431064298113
-0.34944097431262505
-0.2561126074351134
-0.16644736362331938
-0.08409333162378889
-0.011558752846642761
0.0
0.04185555885562581
0.18374965626965337
0.28256817049523525
0.3713288860926302
0.4546364512089387
0.5313421174779294
0.5993358137399477
0.6565993097190712
0.6886606812540321
0.6918683331636106
0.6780885529971571
0.6549760497854029
0.6273993697855612
0.598392215554803
0.569787302953702
0.542637775735301
0.517496573408382
0.4946009241173702
0.4338478182038234
0.34411623732836
0.250813794559123
0.1614325138189862
0.07952597629339493
0.007567886813193231
0.0
-0.05295934491156634
-0.19075931950431715
-0.28862978260080274
-0.3769454474720981
-0.45977187504794576
-0.5358645441215151
-0.6031136397672003
-0.6595239875641484
-0.6892955217065437
-0.6911388220528901
-0.6765933863808998
-0.6530975341295391
-0.6253771282918841
-0.5963723204755731
-0.5678549603705564
-0.5408390104267495
-0.5158525645480251
-0.49311743740080094
-0.42935525322182877
-0.33902328836509377
-0.2457466059357853
-0.15663762057413333
-0.07515960215617572
-0.0037532364308042188
0.0
0.06359128670619982
0.1974752948210688
0.29444015248335015
0.3823312538994825
0.4646982459683185
0.5402049323610769
0.6067417300261717
0.6623355270400288
0.6899110757658451
0.6904456569890458
0.6751655043918624
0.6513015004210544
0.6234427247508043
0.5944396435033439
0.5660057525986844
0.539117448199486
0.5142790006405095
0.49169744323873876
0.4248031550285407
0.3338624999315699
0.24062847765425482
0.15181458236430218
0.07078911138651074
0.0
0.0
-0.07441150604450819
-0.20436302775584766
-0.3004286181429557
-0.3879003057295202
-0.46980691778013295
-0.544719851488102
-0.610530060682216
-0.6652871635961447
-0.6905616914972038
-0.6897247169542082
-0.6736743358977193
-0.6494241416957603
-0.6214199315694638
-0.5924182224420763
-0.5640713801541535
-0.5373164453714292
-0.5126327284558039
-0.4902117746962978
-0.41970617404263244
-0.32806023155609143
-0.23486890086204856
-0.14638596968473389
-0.0658705109168618
0.0
0.0
0.08324383448707245
0.2102751939975222
0.30574380358226494
0.3929626026580568
0.4745558397489307
0.5490229518727181
0.6142558213844093
0.6683230689714467
0.6913996921957248
0.689243386625019
0.6724430530090593
0.6478074212489522
0.6196470956610944
0.5906298561029121
0.5623502476738761
0.535708012450567
0.5111587385489302
0.48887918974562006
0.4147853592255262
0.3224058478245662
0.22921800598262598
0.1410252610690469
0.06098028118807701
0.0
0.0
-0.09185451850293372
-0.21601797219773244
-0.31089350262900484
-0.3978575706357284
-0.47913870952045357
-0.5531660780547257
-0.6178325416661113
-0.6712253229341736
-0.6921767131484803
-0.6887461186059669
-0.6712228169992845
-0.6462170353356792
-0.6179083986698114
-0.5888787298470326
-0.5606665774477231
-0.5341355731420901
-0.5097183488402047
-0.4875773736307216
-0.41009938841811544
-0.31701977003981624
-0.2238268493191197
-0.13590117802021145
-0.056295570368448525
0.0
0.0
0.10015027711851177
0.22156383948863068
0.31587515523493287
0.4025994205980224
0.48358469525375
0.5571924635668846
0.6213164420104617
0.674061678065223
0.6929582064583736
0.6882942288977495
0.6700699122360412
0.6447039283835324
0.6162494928693032
0.5872054574999032
0.5590563079908443
0.5326308022032779
0.5083393925959994
0.48633072863458604
0.4056155783308826
0.3118690272403748
0.21867433278671594
0.1310069634299962
0.051824043478731666
0.0
0.0
-0.10807442726498737
-0.22686095128818223
-0.32063288268301265
-0.4071275545110301
-0.4878296239855382
-0.5610359610844583
-0.6246411235138598
-0.6767672123929451
-0.6936998405284912
-0.6878573021637678
-0.6689633481997819
-0.6432535095616234
-0.6146601473889762
-0.5856027909248872
-0.5575142423370641
-0.5311899222887274
-0.5070190826961797
-0.4831229441014581
-0.40023624486528614
-0.3061553491722777
-0.2131467316435327
-0.12589962008051386
-0.0472962643890007
0.0
0.0
0.11625287147355365
0.23226770694527094
0.3254538219972163
0.411692086328603
0.4920879212352203
0.5648708450592139
0.6279362296541529
0.6794237281310883
0.6943941472386371
0.687376055048597
0.6678161108608736
0.6417662827251791
0.6130378216976592
0.5839707867318208
0.5559462180778801
0.5297261646793225
0.5056786704682472
0.4769159779634571
0.3931358034020264
0.29916368100964336
0.20663255095036692
0.12008119436847617
0.04233817556674477
0.0
0.0
-0.12565121911205446
-0.2384542222459518
-0.3309574340642062
-0.41689722582006833
-0.49694080544393177
-0.5692396379217998
-0.6316896837507157
-0.6807732466242725
-0.6942583888197941
-0.6863786872723342
-0.6663581175783313
-0.6401014918603581
-0.6113232921216866
-0.5823003630104437
-0.554372823587699
-0.5282765667584076
-0.5043632192550761
-0.4708668480764138
-0.3862164437906235
-0.2923492874891782
-0.20028237948807137
-0.11440819922302127
-0.03750305907865538
0.0
0.0
0.1349792315984764
0.24465030471404725
0.33651092999276555
0.4221846262722479
0.5019060508234827
0.5737489105937814
0.6356090120538229
0.6822751186813919
0.6942843865548195
0.6855416651665623
0.6650528048287134
0.6385783907187179
0.6097379882078152
0.5807463723112479
0.5529034234090394
0.526919261851364
0.5031292896626899
0.4651373478655583
0.37968340185199806
0.28594104072380905
0.19433745843477326
0.10912476566161892
0.03302905973484781
0.0
0.0
-0.14379265022470641
-0.2505340234688088
-0.34180206946583663
-0.42723438271942493
-0.5066589092334235
-0.5780761692593297
-0.6393818106346316
-0.6837370341896687
-0.6943343712870511
-0.684764949643675
-0.6638264362191464
-0.6371417497672048
-0.6082398448892036
-0.5792762323918448
-0.5515123634446686
-0.5256337364725452
-0.5019602455646631
-0.45963461635843694
-0.3734072764682047
-0.27978620053343695
-0.188629696117124
-0.10405449244276949
-0.028738281662095647
0.0
0.0
0.15222164959189172
0.2561546064038795
0.346852432704585
0.4320512364614973
0.5111896014525972
0.5821980260438196
0.6429720424783072
0.6851206124241794
0.6943702311424705
0.6840122119452072
0.6626452743576766
0.6357607844339646
0.6068011155160008
0.5778651546058939
0.5501776401712067
0.5244005524273778
0.5008389762814137
0.45436382323779767
0.3673944312925778
0.2738878321005042
0.18315794745767905
0.09919197273714274
0.0246212897356326
0.0
-0.004714409587756124
-0.16015787086625263
-0.2620699634237661
-0.3522619764163977
-0.43713311881458106
-0.5158541587414951
-0.5863146639035535
-0.6464197472531263
-0.6862717032181402
-0.694130986164401
-0.6829712186620028
-0.6611804757776902
-0.6341109816334036
-0.6051136618367816
-0.5762277108371849
-0.5486392664577007
-0.5229856729045532
-0.49955658555892085
-0.44889394718340686
-0.36117043165381113
-0.2677761890706638
-0.17747736122640045
-0.09413068779705593
-0.02032069941614492
0.0
0.01715564056168628
0.1680765217994887
0.26896287537742997
0.358684050738949
0.44303869169957255
0.5210904943617459
0.5907290187670765
0.6498849525934273
0.6871098659155154
0.6933991943498862
0.6813537965299635
0.6591148555511837
0.6318717468493923
0.6028685768353054
0.5740749996021056
0.5466323505148937
0.5211495298259933
0.4978985159377663
0.4438468117325645
0.3554477887449284
0.26208308151107224
0.17209109802531858
0.08922682688295153
0.01603761679897278
0.0
-0.029335905794111744
-0.17583717887891537
-0.2757205153732542
-0.3649804442926675
-0.44882877722791426
-0.526224629675527
-0.5950576155565743
-0.6532834850426111
-0.6879369723548089
-0.6926892981246606
-0.6797765796542685
-0.6570984180023107
-0.6296848390961354
-0.6006754225468273
-0.5719717719200333
-0.5446713776853976
-0.5193553020044601
-0.49627822092126894
-0.43894574054883007
-0.34989733402757445
-0.25656651818507703
-0.16687673188531246
-0.08448417310315058
-0.011900047988876367
0.0
0.04090399048236998
0.18314862160362905
0.2820482315940223
0.3708469908503834
0.4541957225838266
0.5309538818318913
0.5990113747608835
0.6563479946174483
0.6886059585951685
0.6919307553247633
0.6782167243876568
0.6551371500798465
0.6275728269473452
0.598565488288211
0.5699530750109796
0.542792094456608
0.5176376191160398
0.49472820043486365
0.4342338677104915
0.3445539362779707
0.25124930335338425
0.16184463550259598
0.07990127920551908
0.007895777856012004
0.0
-0.05204606276560064
-0.19018255920351212
-0.2881308870219537
-0.37648307583361484
-0.4593490123474658
-0.5354920511068506
-0.6028023567474112
-0.6592828591584268
-0.6892429156114082
-0.6911985575138625
-0.6767161805976377
-0.6532519154397298
-0.6255433695287499
-0.5965383949501776
-0.5680138516117504
-0.5409869273000076
-0.5159877612704828
-0.49323943716169977
-0.42972493627953495
-0.33944236787462756
-0.24616354223010706
-0.15703212542258466
-0.07551882238367986
-0.004067037144460509
0.0
0.06271674471611932
0.196922903702577
0.29396227454499735
0.3818883160366064
0.46429311433848836
0.5398480140192412
0.606443412640977
0.6621043831935988
0.6898605441234859
0.6905027588906045
0.6752830279352694
0.6514492958654489
0.6236018930464146
0.5945986623634515
0.5661578993837605
0.5392590900965805
0.5144084642954132
0.4918142710175939
0.42520315325532154
0.33431605383757984
0.24107673968129495
0.15223511620959113
0.07116815505430359
0.0002850858787440541
0.0
-0.0734840299794626
-0.2037655052501956
-0.29990502418251463
-0.3874107643345449
-0.46935565030799453
-0.5443188932814814
-0.6101913715460442
-0.6650207278570579
-0.6905009954207355
-0.6897867625399718
-0.6738054153359003
-0.6495899441810575
-0.6215989380749043
-0.5925973024843815
-0.564242862393516
-0.537476173918327
-0.5127787777616347
-0.49034360388829673
-0.4201625621939381
-0.3285821311373989
-0.23538935133346955
-0.1468788861226235
-0.06631949059939596
0.0
0.0
0.08244694705455125
0.2097430020277039
0.30526608690816015
0.39250812427391435
0.47412994593524693
0.5486374932450676
0.613922564781514
0.6680520668552633
0.6913256768791599
0.6892875695862714
0.6725543786248769
0.6479532082820945
0.6198067879152067
0.5907908554698955
0.5625051410884516
0.5358527312032477
0.5112913406322833
0.48899905800519616
0.41522300433137166
0.3229086354624674
0.2297206484590387
0.1415023120969274
0.06141570744685808
0.0
0.0
-0.09108619197569215
-0.21550515177553195
-0.3104333872183577
-0.3974200171448338
-0.4787288609405552
-0.5527953471442563
-0.6175122562654207
-0.6709651538713183
-0.6921064031690138
-0.6887896862236568
-0.6713310302486921
-0.6463583845353686
-0.6180630683652787
-0.5890345794716942
-0.5608164665670486
-0.5342755860572083
-0.5098466201676873
-0.4876933149610524
-0.410517038943259
-0.3174997497386028
-0.22430718671577504
-0.13635762125048456
-0.0567127753244492
0.0
0.0
0.09941162248991081
0.22107011374328972
0.3154317159182338
0.4021773753430427
0.48318903261495877
0.5568341974074197
0.6210065093083704
0.6738094275868395
0.692888900888479
0.6883347201920613
0.6701727972704921
0.6448388616007547
0.6163973850746625
0.5873546076869057
0.5591998290978144
0.5327649123602785
0.5084622847248521
0.48644182603750274
0.4060153481578952
0.3123282977576867
0.21913379297618168
0.13144341985353925
0.05222283405905083
0.0
0.0
-0.10736798208768644
-0.22638875286740567
-0.32020879128300256
-0.40672394479549373
-0.4874512714673451
-0.5606934022492279
-0.624344819925872
-0.6765261053327623
-0.6936337703366984
-0.6878962724979646
-0.6690619994668976
-0.6433828053728335
-0.6148018229926593
-0.5857456515016173
-0.5576516995534464
-0.5313183591014343
-0.5071367716224646
-0.4836581972893419
-0.400849299412414
-0.3067602892838788
-0.21371175399367143
-0.1264057594350757
-0.04772913484847578
0.0
0.0
0.11545167011672369
0.23174474664940126
0.32499148722867605
0.41125702742844805
0.49168440493160914
0.5645098105325201
0.6276285428831411
0.6791785416048417
0.6943339520017825
0.6874264630548532
0.6679289604195061
0.6419107832358978
0.6131946410092722
0.5841281092658607
0.5560971220656982
0.5298668816660002
0.5058074343214938
0.4775254953598213
0.39383204675203093
0.2998475335551392
0.20726781429308017
0.12064662774545003
0.0428178781215956
0.0
0.0
-0.1247162414631835
-0.23783289513568628
-0.3304008559088363
-0.41636791729428735
-0.4964445388796421
-0.5687899260595353
-0.6313000111236491
-0.6806287513756331
-0.6942632422907647
-0.686470553314129
-0.6664968793437043
-0.6402617202263116
-0.6114892205720982
-0.5824625406962948
-0.5545258912457837
-0.5284177832735316
-0.5044914894647324
-0.4714620845632678
-0.3868969003967697
-0.2930187233950321
-0.20090545083780337
-0.11496403286554385
-0.0379759505568959
0.0
0.0
0.13406255311652499
0.24404076545623127
0.33596424078518305
0.42166389677896277
0.5014168518762111
0.5733044461552663
0.635222499570862
0.6821268854013001
0.6942816329491539
0.6856239891779365
0.665181301677287
0.6387283699720101
0.609894114070656
0.5808994264239171
0.5530481533108011
0.5270529552714807
0.5032508335249343
0.4657033644474071
0.38032892705360927
0.2865743055949951
0.19492499580229905
0.10964698232717116
0.033471324739446556
0.0
0.0
-0.1429223922403202
-0.24995323712600756
-0.3412798907096595
-0.4267361071085169
-0.5061900039965019
-0.5776493296207947
-0.6390097469841894
-0.683593017225316
-0.6943296783111871
-0.6848418221107252
-0.6639476630129312
-0.637283707144601
-0.6083878520793266
-0.579421457699155
-0.5516497678526375
-0.5257607108872255
-0.5020757112882366
-0.46017770421505616
-0.37402671528585246
-0.2803937108354956
-0.18919312457859538
-0.10455504208654888
-0.029161931024773186
0.0
0.0
0.1513893102237989
0.2555995382788729
0.3463536432749555
0.4315754826302236
0.5107420855993714
0.5817908649147369
0.6426173646348805
0.6849838550362142
0.6943665742823811
0.6840864418194277
0.662761822943434
0.6358970744076006
0.6069431194212828
0.5780044366139652
0.5503093898922958
0.5245222819714364
0.5009496602482064
0.454884075858713
0.3679879146727708
0.2744700032013381
0.18369799792460056
0.09967188027237986
0.025027603323813402
0.0
-0.003525526230288595
-0.15939772688774598
-0.2614060336136485
-0.3516417246663237
-0.43656118819594314
-0.5153454012915897
-0.5858839417833263
-0.646079487549233
-0.6861856636735977
-0.6941970822134865
-0.6831233417996728
-0.6613763481478862
-0.6343240463342663
-0.6053276760981836
-0.5764331483667889
-0.5488309298413381
-0.5231611145492443
-0.4997150681978938
-0.44949876971882397
-0.36185645593925236
-0.2684507582615915
-0.1781059646739958
-0.09469267841165263
-0.02080043933115551
0.0
0.015788350680185886
0.16721148525778198
0.26821330663087395
0.35798822076334746
0.44240119430508484
0.5205277254920555
0.5902573611133025
0.6495179648930154
0.6870267586517285
0.6934854191710099
0.6815352323629739
0.6593441533529272
0.6321192126680018
0.6031160942341706
0.5743119863814885
0.5468530759765787
0.521351341058444
0.49808067064775974
0.44440140714483567
0.3560766270730585
0.2627086824318663
0.17268298527000298
0.08976570578070256
0.016508278778819954
0.0
-0.02800529683606784
-0.1749913870885966
-0.2749853102176214
-0.36429635204431243
-0.44820056278284576
-0.5256684982551945
-0.5945897618565054
-0.6529173610117682
-0.68785003126357
-0.69276910935671
-0.6799503689638842
-0.6573196754986814
-0.629924377693726
-0.600915416994033
-0.5722017928203336
-0.5448857598092255
-0.5195514041122113
-0.4964552804763675
-0.4394817539671211
-0.35050454213559795
-0.2571701820120686
-0.16744748507705703
-0.08500344902113406
-0.012353230208547242
0.0
0.03963781686838297
0.18234842245370095
0.28135572517751856
0.3702049641889504
0.45360837212394106
0.5304363144222617
0.5985786665665956
0.6560125914336636
0.6885326223098218
0.6920135951229458
0.6783872365205645
0.6553515876718964
0.6278037676702733
0.5987962133687271
0.5701738298862251
0.5429976078572983
0.5178254629238271
0.4948977105312632
0.43474881017521116
0.3451378360099657
0.2518302988044856
0.1623944381738373
0.0804019654989997
0.00833321236070017
0.0
-0.05082835768108723
-0.18941372134742446
-0.2874659590297273
-0.3758669134326095
-0.45878558286118787
-0.534995823822438
-0.6023877729949453
-0.6589618319809469
-0.6891731164660049
-0.6912784536360624
-0.6768800898549042
-0.6534578949062317
-0.6257651295402079
-0.596759909039401
-0.5682257708145821
-0.541184201203199
-0.5161680652988148
-0.49340213781123826
-0.430217842623269
-0.34000115400840286
-0.24671949844760016
-0.15755820018914105
-0.07599787483587919
-0.0044855497741038974
0.0
0.06155040153673941
0.19618618146074993
0.29332491607841377
0.381297545983353
0.4637527560030551
0.5393719477809842
0.6060454932725214
0.6617960450013753
0.689793086816696
0.690578854199331
0.675439711238285
0.6516463574028674
0.6238141275137944
0.594810702484654
0.566360778961624
0.5394479637218118
0.5145810998362975
0.4919700577341419
0.4257364890054658
0.3349207882357769
0.24167441062856976
0.152795809805628
0.07167352321670728
0.0007209803071216436
0.0
-0.07220052587523723
-0.20294217674608203
-0.2991857237693529
-0.3867397367787804
-0.4687384113056432
-0.5437718112885304
-0.6097307138096828
-0.6646600308761245
-0.6904211738791355
-0.6898743779740508
-0.6739870757052551
-0.6498187759501876
-0.6218455544526867
-0.5928437827748316
-0.5644787467165714
-0.5376958057986403
-0.5129795472551599
-0.4905247915828806
-0.42078442255946574
-0.3292928147237156
-0.23609788917526608
-0.14754982776353762
-0.06693054051832205
0.0
0.0
0.0813611328906585
0.20901768669944437
0.3046149036542369
0.39188852884766057
0.4735492320876201
0.5481118172504502
0.6134679702946418
0.6676822631027419
0.6912243587963554
0.6893473700394478
0.6727057208170639
0.648151553582997
0.6200241202987608
0.591010003461353
0.5627159990806225
0.5360497512281693
0.5114718730966014
0.4891622590156441
0.41581995635520524
0.32359439512115956
0.23040609640475146
0.14215273482138496
0.06200924637492547
0.0
0.0
-0.09003936144879393
-0.2148065943378808
-0.3098067225385673
-0.39682415819225536
-0.4781708060094509
-0.5522906372784008
-0.6170763156423742
-0.6706111478511554
-0.6920109946082152
-0.6888493693443876
-0.6714787404316183
-0.6465512002214787
-0.6182739988626408
-0.5892470893176067
-0.5610208316657556
-0.5344664750460024
-0.5100214945114371
-0.48785137544676294
-0.4110865415621603
-0.3181542829137477
-0.22496224394920517
-0.13698012789220546
-0.05728180225404475
0.0
0.0
0.09840431553404902
0.2203968303776926
0.31482701183008177
0.4016018465262864
0.48264948003399477
0.5563456392115727
0.6205838590694241
0.6734654332809976
0.6927943636830812
0.6883898995207532
0.6703130567370682
0.645022823463948
0.6165990200979841
0.5875579607414136
0.5593955090855429
0.5329477622641979
0.5086298402639268
0.48659330063117423
0.40656032535958786
0.3129543782013804
0.2197601260019811
0.13203838924835765
0.052766453416418946
0.0
0.0
-0.10640487292016892
-0.22574497548904976
-0.31963058839507497
-0.4061736572793404
-0.48693541149542025
-0.5602263358737619
-0.6239408111118866
-0.6761973454717607
-0.6935436591301121
-0.6879493768503712
-0.6691964759200533
-0.6435590654708254
-0.6149949643083878
-0.5859404107523662
-0.5578390939502154
-0.5314934569292169
-0.5072972174133071
-0.4843879508617814
-0.4016851245489431
-0.3075850481397281
-0.21448208640141314
-0.12709580888068267
-0.04831928834962036
0.0
0.0
0.11435935923358187
0.2310317769457007
0.32436117291592764
0.41066390114555607
0.49113428348445826
0.5640176075553437
0.6272090721762923
0.6788442808629337
0.6942518957495848
0.6874951952914067
0.6680828205580639
0.642107793369981
0.6134084449750214
0.5843425985267642
0.5563028599971733
0.5300587306693463
0.5059829866333364
0.47835649337060016
0.39478128566779663
0.30077988054854704
0.20813391738696424
0.12141752770136618
0.04347189594439871
0.0
0.0
-0.1234415160026468
-0.23698579367024425
-0.3296420317940498
-0.41564627201982496
-0.49576794222926746
-0.5681768009122975
-0.6307687419076684
-0.6804317500035301
-0.6942698587313626
-0.6865958002558786
-0.6666860626286119
-0.6404801705154674
-0.6117154422460643
-0.5826836487342342
-0.5547345789773314
-0.5286103135362672
-0.5046663691411384
-0.4722736077602343
-0.3878246092411508
-0.2939314068930185
-0.20175492255159339
-0.115721835157163
-0.03862067258833567
0.0
0.0
0.13281278578541056
0.2432097402906892
0.33521890281784156
0.4209539511147286
0.5007498936446407
0.5726984772247835
0.6346955401958563
0.6819247880264998
0.6942778778037982
0.6857362261141118
0.6653564892131328
0.6389328459898674
0.6101069702519129
0.5811080947568656
0.5532454727581317
0.5272352280065242
0.5034165420099738
0.46647505192766836
0.3812090138019162
0.28743767694086675
0.19572602375376633
0.11035895420294356
0.03407429320833395
0.0
0.0
-0.14173591356765372
-0.2491614138895054
-0.3405679710399706
-0.4260567761940375
-0.5055507156539315
-0.577067392058256
-0.6385024890845123
-0.683396669992079
-0.6943232803891026
-0.6849466275643628
-0.6641129395386351
-0.6374772469779618
-0.6085896399848022
-0.5796194528614454
-0.5518371002593166
-0.525933823395276
-0.5022331332418112
-0.4609181314270568
-0.3748712367966387
-0.28122196945735234
-0.18996128357501657
-0.10523747430270187
-0.029739520075445225
0.0
0.0
0.15025452740138096
0.2548427775419319
0.3456736109830777
0.43092685628574234
0.5101319579450792
0.5812357555027783
0.6421338091262553
0.6847974047399105
0.6943615886427157
0.6841876442598647
0.6629207212518587
0.6360828874417707
0.607136722632497
0.5781943288848947
0.5504890129038728
0.5246882438203907
0.5011005629393006
0.45559337016149715
0.36879704923566564
0.2752637149947143
0.18443428391238353
0.10032616948228408
0.025581557110571307
0.0
-0.0019046439989033603
-0.15836137299526523
-0.26050085476119206
-0.3507960949536896
-0.4357814378269674
-0.514651779019092
-0.5852967101624283
-0.6456155892395108
-0.6860683603085609
-0.6942871952397209
-0.683330741175957
-0.6616433937125447
-0.6346145313288433
-0.6056194556933977
-0.5767132347460459
-0.5490922370302944
-0.5234003055843364
-0.49993113791496513
-0.45032336374665644
-0.3627917576098515
-0.26937044245150144
-0.17896298076380823
-0.0954588768771017
-0.021454500048777414
0.0
0.01392423520433586
0.16603212452272595
0.26719137067425447
0.35703955037985
0.4415320525355253
0.519760465995671
0.5896143194812136
0.6490176266360788
0.686913453108122
0.6936029751018489
0.6817825956751731
0.6596567700078536
0.6324565989644707
0.6034535508526511
0.5746350859189686
0.5471540053984887
0.5216264834775262
0.4983290140473096
0.4451575232561436
0.3569339633968609
0.263561604987971
0.17348994377253113
0.09050039454582409
0.01714996296923267
0.0
-0.026191190820345656
-0.17383826395308916
-0.2739829570573878
-0.3633636844459362
-0.44734407703989143
-0.5249102880034006
-0.5939519063809375
-0.6524182002321363
-0.6877314988014619
-0.6928779212170858
-0.6801873072692144
-0.657621330280171
-0.6302509562932823
-0.6012426170830927
-0.57251539532213
-0.5451780409466502
-0.5198187629109796
-0.49669667732061284
-0.44021253603127075
-0.35133238856500376
-0.2579931962918784
-0.16822563014067565
-0.08571141175895805
-0.012971083095383931
0.0
0.037911559769753606
0.1812574587435349
0.28041158599686766
0.3693296473516833
0.45280759891937783
0.5297306810029239
0.5979887272520215
0.655555314388459
0.6884326381661146
0.6921265360238444
0.6786197068357414
0.6556439444315643
0.6281186242251113
0.5991107759242714
0.5704747994104787
0.54327779768491
0.5180815626426217
0.49512881470517356
0.43545086483452233
0.34593390461078166
0.252622407809589
0.16314402002692086
0.0810845837896394
0.008929595360791867
0.0
-0.04916818089181535
-0.18836551453650233
-0.28655941931571993
-0.3750268590308019
-0.4580174226825543
-0.5343192847901581
-0.6018225439165187
-0.6585241546851935
-0.6890779547373806
-0.6913873812323964
-0.6771035580395699
-0.6537387201519376
-0.626067469432411
-0.5970619136497578
-0.5685146940902988
-0.5414531575863886
-0.5164138855444191
-0.4936239582220138
-0.43088985400108143
-0.3407629836023018
-0.247477469832021
-0.15827543224192203
-0.0766509982995685
-0.005056135347826729
0.0
0.05996024978278419
0.1951817599614043
0.2924559636968139
0.3804921106252942
0.46301605022899517
0.538722895617716
0.6055029838355106
0.6613756674266023
0.6897011178691616
0.690682599898532
0.6756533278080136
0.6519150242540089
0.6241034806102992
0.5950997906163332
0.5666373779268935
0.5397054674580466
0.5148164651326967
0.4921824519290307
0.42646362043074765
0.3357452620962985
0.2424892544255996
0.1535602399671561
0.0723625246048967
0.001315263620951579
0.0
-0.07045064098857484
-0.20181967927888797
-0.29820505458578894
-0.3858248811312306
-0.46789688910235505
-0.5430259387135011
-0.6091026690623524
-0.6641682691485408
-0.6903123479635376
-0.6899938298117181
-0.6742347451390889
-0.6501307572310056
-0.6221817826508288
-0.5931798254362368
-0.5648003432043024
-0.5379952442708025
-0.5132532694047509
-0.4907718165883741
-0.4216322453686529
-0.33026173602501374
-0.2370638850430593
-0.14846456627772603
-0.06776362474032632
0.0
0.0
0.07988077159782297
0.20802881698972797
0.3037271030381603
0.39104379397797273
0.47275750701087726
0.5473951288696228
0.6128481919709884
0.6671780855193425
0.6910862252436448
0.6894288998989085
0.6729120555018958
0.6484219706726261
0.6203204237169673
0.5913087822162719
0.5630034755386382
0.5363183614825848
0.511718004783926
0.48938476160112854
0.41663381999703686
0.32452933600579026
0.23134061231074063
0.14303949855804038
0.06281845672061706
0.0
0.0
-0.08861214909170981
-0.21385420540621503
-0.30895234969428875
-0.3960117848057844
-0.4774099733119541
-0.551602533388821
-0.6164819693483198
-0.6701285083469809
-0.6918809178924109
-0.688930739236866
-0.6716801233612548
-0.6468140784264843
-0.618561574171715
-0.5895368178556032
-0.5612994559384882
-0.5347267264588509
-0.5102599121138318
-0.4880668696194838
-0.4118629816393263
-0.319046650696002
-0.2258553262143117
-0.13782883181189298
-0.05805759379294395
0.0
0.0
0.09703098824005202
0.21947889923744954
0.3140025792931886
0.40081719054040804
0.4819138727976176
0.55567955594752
0.620007632423135
0.6729964434001634
0.692665474942945
0.6884651290996971
0.6705042816189867
0.6452736306745083
0.6168739222808205
0.5878352052282586
0.5596622923798235
0.5331970534681315
0.5088582796623964
0.48679981582758486
0.4073033283353287
0.31380795451846805
0.22061404668073303
0.1328495498426937
0.053507605154400006
0.0
0.0
-0.10509180335467869
-0.2248672717863128
-0.31884228667350273
-0.40542341440542773
-0.48623210593875643
-0.5595895538106562
-0.6233899995364958
-0.6757491257035401
-0.6934208046429279
-0.6880217774787655
-0.6693798164424671
-0.6437993723623905
-0.615258286465497
-0.5862059387458499
-0.5580945809577531
-0.5317321792219738
-0.5075159636281411
-0.4853828715193728
-0.40282465949042645
-0.3087094956987484
-0.21553233083271106
-0.12803659831169395
-0.04912388312190166
0.0
0.0
0.11287014053950042
0.23005973883141334
0.323501824288921
0.4098552533859609
0.4903842670232507
0.5633465551231043
0.626637180393559
0.6783885613848714
0.694140023107258
0.6875889024338888
0.6682925881234619
0.6423763901395716
0.6136999378710246
0.5846350257303627
0.5565833559423874
0.530320290932668
0.5062223285538646
0.47948944717660397
0.3960754450141179
0.3020510100350155
0.2093147322431732
0.12246854590811851
0.04436356111318131
0.0
0.0
-0.1217035996136866
-0.23583088497383803
-0.32860747736938883
-0.4146624059338864
-0.49484549387171506
-0.5673408873961272
-0.6300444279232165
-0.6801631651797182
-0.6942788793565139
-0.6867665575832179
-0.6669439885440626
-0.6407779980473157
-0.6120238650138635
-0.5829850997484026
-0.5550190965774416
-0.5288728026049628
-0.5049047940138902
-0.4733800102819466
-0.3890894152364382
-0.2951757278532473
-0.20291306276221677
-0.11675499646363083
-0.0394996641982554
0.0
0.0
0.13110889644266882
0.2420767494628247
0.334202734937888
0.41998603587074823
0.4998405859722973
0.5718723202458188
0.6339771020987993
0.6816492554897265
0.6942727581691329
0.6858892460520233
0.6655953338107449
0.6392116214859133
0.6103971709714794
0.5813925859096002
0.5535144912346531
0.5274837323184722
0.5036424631991677
0.46752714381774174
0.3824088934865537
0.2886147674267793
0.19681811742253408
0.1113296319133124
0.03489635946224222
0.0
0.0
-0.1401183097822009
-0.24808186960920503
-0.33959736450556166
-0.4251306000358369
-0.5046791321465653
-0.5762739986111202
-0.6378109112941802
-0.6831289769984632
-0.6943145576844967
-0.6850895156772683
-0.6643382718094836
-0.6377411124601592
-0.6088647506018536
-0.5798893925842575
-0.5520925027517198
-0.526169838972111
-0.5024477568620094
-0.46192760415385503
-0.37602262807253434
-0.28235118847570906
-0.1910085648528573
-0.10616787866781664
-0.03052698491263764
0.0
0.0
0.14870740394143214
0.25381103625491186
0.3447464785913086
0.4300425416711191
0.5093001311066122
0.5804789386237134
0.641474546352091
0.684543204886135
0.694354791394875
0.6843256201497978
0.663137357682948
0.636336218474502
0.6074006745218573
0.5784532214072471
0.5507339046749388
0.5249145104371399
0.5013062984236142
0.4565603973619149
0.36990019517670336
0.27634583406781904
0.1854381106380148
0.10121820465080832
0.026336798450402543
0.0
0.0
-0.1569386773814141
-0.25930054525815327
-0.3496796060333276
-0.43474802499681575
-0.5137265171730308
-0.5845063927276949
-0.6449831116630695
-0.6858968025039284
-0.6943921343814891
-0.6835926771310409
-0.6619858398725215
-0.6349893844123186
-0.6059972406886345
-0.5770766131512879
-0.5494316978416891
-0.5237113148596381
-0.5002122617641089
-0.45142022150105404
-0.3640367002210143
-0.270594246819792
-0.18010278629728493
-0.09647717633280695
-0.02232293503345452
0.0
0.011441481458895675
0.16445939791059017
0.26582727691060265
0.35577228252335363
0.44037011273297516
0.5187337737479893
0.5887527755556075
0.6483460090321559
0.6867591390282304
0.6937573503474002
0.6821106588096395
0.6600722695090426
0.6329054333251083
0.6039027025051527
0.5750652590660787
0.5475547410441735
0.5219929295681627
0.49865980000459753
0.44616225854110064
0.3580731903290322
0.26469511536307744
0.17456255138805965
0.09147713809258044
0.018003272977819867
0.0
-0.02377579455928741
-0.17230203243743267
-0.27264701655462986
-0.36212020551462554
-0.4462017798295671
-0.5238986524794249
-0.5931003953612405
-0.6517512998506904
-0.6875721544126306
-0.6930217882218649
-0.6805021114023249
-0.6580225300532142
-0.6306854932630631
-0.6016780827317242
-0.5729328234515353
-0.5455671248979729
-0.5201746929470455
-0.49701805912196345
-0.44118521405567585
-0.35243417756523715
-0.25908847863301204
-0.16926112718280156
-0.08665344437431938
-0.013793141501599479
0.0
0.03561470351451784
0.17980595163990257
0.279155476176422
0.3681651442618702
0.4517423123241342
0.5287920118795708
0.597204019967099
0.6549471408611999
0.6882998400197827
0.6922770231542178
0.6789292117834812
0.6560331102402092
0.6285377075686894
0.5995294502189245
0.5708753713839876
0.543650706832001
0.5184224059088088
0.4954363888508888
0.43638540086719957
0.346993622468997
0.2536768824387934
0.16414190698334313
0.08199334945700268
0.009723580916107963
0.0
-0.04695823311544986
-0.1869702501645478
-0.2853527646732756
-0.3739087270903064
-0.45699500872671045
-0.5334188440473698
-0.6010702807885141
-0.6579416850284264
-0.6889513714092558
-0.6915324364088651
-0.6774010610818586
-0.6541125592847276
-0.626469938372388
-0.5974639303890265
-0.5688992940301448
-0.5418111765179385
-0.5167411056927114
-0.4939192304878896
-0.431784303706933
-0.3417769788273816
-0.24848633236577947
-0.15923007432651098
-0.077520315509681
-0.005815598044011869
0.0
0.05784367419932113
0.19384480716852895
0.291299319402905
0.37942000472205484
0.46203542191815017
0.537858934720485
0.6047808337882101
0.6608160793034974
0.6895786690830876
0.6908206649668232
0.6759376421910069
0.6522726174897806
0.6244886113847006
0.5954845710669199
0.5670055364891474
0.540048210738858
0.5151297421758311
0.4924651542021879
0.4273781384044145
0.3367820920936159
0.24351701790388242
0.15452814070929013
0.073238952757358
0.0020755968472489367
0.0
-0.06826688617369014
-0.20042846418773755
-0.29699488795547746
-0.3846991360903419
-0.4668639557252271
-0.5421128346887292
-0.6083362948824961
-0.6635709297465925
-0.690180891815584
-0.6901400582797435
-0.6745369023415435
-0.6505110847737289
-0.6225915343637793
-0.5935892781248475
-0.565192151281318
-0.5383600307500271
-0.5135867110477521
-0.49107272600358604
-0.4226639602722609
-0.3314368383989811
-0.23823107736575505
-0.14956544049344092
-0.06876183466495882
0.0
0.0
0.07809092628712236
0.2068310803059559
0.30265051190402437
0.39001856209202135
0.4717958581461867
0.5465238732188373
0.6120939521378461
0.6665636339237003
0.6909167623844901
0.6895265408771863
0.6731615191061611
0.6487494549100193
0.6206794993433118
0.5916709866537067
0.5633520531457524
0.5366441083762218
0.5120165200067638
0.4896546368787117
0.41762912519643036
0.32567296493949927
0.23248354836823856
0.1441237687936136
0.06380759899387363
0.0
0.0
-0.0868701131153845
-0.21269230269068604
-0.3079103927324466
-0.39502133132596784
-0.47648263403327606
-0.5507641368327624
-0.6157581456482595
-0.6695411247744161
-0.6917235369364128
-0.6890311947297318
-0.6719268692392283
-0.6471357300652338
-0.6189132469715044
-0.5898910183073156
-0.5616400199863172
-0.5350447961141046
-0.510551274071864
-0.48833020283879586
-0.41281101924891217
-0.32013632119960383
-0.22694600613152638
-0.1388654604495212
-0.05900531460995774
0.0
0.0
0.09535285139971372
0.21835706513577047
0.31299489703699424
0.39985803177155177
0.48101457632573624
0.5548651503639662
0.6193029738927461
0.6724227820481877
0.6925074720555678
0.6885566122121737
0.6707375612759121
0.6455797662480298
0.6172095439251639
0.5881737268811366
0.5599880640471627
0.5335014795527764
0.5091372510804697
0.4870520189398759
0.4082104579107033
0.3148500217905882
0.22165648111790598
0.1338397337690526
0.05441227992007565
0.0
0.0
-0.10348864715392223
-0.22379560563672032
-0.31787974765838867
-0.40450732661859146
-0.4853733149652462
-0.5588119776694318
-0.6227173861002151
-0.6752017727197743
-0.6932707646888708
-0.6881101700387647
-0.6696036821747822
-0.644092802822759
-0.6155798230274064
-0.5865301703777511
-0.5584065526275684
-0.5320236802826853
-0.5077830724745458
-0.4858278130890116
-0.4038035683517992
-0.3097870559429517
-0.21659133849389395
-0.12902812063426805
-0.05001584665427994
0.0
0.0
0.11127473089046211
0.2289995066785544
0.3225532132966488
0.4089548893274283
0.4895423739684628
0.5625864348465109
0.6259819705735926
0.6778579709319226
0.6939981438761491
0.6876800840701951
0.6685159868898563
0.6426674720292379
0.6140181272107226
0.5849554697423855
0.5568914444052016
0.5306080186469975
0.506485889208601
0.48069907839324677
0.39746002476812237
0.30341578618061454
0.2105878415256333
0.12360729444736454
0.04533566191214848
0.0
0.0
-0.1198819244380423
-0.23463656307010547
-0.3275481316129281
-0.4136628964174591
-0.49391590011036723
-0.5665064380298318
-0.629330212633131
-0.6799167030729274
-0.6943161008253236
-0.6869678621441757
-0.667232528636234
-0.6411051726457833
-0.6123596427144733
-0.5833115751454374
-0.5553262098122485
-0.5291555048390102
-0.505161178261508
-0.47455355759304846
-0.390432188980201
-0.2964988192952093
-0.20414676899840972
-0.11785792321335481
-0.04044052736671838
0.0
0.0
0.1292979691640868
0.2408744130085836
0.3331253881311073
0.4189604821063624
0.498877648169833
0.5709979268628708
0.6332172150383878
0.6813579400439437
0.6942675180053133
0.686051297433193
0.6658481692619254
0.6395066871880628
0.6107043096702364
0.5816936706538957
0.5537991941871198
0.5277467209785389
0.5038815498629767
0.4686358938325107
0.38367294820248593
0.2898545192023996
0.19796808404984362
0.11235149427022682
0.03576151689817586
0.0
0.0
-0.13841246237731503
-0.24694279095977706
-0.33857283939526295
-0.4241526944558775
-0.5037586134206333
-0.5754357972348666
-0.6370799890438725
-0.6828455462775096
-0.6943045550607798
-0.6852396218409497
-0.664575476975355
-0.6380190626895659
-0.609154636738577
-0.5801738808156868
-0.5523617004419163
-0.5264186212181127
-0.5026740017794384
-0.46299319825606
-0.3772379722097744
-0.283542999734551
-0.1921137514576403
-0.10714957203478201
-0.031357692393801165
0.0
0.0
0.1470756835449395
0.2527230486827873
0.3437689141435912
0.4291102105119774
0.5084232216228183
0.5796811944770944
0.6407797330803342
0.6842755371116025
0.6943479970824348
0.6844714658298836
0.6633661223696521
0.6366036472344383
0.6076792728068041
0.5787264558346421
0.5509923486072881
0.525153289779269
0.501523405726457
0.4575809842475913
0.3710644827738432
0.27748797299827327
0.1864976585882584
0.10215980018158559
0.027134046843260137
0.0
0.0
-0.15537268626389814
-0.25825612946295856
-0.34874101335806357
-0.4338527162916796
-0.512884282493181
-0.5837400320570025
-0.6443154489857132
-0.6856391072753295
-0.6943848551393846
-0.6837319514060457
-0.6622047590324512
-0.6352454756342208
-0.6062641138359275
-0.5773383963553913
-0.5496793391022614
-0.5239401311980704
-0.5004203215175719
-0.4523974609325632
-0.3651514254065116
-0.2716876759647671
-0.18111706110360154
-0.09737845380019926
-0.023085958612951096
0.0
0.009208186350203235
0.16303135189068227
0.26457990318109875
0.3546069125238326
0.4392954791875279
0.5177777855460148
0.5879433607385498
0.647706521550784
0.6865973208281742
0.6938813952508346
0.6823963551829659
0.6604401806288575
0.6333056603157602
0.6043047256127723
0.5754511781200824
0.5479147894512281
0.5223225074520313
0.4989575211132138
0.4470504788907133
0.3590802313320903
0.2656981036756841
0.17551287793883652
0.09234385539298755
0.018761895579193874
0.0
-0.021608157470393352
-0.17091729757796317
-0.27143898206767214
-0.3609929828053401
-0.44516367066481966
-0.522976539737987
-0.5923211597095656
-0.6511373699031636
-0.6874188902465191
-0.6931440921431872
-0.6807801287860653
-0.6583796220239674
-0.6310735288685462
-0.6020676332340557
-0.5733066378321935
-0.5459157999699991
-0.5204938098597575
-0.4973062984146934
-0.44205594992302005
-0.3534199366838992
-0.2600679081160354
-0.17018660689549192
-0.08749491155128268
-0.014526958605046797
0.0
0.03356402004443507
0.17851045456505577
0.27803471242928607
0.3671264105853901
0.4507923849256109
0.5279553342714524
0.5965049787100638
0.6544058553643255
0.6881828604606599
0.6924128293905977
0.6792068505250158
0.6563817332451154
0.6289129108018618
0.5999041676341225
0.57123381713844
0.5439843562510547
0.5187273385594433
0.4957115404490061
0.43722262676777884
0.3479432360243344
0.2546219845918906
0.1650364628304138
0.08280817775970109
0.010435658400792969
0.0
-0.044978310416606965
-0.1857206061516925
-0.2842722958829089
-0.3729077059933882
-0.45607984934597795
-0.532613039801892
-0.600397278963383
-0.6574208213462083
-0.6888385790057693
-0.6916627701080401
-0.6776678195204898
-0.6544476080778195
-0.6268305733173131
-0.5978241205556387
-0.5692438563324469
-0.5421319108225852
-0.5170342397830623
-0.49418373899857027
-0.4325849817063964
-0.3426846501051204
-0.24938942649751317
-0.1600846575851602
-0.07829854536669002
-0.0064955153511638
0.0
0.055948472846962194
0.19264758639304938
0.2902634944980283
0.3784598351307295
0.4611571278704605
0.5370850777947839
0.6041339345943908
0.6603147260563771
0.6894688031128946
0.690944115181084
0.6761920818478471
0.6525926988890619
0.6248333707551981
0.5958290326394664
0.5673351271205953
0.5403550542070958
0.515410209312776
0.49271825096381483
0.42814529190007555
0.33765171358691987
0.24438213520108681
0.15534665403156794
0.07398419670858775
0.0027265489381870095
0.0
-0.06645267569063176
-0.19928258527155404
-0.29600360802510645
-0.3837803583441302
-0.46602362425015975
-0.5413725367902664
-0.6077175771424818
-0.6630915729040875
-0.6900761986878461
-0.690258635668213
-0.6747808104095703
-0.6508177792143812
-0.6229218104165772
-0.5939192340608856
-0.5655078421492307
-0.5386539213411237
-0.5138553309453012
-0.4913151267004747
-0.42349400350241423
-0.33237803551540307
-0.23916130864834276
-0.15043814503797748
-0.06954845183226843
0.0
0.0
0.0766632499027827
0.2058734347809718
0.3017883800938823
0.3891966433212074
0.471024116138487
0.5458238827247452
0.6114871361936784
0.6660683421684463
0.6907789889681564
0.6896034365032123
0.6733605005728812
0.6490112446317916
0.6209667993912388
0.5919609265967297
0.5636311640166093
0.5369049863384436
0.512255619157288
0.4898708156394488
0.4184350547709525
0.3265992641804025
0.23340910489824152
0.14500154044958308
0.06460804320880485
0.0
0.0
-0.08546305655746517
-0.2117544242242085
-0.3070697200246172
-0.3942225102831145
-0.47573500573041755
-0.5500885280416743
-0.6151752187889516
-0.6690684988165551
-0.6915978797771847
-0.6891135287210325
-0.6721271571454756
-0.6473963574404767
-0.6191979924952971
-0.5901776996875129
-0.5619156001677664
-0.535302135107743
-0.510786980414759
-0.48854321890969343
-0.4135770960690309
-0.3210169353593591
-0.2278275799440544
-0.13970349908984975
-0.05977163456119612
0.0
0.0
0.09399543992376236
0.2174494580863755
0.3121795209792255
0.3990818195057164
0.48028670873689966
0.5542058819864608
0.6187324216783658
0.6719581479515623
0.6923791320860824
0.688630143851636
0.6709258485850494
0.6458270372764008
0.6174807112150236
0.5884472797833382
0.5602513385564782
0.5337475184349156
0.5093627266973667
0.4872558653168838
0.4089433944340312
0.31569192027869386
0.22249862015771144
0.13463960850057977
0.05514302800647519
0.0
0.0
-0.10219330393352169
-0.2229296431704604
-0.31710193238405004
-0.4037670272802564
-0.48467930070322246
-0.5581835792024942
-0.6221737964415621
-0.6747593969900415
-0.6931494868856585
-0.688181587944244
-0.6697845872101703
-0.6443299297271706
-0.6158396660887394
-0.5867921930374428
-0.5586586685392213
-0.5322592537079198
-0.5079989339549018
-0.48602295270373025
-0.40450665842779954
-0.31059489551042685
-0.21739957500065576
-0.1297959446240907
-0.05071745716279173
0.0
0.0
0.11003295973831317
0.2281697115397724
0.3218080930087993
0.40824585295903937
0.4888777984254584
0.5619848251821634
0.625461699563983
0.6774347384370571
0.6938823972048472
0.6877488476444965
0.6686895705350865
0.6428948643603606
0.614267241741612
0.5852066411512873
0.5571331003840828
0.5308338069596478
0.5066927771694995
0.4816395786910243
0.39853724444214045
0.3044787822866625
0.21158073354505252
0.12449675500338094
0.04609640835408435
0.0
0.0
-0.11847379139576988
-0.23371740740761252
-0.326735504572339
-0.41289818925187954
-0.4932066138365336
-0.5658718006938013
-0.6287893240012108
-0.6797349080098614
-0.694351772995826
-0.687129013166474
-0.6674600835310296
-0.6413617983932727
-0.6126222964747098
-0.5835665427046814
-0.5555658100142519
-0.5293759075624328
-0.5053609658079067
-0.4754641068167697
-0.3914743360663555
-0.29752619680867237
-0.20510529005792538
-0.1187154110429616
-0.04117262991547614
0.0
0.0
0.12789198750303488
0.23994138106229163
0.33228959907657174
0.4181650290129686
0.49813088915788595
0.5703199541848837
0.6326281485828942
0.6811321387999058
0.6942634978311778
0.6861769689313104
0.6660442187127187
0.6397354725866518
0.6109424513519982
0.5819271156932752
0.554019936065668
0.5279506258910102
0.5040669220443269
0.46949440455711816
0.38465160289802885
0.2908142850243867
0.19885827642678305
0.11314245767420386
0.03643112040628069
0.0
0.0
-0.13709133967907705
-0.2460604537126772
-0.33777913961148903
-0.4233950422311939
-0.503045360175511
-0.5747862620977182
-0.6365135157500463
-0.682625759478063
-0.6942966107441608
-0.685355732491811
-0.6647590816727882
-0.6382342501097732
-0.6093790871389554
-0.5803941642460692
-0.5525701516021245
-0.5266112684163703
-0.5028491998501246
-0.4638187270588931
-0.3781794998499167
-0.2844662646726268
-0.1929698748156442
-0.10790999447069036
-0.03200111966887696
0.0
0.0
0.14581191847378056
0.2518804457424312
0.3430118570075339
0.4283882048130751
0.5077441556894553
0.5790634552609588
0.6402417241586369
0.6840683353409973
0.6943428272969466
0.6845845033012179
0.6635433699468605
0.636810830950183
0.6078950993889156
0.578938121249875
0.5511925528433472
0.5253382586392855
0.5016915851221706
0.45837159529505145
0.3719664240324879
0.27837276704657726
0.1873184817307683
0.1028892575285204
0.027751689488562922
0.0
0.0
-0.15415952762756713
-0.2574470336505449
-0.3480138989035377
-0.4331591339653325
-0.5122318161257375
-0.5831463442323106
-0.6437982209249108
-0.6854394711607873
-0.6943792105290122
-0.6838398386708178
-0.6623743457223439
-0.6354438590896152
-0.6064708502416115
-0.5775411901307351
-0.5498711778470721
-0.524117387085271
-0.5005814980980743
-0.45315445770291035
-0.3660149199314902
-0.27253467276335863
-0.18190274202968315
-0.09807660345763648
-0.023677012869592257
0.0
0.007478198367572408
0.16192513101043965
0.2636136338670319
0.3537041636573284
0.4384630159739188
0.5170372276631943
0.5873163427173467
0.6472111346901007
0.6864719590317793
0.6939774768619636
0.6826176602620143
0.6607251738631312
0.6336156877213566
0.6046161451384491
0.5757501234107906
0.5481936947896442
0.5225778094972032
0.49918814594787037
0.44773852879402776
0.3598603240425053
0.266475056411173
0.17624903621300533
0.09301524614472491
0.019349551521531186
0.0
-0.019929030946716275
-0.16984463527058005
-0.27050319860378635
-0.36011979944237055
-0.444359518172786
-0.5222622424585978
-0.5917175402611715
-0.6506618021813948
-0.6873001695422021
-0.6932388355137795
-0.6809954927925929
-0.6586562396176026
-0.6313741162063904
-0.6023693938427699
-0.5735962085117907
-0.5461858967153292
-0.520741009699675
-0.4975295792686801
-0.44273045516934956
-0.3541835436427454
-0.26082661217886505
-0.1709035196465608
-0.08814674517687787
-0.015095402513990358
0.0
0.03197548088821045
0.17750691237739225
0.2771665255705766
0.3663217674686738
0.4500565346420221
0.5273072116969972
0.595963474604656
0.6539865549872277
0.6880922436885063
0.6925180301593433
0.6794219201715136
0.656651790011303
0.6292035576239245
0.6001944381177413
0.57151148296644
0.5442428138848454
0.5189635510821073
0.49592468342580515
0.4378711732579297
0.3486788421362379
0.2553540959911853
0.16572941917309725
0.08343937417402163
0.010987260202703991
0.0
-0.04344458776814869
-0.18475258470841463
-0.28343532385620496
-0.3721322770832293
-0.45537093210735413
-0.5319888331320282
-0.5998759460228844
-0.657017340325094
-0.6887512054809722
-0.6917637312981503
-0.6778744605066612
-0.654707149382814
-0.6271099346461539
-0.5981031373617085
-0.5695107672201595
-0.5423803636561014
-0.5172613124586979
-0.494388637227843
-0.4332052170660085
-0.34338776647690017
-0.25008899721685207
-0.16074664993143434
-0.07890139147050063
-0.007022204832141471
0.0
0.05448037872415756
0.191720174257621
0.28946110567877725
0.37771605177005185
0.46047676839061025
0.5364856192399352
0.6036328222727709
0.6599263590951078
0.6893836968813275
0.6910397444148765
0.6763891804127677
0.6528406460045914
0.625100434347354
0.5960958655407068
0.567590440427888
0.5405927467037452
0.515627469709486
0.492914309237234
0.4287395579012903
0.3383253551687941
0.24505228767018294
0.15598070531168706
0.0745614907778989
0.003230800983079485
0.0
-0.06504731986716267
-0.19839494427862772
-0.2952357252373076
-0.3830686384831883
-0.4653726718292134
-0.5407990741492212
-0.6072382950752118
-0.6627202450407157
-0.6899950994520256
-0.6903504901849442
-0.6749697507917445
-0.651055356285668
-0.6231776546925976
-0.5941748303620269
-0.5657523881908604
-0.5388815800667559
-0.5140634140394306
-0.4915028994137902
-0.4241369862394888
-0.33310712223634287
-0.2398819008214761
-0.15111417483424605
-0.0701577951054072
0.0
0.0
0.07555731800697862
0.20513160648705067
0.3011205403186325
0.3885599540791749
0.4704262957056359
0.5452816437155967
0.6110170736992572
0.6656846705104771
0.6906722644829888
0.6896630027449948
0.6735146391062199
0.6492140368059766
0.6211893528255794
0.5921855249938028
0.5638473738069764
0.5371070722314387
0.5124408343627833
0.49003827584800985
0.41905935817062934
0.32731681045617744
0.23412607584136547
0.1456814954289255
0.06522809743949937
0.0
0.0
-0.08437309756301689
-0.21102790824730538
-0.30641850328902814
-0.3936037134234284
-0.47515586469509025
-0.5495651760323742
-0.6147236616942732
-0.6687023849538437
-0.6915005410115506
-0.6891773077327586
-0.6722823077013464
-0.6475982492210776
-0.6194185671018345
-0.590399773881185
-0.5621290749547285
-0.5355014795836096
-0.5109695674246422
-0.4887082291803537
-0.41417052802550447
-0.3216990922530519
-0.2285104802211716
-0.1403526753831849
-0.060365254857088615
0.0
0.0
0.09294393787258398
0.21674639148453895
0.3115478999771868
0.3984805362519635
0.4797228750907414
0.5536951878729798
