0.0
-0.07799999999999996
0.0
-0.18868309333333333
-0.0433760318577779
-0.09141190958345513
0.0
-0.12991265360734983
0.0
-0.09859546399533031
0.0
-0.08295721729593197
0.0
-0.07900243856144107
0.0
-0.16107641539223505
-0.16905145787456924
-0.3069860717032087
-0.33549153335121884
-0.34595810482615824
-0.3567247358755445
-0.37080284201394437
-0.38795146520975365
-0.4072250633978278
-0.4275328221464461
-0.44778223232252945
-0.4669343729869755
-0.4840384705175382
-0.49825915573582447
-0.5088986518545705
-0.5154139195857913
-0.5174284648420139
-0.5147385929893464
-0.5073140565528279
-0.4952932201598451
-0.5063669019415867
-0.5528838937519157
-0.5703267708357328
-0.5700461354970241
-0.5594269426780119
-0.5159133099749659
-0.38957002442051303
-0.25105693618608516
-0.11827670882489333
0.0
0.0
0.04338791802137662
0.206347955523673
0.3216743840335997
0.42693435479594655
0.5270797954586852
0.6204480285528742
0.704268823326622
0.7758829234242594
0.8217662187370691
0.827366704533635
0.809203075512061
0.777936184941614
0.7403510436242973
0.7006796765670144
0.6614825986720352
0.6242349143046938
0.5897149102904996
0.5582607251071489
0.5299390233555002
0.5046550845360361
0.43043682931690275
0.3456485833783215
0.2606104347871505
0.17946394355648604
0.10488956158931734
0.03903726503376853
0.0
-0.09758273527537872
-0.23672889143600803
-0.3403480851208115
-0.43403229403453597
-0.5207368844358474
-0.5989227518878693
-0.6664054098129556
-0.7116399312505892
-0.7215602547034754
-0.7104338193992794
-0.6874908048872596
-0.6586258100703836
-0.6275339518676584
-0.5964681913975801
-0.5667431444500909
-0.5390693428695533
-0.5137742174507518
-0.4409111754412143
-0.34855496894490134
-0.2546800357306053
-0.1652146041414282
-0.08337276460104126
-0.011543831898201587
0.0
0.038774824416069054
0.17497612845458096
0.2706643808698866
0.3571658530197743
0.43877709680660815
0.5143164690035482
0.5816842485654505
0.6388672212152551
0.6776859495904204
0.6853081531123255
0.6743863721029922
0.6531009001171473
0.6266712127390822
0.5983649702334247
0.570170552546828
0.5432444023758575
0.5182077695079741
0.4953428444141233
0.4302056602640597
0.3389759752466231
0.24497085456973505
0.1552507663401867
0.07327773766352903
0.0014988036417078743
0.0
-0.08360857325608628
-0.21001578208923163
-0.30532458456991857
-0.3925377743659118
-0.4742094263488114
-0.5488175843890442
-0.6142418466977392
-0.6685396439708895
-0.6927201185766101
-0.6911521240204156
-0.674613924574727
-0.65003875531659
-0.6218185362429967
-0.5926736707576503
-0.5642323260285483
-0.5374153347962014
-0.5126911576318728
-0.49024408210894505
-0.4164413775166926
-0.3246119069388044
-0.23194562501886562
-0.144175824454906
-0.06443357970758004
0.0
0.0
0.09562636019563553
0.21797360429927432
0.3123098883146556
0.3989717705830379
0.4799776744855584
0.553720385254654
0.6180929354590893
0.6711903625817714
0.691837018904199
0.6882429533899176
0.6706456531182741
0.6456212818932545
0.6173272077370643
0.5883308408997344
0.5601615134550119
0.53367706831988
0.5093065974459815
0.4867832770568506
0.40452160737872567
0.3107912113858439
0.21795324685580159
0.13071664798917726
0.051971659313098995
0.0
0.0
-0.11528444748041417
-0.23075921971901953
-0.3235805823842533
-0.4095472494703327
-0.489752241644783
-0.5624251483692847
-0.6254618978685125
-0.6770007220226223
-0.69306726712537
-0.6867459260680254
-0.6676197700449672
-0.6418316514055825
-0.6132532396602105
-0.5842646423087442
-0.5562733433836481
-0.5300587621603564
-0.5060002728737789
-0.4750873242000793
-0.39111218174046547
-0.29739442359363494
-0.2052424107708563
-0.1191162025067535
-0.0418165939109056
0.0
0.0
0.13146060785973207
0.2416065267807843
0.33335461325284477
0.4188811550018881
0.49853768979394797
0.5704209234453519
0.6324272902673056
0.6806489854309686
0.6936360986948265
0.6854920992966069
0.6653550074113914
0.6390731321008729
0.6103240632832261
0.5813607803936361
0.5535081632226538
0.5274925531639668
0.5036597546213644
0.46525832649154575
0.379891320919616
0.2863270230675505
0.19490337996094803
0.10984989100368639
0.033884725058643775
0.0
0.0
-0.14553924855957204
-0.25119292369237456
-0.3420863721964263
-0.4272894909954916
-0.5065168321201196
-0.5777501499909145
-0.6388857268026509
-0.6832275620698947
-0.6938388178843162
-0.6842986683835408
-0.6633971445573903
-0.6367523764751364
-0.6078903971854943
-0.5789650110004289
-0.5512367449989991
-0.5253906698675401
-0.5017465600764197
-0.4569182556078156
-0.370348893569376
-0.276906065072492
-0.18609621589385494
-0.10195148696796816
-0.02711948761357394
0.0
0.0013498751604554826
0.15757696290453618
0.25954221341028233
0.3497031910348225
0.4345934192044249
0.51340897290022
0.5840399739023977
0.6443851276009136
0.6853862980587031
0.6939544995555474
0.6832162705820012
0.6616612506499514
0.6347089056485697
0.6057544895267573
0.5768662522918104
0.5492492283154842
0.5235529192385157
0.5000746835167227
0.44976062172918513
0.36217682533788514
0.2688515195713797
0.17857905131926702
0.09522234223815954
0.021368384620120626
0.0
-0.017522039218573537
-0.16803702036770451
-0.2687537725191687
-0.35836251879313524
-0.4426268252531428
-0.5206049877463497
-0.5901869193697518
-0.6493043849709993
-0.6867243887223545
-0.6931440969943254
-0.6811857251533986
-0.6590047783917523
-0.6318002349382361
-0.6028226382040179
-0.5740459558145298
-0.5466144125176488
-0.5211388429648506
-0.49789251971284937
-0.4432498189934661
-0.35478537307424896
-0.26147905024234797
-0.1715828194463632
-0.08883074316954463
-0.015762712639519103
0.0
0.03243510749416312
0.17761355652939473
0.27714040798228357
0.36621121033221005
0.44987578309126686
0.5270650174287957
0.5956688309563591
0.6536496246626581
0.687843021809374
0.6923306634791894
0.6792786712392496
0.6565404177982501
0.6291155532959811
0.6001238354860274
0.5714540553042774
0.5441955306518195
0.5189242096136397
0.49589165851716077
0.43738167906031444
0.3481333498865813
0.2548481222215478
0.1652929506610016
0.08308656746288615
0.010726615206387763
0.0
-0.04577517696682498
-0.18610210769228516
-0.2845238365434903
-0.3730836499867127
-0.45618808260274724
-0.532653554881023
-0.6003702301500062
-0.6573281493967407
-0.6887033688666723
-0.6915084866321343
-0.6775089799775263
-0.6542928849455276
-0.6266848556891644
-0.5976898794273774
-0.5691220451015924
-0.5420225559309992
-0.5169368252023169
-0.4940974539148009
-0.43205169674317817
-0.3420869237682774
-0.24882066946320772
-0.1595762894600882
-0.07786706699158694
-0.006152063854866385
0.0
0.05802013915448745
0.19387102992916647
0.29126703421351036
0.3793499722531066
0.46193438375885454
0.5377314021048423
0.604631429085289
0.6606498903461127
0.6894610020269561
0.6907363551620852
0.6758764102394184
0.652227475567699
0.6244547920951931
0.5954588071511882
0.5669855761721052
0.5400324913636443
0.5151171702039876
0.4924549567180447
0.42712576219259846
0.33650038395429455
0.24325656396530387
0.154304658022331
0.07305973935928355
0.001944952138106637
0.0
-0.06944650938857733
-0.20110819623575188
-0.2975409063553841
-0.3851746679193405
-0.467270777332406
-0.5424419944416252
-0.6085789386928502
-0.663720717787913
-0.6901526499622088
-0.6900090519536101
-0.6743514711665677
-0.6503017812171613
-0.6223772196214425
-0.5933811809456945
-0.5649965639720412
-0.5381800942632874
-0.5134235919314749
-0.49092638798062016
-0.42195252901625857
-0.33063382939851915
-0.2374541006203604
-0.14885596955112979
-0.06814310548180995
0.0
0.0
0.07962277792261699
0.2078053304218576
0.3034956046976588
0.39080201981350265
0.47251167505167146
0.5471530922082958
0.6126178046209723
0.6669666726608827
0.6909909102084586
0.6894054527673485
0.6729315796370001
0.6484657569976979
0.6203765109444437
0.5913696601157136
0.5630645537334648
0.536376950646937
0.5117726405501355
0.48943475745679754
0.41665347237861616
0.32455817290657063
0.231385493585392
0.14310006258547558
0.06289249932071314
0.0
0.0
-0.0888000732030052
-0.2139467022023488
-0.3090155857284061
-0.3960582518206015
-0.4774413465183207
-0.551618636296166
-0.616482650365329
-0.6701140245526901
-0.6918543979862304
-0.6888983217573388
-0.6716456448446864
-0.6467798673476574
-0.6185289789492258
-0.5895065570227079
-0.561271849517986
-0.5347018480891278
-0.5102376884028718
-0.48804714444090913
-0.41167803561634303
-0.31883881203272935
-0.22565900488732377
-0.13765529186862327
-0.05791253245807111
0.0
0.0
0.09751185767873366
0.21977722419277265
0.3142566309901793
0.40104933259594444
0.4821228888732923
0.5558600913928893
0.6201543925444788
0.6731051767412375
0.6926788123634615
0.6884221862393326
0.6704303033032964
0.6451846840610441
0.6167800292369642
0.5877424295722576
0.5595741277063194
0.5331153433011419
0.5087838252276694
0.48673277546304766
0.40698220095743987
0.31344201873634636
0.22025580412681434
0.13251803210399257
0.05321387151934295
0.0
0.0
-0.1057649450572534
-0.22530106574659137
-0.31922218208405895
-0.40577822081620585
-0.48655869370281235
-0.559879152564193
-0.6236339168606437
-0.6759401239652028
-0.6934615972551417
-0.6879731095069133
-0.6692809799896529
-0.6436754545386809
-0.615125008281663
-0.586072880647547
-0.5579673285349279
-0.5316137467503348
-0.5074077351267847
-0.48479735296205484
-0.402156364835667
-0.30805685712155195
-0.21493055829384872
-0.127505850073511
-0.048678956266823656
0.0
0.0
0.1138256447735464
0.23067084411451538
0.3240343813995624
0.41035098394499325
0.4908391964691587
0.5637486304768362
0.6269744384659277
0.6786510848214709
0.6941949528622935
0.6875202538093428
0.668154698733221
0.6422039474228151
0.6135146735674979
0.5844501782304461
0.5564066386824421
0.5301558616692903
0.5060720911290533
0.47870609259995306
0.3951823559366101
0.30117887769651064
0.20851039167757787
0.12175885961511276
0.04376826741876688
0.0
0.0
-0.1229603557798053
-0.2366531343216121
-0.32933617463431186
-0.41534987338082263
-0.4954850767928928
-0.5679154150511457
-0.6305367815919903
-0.6803374664371101
-0.6942600011520101
-0.6866356680430259
-0.66675326900421
-0.6405604751546952
-0.6117999699399782
-0.5827670361771443
-0.5548137426494246
-0.5286836328761941
-0.5047331470992433
-0.4725402628004293
-0.388130715432745
-0.2942358929687867
-0.20204212359988613
-0.11598209770086952
-0.03884649312078432
0.0
0.0
0.132441302024167
0.2429531596871153
0.3349829428151806
0.4207250933467547
0.500531208438036
0.5724960475734984
0.6345154668042424
0.6818496935573033
0.6942672950559793
0.6857637697421509
0.6654051234498767
0.6389917220813272
0.6101693155399577
0.581169805990093
0.5533041806907281
0.5272896771397612
0.5034661808413667
0.4666759266896334
0.3814388914210447
0.287665404681736
0.19593985277170767
0.11055173690336999
0.03424053025928092
0.0
0.0
-0.14145219998851744
-0.24896513342990592
-0.34038727680505054
-0.4258813895581772
-0.5053830060724636
-0.5769120274073599
-0.6383641516273321
-0.6833387324724345
-0.694314768433817
-0.6849673433154216
-0.664149840398154
-0.6375220255041485
-0.6086371085178723
-0.5796664670344578
-0.5518818431480068
-0.5259753308240045
-0.5022709801782963
-0.461075029238126
-0.37505072266082684
-0.28139951516112155
-0.1901276900289039
-0.10538717920330101
-0.02986826321289146
0.0
0.0
0.15003188260223038
0.2546895596021497
0.3455330459292962
0.4307907621410179
0.510002129465021
0.5811157967844933
0.6420273333356448
0.6847533984907606
0.6943559422057423
0.6842046408678466
0.6629502162094874
0.6361184229840675
0.6071742696931021
0.5782314486642726
0.5505242993737605
0.5247209540814878
0.5011303730566571
0.4557188910260347
0.36894063105665087
0.2754056379034159
0.18456717442560344
0.10044558390414982
0.025684100311627614
0.0
-0.0016420486454949978
-0.15818958481904244
-0.26034833468733865
-0.35065182377657644
-0.4356467766714706
-0.5145303113113289
-0.585192026155972
-0.6455307455475047
-0.6860435716797592
-0.6942985364159927
-0.6833626982682041
-0.6616860269971188
-0.6346615804895946
-0.6056670762949777
-0.5767591572567358
-0.5491352084954484
-0.5234397201897174
-0.49996679362440927
-0.4504480697849505
-0.3629334260490443
-0.2695106010090192
-0.1790945859777625
-0.0955776049261975
-0.021557012223569663
0.0
0.013664123930796995
0.1658647146602346
0.2670444777057212
0.35690185929082974
0.44140468292223856
0.5196467586933788
0.5895176160715067
0.6489407344740998
0.6868934240146001
0.6936170086149626
0.6818159229873358
0.6596999429333422
0.6325036796833207
0.6035009049454864
0.574680579220917
0.5471964709510094
0.521665368960807
0.498364149656201
0.44525873278427747
0.3570488864993756
0.2636765068649305
0.17359930617217045
0.09060064992772811
0.017238258439360055
0.0
-0.02596474269185306
-0.17369246412656927
-0.27385502868730105
-0.3632437838571121
-0.44723317384558586
-0.5248112834391614
-0.5938677024094094
-0.65235123440799
-0.6877138809736003
-0.6928898743130432
-0.6802160197859213
-0.657658605231216
-0.6302916413080697
-0.6012835576811413
-0.572554738381953
-0.5452147724069304
-0.5198524019881549
-0.49672707517876197
-0.44030046382291044
-0.3514320764374429
-0.2580926692277151
-0.16832010553146312
-0.08579781668462935
-0.013046971454892795
0.0
0.03771558932253727
0.18113237285997552
0.2803025386427957
0.369227969130495
0.4527140457206786
0.5296476869847498
0.5979187232948292
0.6555003256205447
0.6884194462673556
0.6921383163510193
0.6786455683155688
0.6556769258814014
0.6281543565289078
0.5991465901484849
0.5705091334026492
0.5433098023045682
0.5181108413782939
0.4951552522985426
0.43552846118455457
0.3460219611057406
0.25271028582633853
0.16322747815023797
0.08116090061452796
0.008996605911755481
0.0
-0.04899294191410458
-0.1882540264474998
-0.2864624541468271
-0.37493660804899737
-0.45793452969665477
-0.5342458978447353
-0.6017608080273266
-0.658475851937701
-0.6890666534967564
-0.6913981710580499
-0.6771267886820351
-0.6537682250573423
-0.6260993796314085
-0.5970938670383897
-0.5685453093570955
-0.5414816851386502
-0.5164399766958293
-0.4936475132928664
-0.4309593166270137
-0.3408417783308318
-0.24755604696079814
-0.15834999453754778
-0.0767191158713744
-0.005115878839017457
0.0
0.05980155734723147
0.19508092378694594
0.29236834202824963
0.38041061247777985
0.4629412471513641
0.5386567225490755
0.605447372981029
0.6613322223572414
0.6896910430944208
0.6906924432329049
0.6756743833358423
0.6519417293336285
0.6241323456114342
0.5951286854382515
0.566665057318414
0.5397312560508433
0.514840049185746
0.49220374227793734
0.42653467894080377
0.3358258640348744
0.24256905837814982
0.15363527415839512
0.07243033387218122
0.0013739440410914794
0.0
-0.07028365256211536
-0.201712047325399
-0.2981106999365016
-0.38573662885257826
-0.46781550199270855
-0.5429535867798891
-0.6090415093842955
-0.6641201037489408
-0.6903012528730876
-0.6900048571723375
-0.674258221510413
-0.6501605021660716
-0.6222139193098903
-0.593211987697992
-0.564831148161529
-0.5380239422173428
-0.5132795124113314
-0.49079550620840395
-0.421712018981355
-0.3303529607448441
-0.23715498849530714
-0.14855100919995023
-0.06784253312090868
0.0
0.0
0.07974371456802318
0.20793690342477192
0.30364436619699386
0.3909649190007894
0.4726834461569478
0.5473279497523885
0.6127899481840191
0.6671305361757969
0.6910729340244247
0.6894361825163146
0.6729310425148821
0.6484469829400772
0.6203478875429479
0.5913365059625252
0.5630301681984907
0.5363433131011589
0.511740875032001
0.4894054405315808
0.4167082780145537
0.3246149153953115
0.23142626793492269
0.1431209063313876
0.06289287962479452
0.0
0.0
-0.08848317209637235
-0.21376789846606312
-0.30887478119199147
-0.39593792970205555
-0.4773407151365119
-0.5515398058999599
-0.6164276919512617
-0.6700843221845321
-0.6918688422200296
-0.6889379313193723
-0.6716982609504286
-0.6468378343210804
-0.6185875975718417
-0.589563055147221
-0.561324698684961
-0.5347503113671096
-0.5102815225551544
-0.4880864049266192
-0.41193254934001056
-0.3191266389975082
-0.2259354623028837
-0.13790507924132933
-0.0581273881002357
0.0
0.0
0.0969090461337509
0.21939722690772295
0.3139291259404222
0.40074721161511195
0.48184820623993524
0.5556200328944427
0.619956071421663
0.6729544009011893
0.6926538018743612
0.6884716898293876
0.6705212109624024
0.6452958929696871
0.6168983491619016
0.5878598540139135
0.5596860190762283
0.5332192293253677
0.5088786036596493
0.48681819118139147
0.4073688625966658
0.31388326314105425
0.22068944234436072
0.13292123354652535
0.05357316831507726
0.0
0.0
-0.10497675084248909
-0.2247902500837884
-0.31877304035544274
-0.405357462660959
-0.4861702369520223
-0.5595334928951559
-0.6233414598577758
-0.6757095728831585
-0.6934098802040072
-0.6880280381240119
-0.6693958460560036
-0.6438204231232305
-0.6152813714105665
-0.5862292266968532
-0.5581169938449789
-0.5317531247887652
-0.5075351586022825
-0.48546950246047077
-0.402923899288151
-0.30880747071678794
-0.215623896704183
-0.12811868129931708
-0.049194148135342466
0.0
0.0
0.11274104021604181
0.22997538210369317
0.32342719150651483
0.4097849848321618
0.4903190582302745
0.5632881759048118
0.6265873887822304
0.6783488393249911
0.6941302031741103
0.6875969643265674
0.6683107490283353
0.6423996740022921
0.6137252200963185
0.5846603962911203
0.5566076956137966
0.5303429900720511
0.5062431011259307
0.4795872556213646
0.3961871828800244
0.30216079605330926
0.20941675994301867
0.12255940363754958
0.04444069221844031
0.0
0.0
-0.12155396248829817
-0.23573135245831417
-0.3285182604724194
-0.41457752035126544
-0.4947658713900242
-0.5672686977994473
-0.6299818365837822
-0.6801398958248683
-0.6942795668664683
-0.6867812065684601
-0.6669661660075022
-0.6408036259035829
-0.6120504144443409
-0.5830110546025186
-0.5550435967918534
-0.5288954079673059
-0.5049253282871652
-0.47347498682763306
-0.3891979987593394
-0.29528257683373316
-0.2030125389208238
-0.11684376707770737
-0.03957522007189314
0.0
0.0
0.13096291278552818
0.24197960946796765
0.33411556894120037
0.41990297932638165
0.49976253192462566
0.5718013767542558
0.633915379458829
0.6816255403058624
0.6942722511874798
0.6859023142916786
0.665615772401419
0.6392354923150468
0.6104220277391635
0.5814169579099767
0.5535375402589059
0.527505025299634
0.5036618221506346
0.46761707778540057
0.38251146618955373
0.2887154079758872
0.19691150916953554
0.11141266030871529
0.03496669758929265
0.0
0.0
-0.13998021669451766
-0.24798965999043032
-0.33951442936708254
-0.425051439928616
-0.5046046188516244
-0.576206150433785
-0.6377517490142631
-0.6831060450162086
-0.69431376262732
-0.6851016825067767
-0.664357489262757
-0.6377636275330384
-0.6088882308414731
-0.5799124346576963
-0.5521143058076422
-0.5261899881780846
-0.5024660805201581
-0.4620136362410804
-0.37612075896488484
-0.2824474406149043
-0.19109784538867158
-0.106247208965101
-0.030594142278951797
0.0
0.0
0.14857567933513066
0.25372315789454053
0.34466748946600345
0.4299671859129044
0.5092292349456057
0.5804144222556404
0.6414183318852299
0.6845215082945612
0.6943541789637093
0.684337346998707
0.6631557903258674
0.636357780841692
0.6074231446536882
0.5784752629480031
0.550754755479435
0.5249337762173353
0.501323816542996
0.4566426331340513
0.36999400929040005
0.2764378677896284
0.18552349455505818
0.10129408930863078
0.026401056579875154
0.0
0.0
-0.15681259804694145
-0.2592164336452219
-0.3496040019461013
-0.43467589714006694
-0.5136586559070956
-0.5844446356262823
-0.6449292982476486
-0.6858760187301082
-0.6943915266927134
-0.6836038782039857
-0.6620034593498654
-0.6350100004734649
-0.6060187271361125
-0.5770976911492912
-0.5494516379772846
-0.5237297397044685
-0.5002290155524198
-0.45149885091176184
-0.3641263946000947
-0.2706822334559361
-0.18018441001175273
-0.09654971350992513
-0.022384352669648278
0.0
0.011261915057265509
0.16434455957950592
0.2657269565392626
0.3556785493660671
0.4402836704525471
0.5186568677050044
0.5886876526683784
0.6482945484584334
0.6867461028250554
0.6937673101879602
0.6821336233865437
0.660101849030024
0.6329376139138688
0.6039350290790425
0.5750962916281314
0.5475836938473323
0.5220194324725261
0.49868374137747823
0.4462336469023242
0.35815412978369643
0.26477573304121094
0.17463894074968772
0.09154681148714278
0.01806426191177231
0.0
-0.023601668059632402
-0.17219078431219806
-0.2725499565273338
-0.36202963265007493
-0.4461183620328551
-0.5238245501810996
-0.5930377688351616
-0.6517019517571883
-0.6875598233556854
-0.6930316012393651
-0.6805244378705546
-0.6580512117806923
-0.6307166627082363
-0.6017093751077041
-0.5729628524777312
-0.5455951348894438
-0.5202003287292677
-0.49704121457260936
-0.44125513756850615
-0.35251333809866503
-0.2591671328727374
-0.16933545130024535
-0.08672102408864919
-0.013852078375519009
0.0
0.035450098285264464
0.17970195660122176
0.27906550292471033
0.3680817527767741
0.45166604716872727
0.5287248356803502
0.5971478907866685
0.6549036742513303
0.6882904393375104
0.692287918069439
0.6789514944779226
0.6560610926694191
0.6285678247260246
0.5995595290587717
0.5709041444825884
0.5436774897255069
0.5184468837857495
0.4954584762087393
0.4364525919662722
0.3470698336599661
0.253752733171479
0.16421370286879705
0.08205874843839855
0.009780735054352743
0.0
-0.04679938638331299
-0.18686998779915578
-0.28526607248779373
-0.37382840710772075
-0.4569215759675675
-0.5333541837487733
-0.6010162744917711
-0.6578998844142757
-0.6889423148750654
-0.691542888829497
-0.6774224607621598
-0.6541394391116494
-0.626498871732321
-0.5974928285222142
-0.5689269386038973
-0.5418369095111673
-0.5167646243818698
-0.49394045255940033
-0.4318485321592586
-0.34184979032453733
-0.24855877781505986
-0.15929862956151725
-0.07758274698090305
-0.005870144090463339
0.0
0.05769168000514502
0.19374878699343215
0.2912162412212397
0.3793429927335543
0.4619649752965994
0.5377968631772543
0.604728943753853
0.6607758618369518
0.6895698523447141
0.6908305624345394
0.6759580464631239
0.6522982871533904
0.6245162607979615
0.595512196945678
0.5670319699195955
0.5400728199531273
0.5151522360547097
0.49248545298636626
0.4274396572933701
0.33685182818602644
0.2435863935469198
0.1545937799414573
0.0732987171937714
0.002127800571570762
0.0
-0.06812142663311879
-0.20033658751969158
-0.29691540541521155
-0.38462546571079975
-0.4667965743084317
-0.5420534732555421
-0.6082866811917282
-0.6635324896226332
-0.6901724939609352
-0.6901495634188369
-0.6745564572763811
-0.6505356744453947
-0.6226180151624285
-0.593615733494246
-0.5652174630376062
-0.5383835946679908
-0.513608248834301
-0.4910921615838294
-0.4227305050945246
-0.33151229459647574
-0.23830565503497209
-0.14963540688959914
-0.06882490002761431
0.0
0.0
0.077976479641021
0.20675431068466504
0.3025813979333588
0.38995267101748204
0.4717339888640414
0.5464677553803109
0.6120453032334383
0.6665239250725763
0.6909057152797609
0.6895327035754868
0.6731774693876367
0.6487704405947263
0.6207025303142917
0.591694229417108
0.5633744279046896
0.5366650215641705
0.5120356873412361
0.48967196682848285
0.4176937265555617
0.32574721508107707
0.23255773956801892
0.14419413029177372
0.06387176267403995
0.0
0.0
-0.08675733519670131
-0.2126171289808307
-0.30784300963492617
-0.39495730230562764
-0.47642270790037794
-0.5507099829833263
-0.6157114203050407
-0.6695032402223523
-0.6917134637772758
-0.6890377932121875
-0.6719429224251225
-0.6471566198620047
-0.6189360700510316
-0.5899139966392459
-0.5616621085768221
-0.5350654226490887
-0.5105701667009314
-0.4883472767813011
-0.4128724186255295
-0.3202069006775908
-0.2270166629677565
-0.13893262849976384
-0.05906673498477567
0.0
0.0
0.0952440634874768
0.21828432533840791
0.31292954854044563
0.3997958217076524
0.4809562405589298
0.5548123122335076
0.6192572457119893
0.6723855425124116
0.692497185230222
0.688562504674267
0.6707526510301541
0.6455995833913722
0.6172312763322917
0.5881956505529441
0.5600091640075463
0.5335211982007119
0.509155321712957
0.4870683561176886
0.40826919579790005
0.3149174920484889
0.221723970941077
0.13390383681302714
0.05447084339822664
0.0
0.0
-0.10338484160636927
-0.223726208981458
-0.3178174145971829
-0.40444799978252804
-0.4853176971440516
-0.5587616180255328
-0.6226738227609111
-0.6751663203979044
-0.6932610449639814
-0.688115892858774
-0.6696181792673583
-0.6441118055478977
-0.6156006462590222
-0.5865511683272674
-0.5584267566998258
-0.5320425586902073
-0.5078003712151413
-0.4858434512245234
-0.40385991068473664
-0.3098517924844665
-0.2166561070446727
-0.12908965092646213
-0.05007207110150827
0.0
0.0
0.11117522393615578
0.2289330122242615
0.32249350389543857
0.4088980713012379
0.489489118620771
0.5625382250766233
0.6259402786811639
0.6778240550277133
0.693988868182502
0.6876855940224453
0.6685298965680145
0.642685693667725
0.6140380895774662
0.5849755969667833
0.5569108091448949
0.5306261118667299
0.5065024678833011
0.48077444166220307
0.39754634356449586
0.30350096540337496
0.21066740342122425
0.1236785684430141
0.045396622058297184
0.0
0.0
-0.11976909129656763
-0.23456291116881184
-0.3274830156471883
-0.4136016201417088
-0.49385906460669626
-0.5664555840594339
-0.6292868706782668
-0.6799021354507555
-0.6943189589653231
-0.686980774981977
-0.6672507624698051
-0.641125735963985
-0.6123806890834561
-0.5833320056376664
-0.5553454089314515
-0.5291731656739467
-0.5051771872094755
-0.4746265184659095
-0.39051569462745245
-0.29658114158873894
-0.20422357404628855
-0.11792663273093593
-0.04049919004697124
0.0
0.0
0.12918531134558384
0.2407996511816864
0.33305841798586255
0.4188967438756038
0.4988178115938764
0.5709436019064706
0.6331700138811238
0.6813398466824645
0.6942671955799955
0.6860613669914072
0.6658638781040382
0.6395250191280425
0.6107233913365978
0.581712376009366
0.553816881681863
0.5277630593761752
0.5038964032829366
0.4687046832461252
0.38375136434792634
0.28993142191640553
0.19803941216212267
0.11241487158297261
0.035815170129941176
0.0
0.0
-0.13830660626625868
-0.24687209269412258
-0.3385092431708663
-0.4240919864938041
-0.5037014629045041
-0.5753837521436452
-0.637034599328494
-0.6828279353132676
-0.6943039182883426
-0.6852489251654839
-0.6645901883746737
-0.6380363047181878
-0.609172620994824
-0.5801915312046004
-0.5523784027690468
-0.5264340572445376
-0.5026880396824573
-0.4630593438374778
-0.37731341222575043
-0.28361697649543754
-0.1921823485411203
-0.10721050111664403
-0.03140924726460738
0.0
0.0
0.14697442479895473
0.252655535262037
0.3437082549768645
0.42905235977738115
0.5083688113825162
0.579631697990611
0.6407366249394826
0.6842589349113201
0.6943475827119902
0.68448052283187
0.6633803242210533
0.636620247732238
0.6076965658261944
0.5787434154511474
0.5510083899062043
0.5251681103519593
0.5015368810505968
0.4576443312700066
0.37113675004521923
0.2775588663980534
0.1865634264103808
0.10221824743130078
0.027183535065023662
0.0
0.0
-0.15527548337091723
-0.2581913015213506
-0.3486827540236501
-0.4337971436428009
-0.5128320041839121
-0.5836924632886643
-0.644274006453046
-0.6856231115093213
-0.6943844027711218
-0.6837405956831121
-0.6622183469279016
-0.6352613708526016
-0.6062806783349153
-0.5773546449622968
-0.5496947099542964
-0.5239543336182407
-0.500433235603606
-0.4524581140993186
-0.3652206115454702
-0.27175554027269494
-0.18118001259888117
-0.09743439201370271
-0.023133315996355763
0.0
0.009069574325948515
0.1629427179441964
0.2645024825466369
0.35453458131490995
0.43922877946077077
0.5177184495439376
0.5878931218938329
0.6476668294014262
0.6865872763241726
0.6938890935372252
0.6824140867987262
0.6604630151600305
0.6333305006762042
0.6043296775221316
0.575475130559209
0.5479371362290025
0.5223429630610579
0.49897599950703964
0.44710560747386363
0.3591427346605687
0.2657603554362943
0.17557186114452938
0.09239764925023297
0.018808980370940365
0.0
-0.02147362132042757
-0.17083135292691412
-0.27136400449293574
-0.36092302090115946
-0.44509923968617743
-0.5229193081912673
-0.5922727959631495
-0.651099266004532
-0.6874093779439867
-0.693151683191018
-0.680797384305801
-0.6584017853597867
-0.6310976127332968
-0.6020918111094726
-0.5733298390204886
-0.5459374408556478
-0.5205136161842063
-0.49732418828555847
-0.44210999301044945
-0.35348111882999955
-0.2601286974385954
-0.17024404780123115
-0.08754713816033914
-0.014572503824816133
0.0
0.03343674253180362
0.17843004836060464
0.2779651511975607
0.3670619406170904
0.45073342679309025
0.5279034050842298
0.5964615920430067
0.6543722599478058
0.6881755999837589
0.6924212582987818
0.6792240824006738
0.6564033708270833
0.6289361981128176
0.5999274247948729
0.5712560643859453
0.5440050644933313
0.5187462644709959
0.49572861797385626
0.43727458979330147
0.3480021744675285
0.25468064303763527
0.16509198409105275
0.08285875068073494
0.010479854025676721
0.0
-0.04485542527523906
-0.18564304617996888
-0.2842052358598668
-0.37284557692877185
-0.456023049332928
-0.5325630269767034
-0.6003555085990808
-0.6573884935291793
-0.6888315784198384
-0.691670859316737
-0.6776843760296783
-0.6544684030794364
-0.6268529563451058
-0.5978464759815323
-0.5692652418073267
-0.5421518173991446
-0.5170524333357363
-0.49420015588704763
-0.43263467625236796
-0.3427409852513151
-0.24944547756346885
-0.16013769779896794
-0.07834684666545037
-0.006537714827203112
0.0
0.05583084624330781
0.19257328028337292
0.2901992054955516
0.3784002417077561
0.4611026160898639
0.537037047953122
0.6040937844454952
0.6602836092880456
0.6894619842095242
0.690951777170728
0.6762078737674532
0.6526125648991961
0.6248547684177682
0.5958504118201229
0.5673555833294395
0.5403740986021576
0.515427616647733
0.4927339595427123
0.4281929056393553
0.33770568705175624
0.24443582911470813
0.15539745545175482
0.07403045063474456
0.0027669505991762405
0.0
-0.06634007597258923
-0.1992114658161033
-0.29594208381385
-0.38372333400692876
-0.46597146871009504
-0.5413265898731099
-0.6076791761464916
-0.663061821398958
-0.6900697008501633
-0.6902659952133936
-0.674795948659082
-0.6508368143285764
-0.6229423091348754
-0.5939397129119992
-0.5655274356335943
-0.5386721617826391
-0.5138720029509553
-0.4913301714006778
-0.42354552044602833
-0.33243645126701993
-0.23921904380399295
-0.1504923097779982
-0.06959727352972078
0.0
0.0
0.0765746406783328
0.2058139981740592
0.30173487157393986
0.3891456306342087
0.4709762176871462
0.5457804375540505
0.6114494739324315
0.6660376016939964
0.6907704380011019
0.6896082090497379
0.6733728504226858
0.6490274926997861
0.6209846307677551
0.5919789218200249
0.5636484871302294
0.536921177820499
0.5122704589299417
0.4898842328501789
0.4184850750478428
0.32665675524014454
0.2334665498638845
0.14505601963433612
0.06465772304356233
0.0
0.0
-0.08537572717836805
-0.2116962145162192
-0.307017543418097
-0.39417293121076724
-0.4756886039492758
-0.5500465961718661
-0.615139039250063
-0.6690391651355297
-0.6915900808221741
-0.6891186388014282
-0.6721395880724517
-0.6474125333556382
-0.6192156653111786
-0.5901954926532705
-0.5619327041345127
-0.5353181069298188
-0.5108016095999387
-0.488556439816358
-0.4136246428397518
-0.3210715909227144
-0.22788229507046392
-0.1397555121957133
-0.0598191964285197
0.0
0.0
0.09391119182768376
0.21739312721528115
0.3121289144467643
0.39903364368290767
0.4802415334380822
0.5541649643148596
0.6186970101981121
0.6719293103067322
0.6923711666274004
0.6886347076092348
0.6709375346846322
0.6458423842167866
0.6174975412836485
0.5884642579159269
0.560267678758098
0.5337627889029137
0.5093767209009618
0.4872685170960475
0.408988884319749
0.3157441729160308
0.22255088772619025
0.13468925292567213
0.055188382070520986
0.0
0.0
-0.10211290815445995
-0.2228758970054343
-0.31705365709374606
-0.40372108042436927
-0.4846362265407194
-0.5581445774991488
-0.6221400584164203
-0.6747319408309481
-0.693141959746928
-0.6881860205113247
-0.6697958151225826
-0.6443446470636601
-0.6158557933092
-0.5868084555354028
-0.5586743161726613
-0.53227387462812
-0.5080123314486416
-0.48603506409001745
-0.4045502958706886
-0.31064503425427303
-0.21744973838149106
-0.12984359979392687
-0.050761002778922495
0.0
0.0
0.1099558889457738
0.22811821012497874
0.3217618469558849
0.4082018464617075
0.4888365513983258
0.5619474861454646
0.6254294088281408
0.677408470417386
0.6938752133605036
0.6877531154692361
0.6687003440407151
0.642908977514055
0.6142827030885524
0.5852222301589474
0.5571480988146096
0.530847820560093
0.506705617715558
0.4816979510351681
0.3986041023027159
0.30454475735933006
0.2116423575939905
0.12455195955803872
0.046143624241449466
0.0
0.0
-0.1183863953380489
-0.23366035982696082
-0.32668506871112934
-0.4128507275467791
-0.4931625918397635
-0.5658324117979797
-0.6287557536372481
-0.6797236248610968
-0.6943539869950842
-0.6871390150362094
-0.6674742067706816
-0.6413777259213975
-0.6126385981327693
-0.5835823673172124
-0.555580680848726
-0.5293895869015843
-0.505373365661986
-0.4755206202310462
-0.3915390171276979
-0.29758996119408954
-0.20516478085465534
-0.11876863119311526
-0.041218068004218664
0.0
0.0
0.12780472498388973
0.2398834722558542
0.3322377256680553
0.418115659063093
0.49808454141508474
0.5702778756787267
0.6325915880581878
0.6811181244007329
0.6942632483170147
0.6861847687559307
0.6660563865586713
0.6397496721956352
0.6109572316606082
0.5819416045039665
0.5540336364523186
0.5279632812881906
0.5040784272040436
0.46954768818452247
0.38471234328337656
0.29087385306858143
0.1989135263825101
0.11319154896559641
0.0364726794734625
0.0
0.0
-0.13700934395696598
-0.24600569128895466
-0.33772987848766595
-0.42334801840537983
-0.5030010919802272
-0.5747459485782792
-0.636478357479002
-0.6826121183685893
-0.6942961176777149
-0.6853629389199952
-0.6647704771315671
-0.6382476057561782
-0.6093930176940209
-0.5804078361774427
-0.5525830891615235
-0.5266232251000017
-0.5028600735504728
-0.4638699636524179
-0.37823793593219573
-0.28452356727721756
-0.1930230102662105
-0.10795719022651915
-0.03204105409918635
0.0
0.0
0.1457334826699229
0.25182814944047544
0.3429648701208119
0.42834339339980676
0.5077020093401986
0.5790251151651885
0.6402083325376943
0.6840554753252721
0.6943425064326726
0.6845915189916004
0.6635543708490395
0.6368236898442248
0.6079084947040594
0.5789512583014962
0.5512049785548688
0.5253497387644974
0.5017020232063019
0.45842066470848664
0.3720224031750764
0.27842768194469164
0.18736942626353936
0.1029345314272922
0.027790023588371085
0.0
0.0
-0.1540842327255327
-0.2573968169776042
-0.3479687704176284
-0.4331160866566412
-0.5121913206860763
-0.5831094968930556
-0.6437661190741653
-0.685427080709882
-0.6943788601948523
-0.683846534712428
-0.6623848711496284
-0.6354561717932361
-0.6064836813725916
-0.5775537765617046
-0.5498830843521806
-0.5241283885027922
-0.5005915015506303
-0.4532014408380001
-0.366068512868122
-0.27258724176585725
-0.18195150545208677
-0.09811993423685444
-0.023713696754375013
0.0
0.0073708263673611385
0.16185647322182303
0.26355366219613446
0.35364813439374815
0.43841134900131384
0.5169912648106016
0.5872774267356536
0.6471803884188992
0.6864641784298856
0.6939834401832932
0.6826313955994627
0.6607428620169287
0.6336349296253398
0.6046354734446374
0.5757686775014694
0.5482110050972633
0.5225936548623904
0.49920245971776256
0.4477812327285215
0.35990874062952627
0.266523278115185
0.17629472600189916
0.09305691612637193
0.01938602448802411
0.0
-0.019824815674664015
-0.16977806030259532
-0.27044511904429075
-0.3600656051686596
-0.44430960831170874
-0.5222179094764657
-0.5916800765173363
-0.6506322859896486
-0.687292801121241
-0.6932447157769179
-0.6810088593960182
-0.6586734079353426
-0.6313927722104001
-0.6023881226660567
-0.5736141807650751
-0.5462026603155918
-0.5207563521996285
-0.49754343723272165
-0.4427723184512857
-0.3542309370375105
-0.2608737012746006
-0.17094801495752315
-0.08818720134097664
-0.015130683081289148
0.0
0.031876887938761755
0.1774446273628811
0.2771126414072132
0.36627182715827716
0.45001086397032664
0.5272669858602722
0.5959298660610981
0.6539605310385809
0.6880866195431254
0.6925245594626062
0.6794352685051783
0.6566685511298196
0.6292215966677377
0.6002124538040584
0.5715287163426965
0.5442588551013061
0.5189782116520117
0.49593791218047134
0.4379114254045056
0.34872449765283353
0.25539953460788706
0.16577242762468208
0.08347854948533416
0.011021495461086647
0.0
-0.04334939701594065
-0.18469250429584722
-0.283383377047506
-0.3720841499582987
-0.4553269330403949
-0.531950091640642
-0.5998435894066737
-0.6569922982079301
-0.6887457826284313
-0.691769997471191
-0.677887285713925
-0.6547232578572209
-0.6271272732536644
-0.5981204545863643
-0.5695273330889762
-0.5423957839227053
-0.5172754057622342
-0.4944013542706638
-0.433243712076975
-0.3434314055117059
-0.25013241619016896
-0.16078773659678638
-0.07893880721447732
-0.0070548939026473245
0.0
0.054389261218384416
0.1916626142692036
0.2894113052832261
0.37766988873200436
0.46043454176625037
0.5364484137449201
0.6036017206530611
0.659902255034927
0.6893784147488147
0.6910456796591089
0.6764014133679321
0.6528560348835197
0.6251170096935929
0.5961124265690821
0.5676062864907537
0.5406074991280712
0.5156409540121335
0.4929264776265748
0.4287764411193211
0.3383671648454206
0.2450938807944596
0.15602005780969128
0.07459732063020517
0.003262097470025316
0.0
-0.06496009622509685
-0.19833985269326307
-0.29518806646476536
-0.3830244654719911
-0.46533227035923647
-0.5407634820952656
-0.6072085483541686
-0.6626971985152249
-0.689990066014445
-0.6903561911507067
-0.6749814774078532
-0.6510701015459585
-0.6231935337099844
-0.5941906939888162
-0.5657675659814645
-0.5388957097432953
-0.5140763287511572
-0.4915145535583658
-0.4241768930694974
-0.33315237312436513
-0.23992662449399407
-0.15115613273547987
-0.07019561409655604
0.0
0.0
0.07548867816099986
0.2050855647912899
0.3010790907324983
0.38852043785602247
0.4703891918815426
0.5452479895617491
0.6109878991927266
0.6656608578654948
0.6906656406101178
0.6896666997336126
0.6735242057397662
0.6492266231357965
0.6212031656412842
0.5921994647304609
0.5638607929033738
0.537119614725811
0.5124523297751464
0.49004866929355206
0.41909810566427913
0.3273613450843425
0.23417057476142555
0.14572369694708903
0.06526658120781155
0.0
0.0
-0.08430544907809634
-0.2109828169132435
-0.30637808541479766
-0.3935653076941402
-0.47511992021108174
-0.549532694103472
-0.6146956357285969
-0.6686796620364643
-0.6914944996649643
-0.6891812661876365
-0.6722919371462045
-0.6476107796677703
-0.6194322571012064
-0.5904135569526816
-0.5621423243026287
-0.5355138519314191
-0.5109808997175588
-0.48871847057004847
-0.4142073594777915
-0.32174143043320946
-0.22855286453955237
-0.14039296661695677
-0.060402097998721066
0.0
0.0
0.09287867622439855
0.2167027555399535
0.3115086983155253
0.39844321750764616
0.47968788066249024
0.5536634915585833
0.6182630194285808
0.6715758861975692
0.6922735447817443
0.6886906394842148
0.6710807555057977
0.6460304710274881
0.6177038047949824
0.5886723360439466
0.5604679386221333
0.5339499384799166
0.5095482290217189
0.48742357292653815
0.4095463927998076
0.3163845633607337
0.22319146114541655
0.13529767797943493
0.055744225910916934
0.0
0.0
-0.10112760476244817
-0.22221720227594816
-0.31646201156591125
-0.40315797141065285
-0.484108324291345
-0.5576665859336836
-0.6217265767086237
-0.6743954475428714
-0.6930497097357287
-0.6882403445742996
-0.6699334206181883
-0.6445250177481099
-0.6160534430480648
-0.587007763186521
-0.5588660882514213
-0.5324530636572623
-0.5081765265782302
-0.48618349712340436
-0.40508510165368466
-0.31125951778479144
-0.21806452384317043
-0.13042764545546556
-0.05129468312523243
0.0
0.0
0.10901133514787603
0.22748702607285454
0.3211950708689401
0.4076625176253027
0.4883310417096491
0.5614898714816581
0.6250336644496397
0.6770865384297835
0.6937871706041785
0.6878054205149136
0.6688323805208132
0.6430819435953705
0.6144721921708429
0.5854132838062961
0.5573319145456656
0.5310195665435089
0.5068629871377263
0.4824133430275736
0.39942348995249627
0.30535332584471664
0.2123976013722222
0.1252285281444136
0.04672228637598089
0.0
0.0
-0.11731529827061052
-0.23296120363710437
-0.3260669435688181
-0.41226905268063346
-0.4926230729016029
-0.5653496746100601
-0.6283443264457723
-0.6795853423620005
-0.6943811210496325
-0.6872615946384252
-0.6676472965097073
-0.641572928418122
-0.6128383858401295
-0.5837763085120696
-0.5557629328559678
-0.5295572363376164
-0.5055253341538275
-0.47621322993515136
-0.39233172680883716
-0.2983714363922037
-0.20589388035753503
-0.11942087972072452
-0.04177494215738736
0.0
0.0
0.1267352643530143
0.23917376105564725
0.33160198232116334
0.41751059728501705
0.4975165188139728
0.5697621754360799
0.6321435143768576
0.68094636857719
0.6942601903708907
0.6862803608425874
0.6662055116687744
0.6399236979200666
0.6111383742462317
0.5821191745862062
0.5542015438690733
0.5281183816585205
0.5042194306434609
0.47020071478659836
0.385456757455541
0.29160389940955966
0.19959065164821763
0.11379319566426237
0.03698201370780384
0.0
0.0
-0.1360044313279044
-0.2453345410296936
-0.3371261503588891
-0.4227717098704673
-0.50245855555118
-0.5742518793595369
-0.6360474692922806
-0.682444937433206
-0.6942900748303562
-0.6854512585441968
-0.6649101361351939
-0.6384112881732347
-0.6095637460013925
-0.5805753948769772
-0.552741647638901
-0.5267697622859381
-0.502993338048941
-0.4644979025443502
-0.3789541093969983
-0.2852258492084691
-0.1936742209211832
-0.10853560592760288
-0.032530477373187344
0.0
0.0
0.14477219914145253
0.25118722309641817
0.34238901423556345
0.42779419940784835
0.5071854775023761
0.5785552315253787
0.6397990957859854
0.683897867196631
0.6943385740333918
0.6846775010006354
0.6636891943068118
0.6369812842405282
0.6080726633008894
0.5791122617046356
0.551357264006359
0.5254904354196275
0.5018299489470721
0.45902204339584585
0.3727084652430154
0.2791007009783923
0.18799378579570647
0.10348939352137096
0.028259833773796234
0.0
0.0
-0.15316144300239842
-0.2567813778438953
-0.347415690444998
-0.4325885129142277
-0.5116950218184741
-0.5826579079534641
-0.6433726892922471
-0.6852752274002526
-0.6943745666195836
-0.6839285992145707
-0.6625138673502216
-0.6356070722678322
-0.606640935522956
-0.577708031748302
-0.55002900658931
-0.5242632182819813
-0.500714100597137
-0.45377725081104325
-0.3667253304116044
-0.2732315103053892
-0.18254913404233525
-0.09865098212361
-0.02416328247071786
0.0
0.006054910138438591
0.16101502575336174
0.2628186689570462
0.35296145801517115
0.43777813544005484
0.5164279590854935
0.5868004851634216
0.6468035721551216
0.6863688219169629
0.6940565247094214
0.6827997314192817
0.6609596422639508
0.6338707521273089
0.6048723548634116
0.5759960703871233
0.5484231545831205
0.5227878504913696
0.49937788461415533
0.4483045982339735
0.3605021185425307
0.2671142676046113
0.17685468516370406
0.09356760983955392
0.019833025276208227
0.0
-0.018547587237078805
-0.1689621391773992
-0.2697333148805875
-0.35940141780338836
-0.4436979293133114
-0.5216745788909549
-0.5912209330798512
-0.6502705451626503
-0.6872024961579318
-0.6933167823697712
-0.6811726761363752
-0.6588838172475866
-0.631621414120637
-0.6026176570253513
-0.5738344428486228
-0.5464081095412053
-0.5209443848825821
-0.49771327592695597
-0.4432853812076898
-0.35481177505655204
-0.2614508099032711
-0.17149333500374497
-0.08868301891748569
-0.01556307022766007
0.0
0.030668564825651723
0.1766812824900996
0.27645225463397094
0.36565977496458946
0.4494511390800093
0.526773991096331
0.5955179706896109
0.6536415899948821
0.6880176918497292
0.6926045804807048
0.6795988613406846
0.6568739699457102
0.6294426773200282
0.6004332481943088
0.5717399229952648
0.5444554510312251
0.5191578868268936
0.4961000394936166
0.4384047426206808
0.3492840368143758
0.25595641551448395
0.1662995252176065
0.08395866935744278
0.011441071650931625
0.0
-0.042182770105729545
-0.18395617829428418
-0.282746733851155
-0.3714943195647862
-0.45478769478358516
-0.5314752885209295
-0.5994470372413748
-0.6566853901648699
-0.6886793219126304
-0.6918467936517169
-0.6780444672848701
-0.6549206780824771
-0.6273397695900939
-0.5983326888613648
-0.5697303589910354
-0.542584769696479
-0.5174481287080748
-0.49455721021263555
-0.4337154944179145
-0.34396623133659165
-0.2506645450127061
-0.1612912814107657
-0.07939736240910063
-0.0074555205234599214
0.0
0.05327255467845737
0.19095717775757012
0.2888009678205575
0.3771041295411807
0.4599170259825998
0.5359924352909623
0.6032205493113513
0.6596068435088163
0.6893136786506631
0.6911184200844066
0.6765513364914448
0.6530446359828534
0.6253201517505678
0.5963153931508887
0.5678004906875715
0.5407883000463245
0.5158062132431931
0.4930756094517881
0.42922846985499885
0.3388795706568418
0.24560363261046014
0.15650234923794393
0.07503643965721313
0.0036456570440455832
0.0
-0.06389111160368724
-0.19766466812088732
-0.29460397603201227
-0.3824830953981141
-0.46483712306949065
-0.5403272774459958
-0.6068439822062149
-0.662414747787337
-0.6899283778395688
-0.6904260603355841
-0.6751251950056054
-0.651250814665992
-0.6233881417885755
-0.5943851134451851
-0.565953580052317
-0.5390688784686499
-0.5142346072624593
-0.491657382968179
-0.42466597821537294
-0.3337069533093443
-0.24047474329685412
-0.15167035514370797
-0.07065911136704776
0.0
0.0
0.07464745050195615
0.2045212927222463
0.3005710980678328
0.3880361398603054
0.4699344594653085
0.544835535183731
0.61063034591735
0.6653690178238065
0.6905844605762445
0.6897120088257485
0.6736414512935602
0.649380877106237
0.6213724510243075
0.5923703056154235
0.5640252529903772
0.5372733314630941
0.512593213815402
0.49017604798635944
0.41957298236285623
0.32790714702405616
0.23471593907405458
0.14624090504802428
0.06573822577380295
0.0
0.0
-0.08347637121430013
-0.21043019216571765
-0.3058827370735073
-0.393094619547961
-0.4746793962878869
-0.549134606131319
-0.6143521585947883
-0.668401177340533
-0.6914204588833783
-0.6892297797253758
-0.6724099524954862
-0.6477643487534234
-0.6196000372879126
-0.5905824778011033
-0.5623047040079596
-0.5356654834084241
-0.511119784619536
-0.48884398571639176
-0.4146587537975297
-0.3222603134215995
-0.2290723129829143
-0.14088676289488156
-0.0608536355789063
0.0
0.0
0.09207885065386831
0.21616796757136336
0.31102825547880086
0.3979858510946054
0.4792590003125353
0.5532750318212147
0.6179268337857418
0.6713021105317053
0.6921979232102885
0.6887339664242755
0.6711916997604748
0.6461761701723682
0.617863584298893
0.5888335212186974
0.560623067474532
0.5340949116090261
0.5096810856882522
0.48754368502782147
0.4099782599103643
0.31688063396964894
0.22368767349425556
0.13576898699202175
0.05617480353198748
0.0
0.0
-0.10036435157980245
-0.221706952484147
-0.3160037006144606
-0.40272176591902453
-0.48369939128720374
-0.5572963156280571
-0.6214062781724858
-0.6741347871413572
-0.6929782493937505
-0.6882824260416815
-0.6700400150262948
-0.6446647396855204
-0.6162065499932592
-0.5871621544132664
-0.5590146421395844
-0.5325918702404653
-0.5083037183211199
-0.48629847895185435
-0.40549938238615824
-0.31173551990620846
-0.21854075985251736
-0.1308800692568104
-0.05170809205424906
0.0
0.0
0.10827964815639662
0.22699808710243613
0.32075602473653275
0.40724473316774756
0.48793945483891554
0.5611353859030963
0.6247271059271048
0.6768371577687186
0.6937189693631491
0.6878459379748022
0.6689346609570826
0.6432159296445655
0.6146189775598875
0.585561281166547
0.5574743051430635
0.5311526074592451
0.5069848914269673
0.4829675126363381
0.4000582185184725
0.30597967347863536
0.2129826416781674
0.12575262368112974
0.047170539884351576
0.0
0.0
-0.11648558610677695
-0.23241961089642318
-0.32558812053152847
-0.4118184654009019
-0.49220514119250014
-0.5649757281849158
-0.6280256194318274
-0.6794782235240808
-0.6944021401102627
-0.6873565494185551
-0.6677813783460728
-0.6417241396303107
-0.6129931489294124
-0.5839265426724328
-0.5559041121309997
-0.5296871039105467
-0.5056430546762856
-0.4767497515165672
-0.3929457896054042
-0.29897679653514997
-0.2064586683132767
-0.11992613601483237
-0.04220631786666164
0.0
0.0
0.12590681984434546
0.23862399201261678
0.3311095115643878
0.4170418936273699
0.49707650709840245
0.5693626945910177
0.6317964196146666
0.6808133200418833
0.6942578215695908
0.6863544100748028
0.6663210295986549
0.6400585048043753
0.6112786941195295
0.5822567270638128
0.554331611281885
0.5282385282505454
0.5043286572215532
0.4707065737996672
0.3860334087241062
0.29216942081490643
0.20011517839474363
0.11425925386881995
0.03737656319919842
0.0
0.0
-0.13522598814120174
-0.24481464274977668
-0.33665847980127817
-0.4223252795631455
-0.5020382863893625
-0.5738691547248774
-0.6357136870655415
-0.6823154327802511
-0.6942853938123508
-0.6855196742524367
-0.6650183212613429
-0.6385380827407268
-0.6096959985810826
-0.5807051921590576
-0.5528644730098085
-0.5268832755115618
-0.5030965697507591
-0.4649843276681253
-0.3795088843452763
-0.285769863251636
-0.19417867322975585
-0.10898366852243496
-0.032909603081269695
0.0
0.0
0.14402755270505943
0.25069073740366865
0.3419429345714147
0.4273687730505245
0.5067853524800228
0.5781912419545281
0.6394820855794023
0.6837757780017237
0.6943355278482859
0.684744105903818
0.6637936336363525
0.6371033627970016
0.6081998344808154
0.5792369810063144
0.5514752300542697
0.5255994243492934
0.5019290450453507
0.4594878939819309
0.37323991476589213
0.27962204687570874
0.18847743821017474
0.10391921060232859
0.028623766442366944
0.0
0.0
-0.15244661532123907
-0.25630463550690774
-0.34698725386308926
-0.4321798344189478
-0.5113105700192604
-0.5823080901486507
-0.6430679237617914
-0.6851575961057488
-0.6943712406541078
-0.6839921694691076
-0.6626137926663855
-0.63572396545983
-0.6067627505115822
-0.5778275236266447
-0.5501420434511043
-0.5243676625080083
-0.5008090704368985
-0.45422329490601443
-0.3672341260220928
-0.2737305849847931
-0.183012079660252
-0.0990623518206854
-0.02451154850210381
0.0
0.005035551860758242
0.16036320884911906
0.26224931550855535
0.35242953262668775
0.43728762436357865
0.5159916012520707
0.5864310282558715
0.6465116760829204
0.6862949551698301
0.6941131387360058
0.6829301306859161
0.6611275684087314
0.634053429120083
0.6050558521330555
0.576172217481621
0.5485874935659674
0.522938281740411
0.49951377534669517
0.44873055578597
0.360985103635421
0.2675939561566835
0.17730754651112196
0.09397886902983908
0.020191101072242812
0.0
-0.017524998197192082
-0.16831019927574795
-0.26916535938678066
-0.3588720169507499
-0.4432108992988742
-0.5212425143130346
-0.5908564256265671
-0.6499840837876988
-0.6871323115995104
-0.6933758980133626
-0.6813047808304823
-0.6590529110802463
-0.6318048949400179
-0.6028017113300171
-0.5740109790850293
-0.5465727230129952
-0.521095011951706
-0.49784930818197387
-0.4436969916935269
-0.355277912143548
-0.26191407908263464
-0.17193120275785934
-0.08908125115501103
-0.015910469166975277
0.0
0.029695363871249963
0.17606566583349506
0.2759191279032945
0.36516524896301783
0.4489984868262856
0.526374866434404
0.5951840045491578
0.6533823922801107
0.6879604596456591
0.6926677380422579
0.6797296318027353
0.6570386468019374
0.629620129297922
0.6006105895588657
0.5719096331967451
0.5446134636648723
0.5193023262085574
0.4962303893491711
0.43880094072429576
0.34973330163808886
0.25640344332578835
0.1667225476242749
0.0843438950556301
0.0117776246519459
0.0
-0.04124603753334427
-0.18336478943688447
-0.2822353071616954
-0.37102042976894417
-0.4543543911996235
-0.53109369913185
-0.5991282680206022
-0.6564386016864054
-0.6886257701320487
-0.6919083769786704
-0.6781706619593407
-0.6550792214777871
-0.6275104401201741
-0.598503159695534
-0.5698934397805347
-0.5427365765862058
-0.5175868745463728
-0.49468240857446516
-0.43409475966806016
-0.34439619992078935
-0.2510923515847934
-0.16169611026187536
-0.07976602242407124
-0.007777608112319631
0.0
0.05237501676315992
0.19039025498906656
0.28831051229659654
0.3766495274211422
0.4595012185088211
0.535626103075151
0.6029143533085071
0.6593695820965041
0.6892617711996861
0.6911769740647578
0.67667190164453
0.653196271547617
0.6254834626516548
0.5964785545166089
0.5679566031730335
0.5409336351863361
0.5159390534474877
0.4931954847649075
0.42959178120095787
0.3392914158365628
0.24601335466189125
0.15689001010169756
0.07538940979204362
0.003953978941061212
0.0
-0.06303182396591489
-0.19712192393416253
-0.29413445236487284
-0.38204790833105784
-0.46443908826956004
-0.5399766199022021
-0.6065509077085037
-0.6621876785498956
-0.6898787672402126
-0.6904822022997753
-0.6752407010764362
-0.6513960611160782
-0.6235445594382765
-0.5945413812557405
-0.5661030929302279
-0.5392080672497721
-0.514361828049729
-0.49177218636011527
-0.4250590764814206
-0.3341526892413902
-0.2409152832266938
-0.15208364891857767
-0.07103163352746507
-0.0001673321761442026
0.0
0.07383075928787694
0.20398792146970923
0.30009933797210214
0.3875920375645719
0.46952239295277076
0.5444666835211123
0.6103158149014457
0.6651181675409613
0.6905225586400431
0.689763093873265
0.673756341110874
0.6495281269435738
0.6215323164536112
0.5925307176254524
0.5641791399577883
0.5374168419616735
0.5127245413415777
0.4902946573488679
0.4199945711254417
0.3283901451200046
0.2351979449740255
0.1466976361049184
0.06615441989673923
0.0
0.0
-0.08274027186949787
-0.20993894069766683
-0.3054419993356282
-0.39267550347845137
-0.4742868215630427
-0.5487795007959375
-0.6140453701786649
-0.668151966650728
-0.6913530472203818
-0.6892714149249901
-0.6725134946276817
-0.647899626736606
-0.6197480771474557
-0.5907316542291006
-0.5624481793310062
-0.5357995076723961
-0.5112425710964125
-0.48895497043592423
-0.415061742071586
-0.3227233824638145
-0.22953547966696175
-0.1413266051139665
-0.061255367208619016
0.0
0.0
0.09136898565136942
0.2156938620015027
0.3106026761370651
0.39758098411970016
0.47887961543315666
0.5529316908543322
0.6176300224632687
0.6710607860303975
0.692132177099973
0.6887735632616729
0.6712911274142743
0.6463062967763845
0.6180060870213978
0.5889771714782391
0.560761258817963
0.534224018781462
0.5097993791321364
0.4876506160672924
0.41036319194239523
0.3173229323499451
0.22413022775662889
0.1361894555975787
0.05655905682781441
0.0
0.0
-0.09968373915669426
-0.2212519963604485
-0.31559507234117223
-0.40233285027812127
-0.4833347888309692
-0.5569661778602568
-0.621120685204793
-0.6739023551535416
-0.6929144394290003
-0.6883198138968976
-0.6701349071932152
-0.6447891656380209
-0.6163429148358985
-0.5872996733344606
-0.559146967568684
-0.5327155167852065
-0.5084170208114869
-0.4864009062748778
-0.40586812652011933
-0.31215916666741594
-0.21896459365270954
-0.13128269318748814
-0.05207597923314514
0.0
0.0
0.10762815904267423
0.226562664656027
0.320364988598709
0.40687260097600497
0.4875906272965151
0.5608195768422628
0.6244539599760973
0.676614917424205
0.6936581132253771
0.6878819267423121
0.6690256716285302
0.6433351899859309
0.6147496472672531
0.5856930387028093
0.5576010763165209
0.5312710576934236
0.5070934283559487
0.48346105965540076
0.4006235073148686
0.3065374866617715
0.2135036542816982
0.12621934758293907
0.04756970916108051
0.0
0.0
-0.11574674997818818
-0.23193735024297196
-0.32516176206796016
-0.4114172561912269
-0.4918330162499688
-0.5646427755963563
-0.6277418598517482
-0.6792688397195338
-0.6943561189030781
-0.6874078955397367
-0.6678873962191831
-0.6418575623772947
-0.6131368834188674
-0.5840701665479408
-0.5560415434559408
-0.5298150550494259
-0.5057600101379124
-0.4773010072753358
-0.39357561674479463
-0.2995956667781938
-0.20703384282505322
-0.12043837471453422
-0.042641199951067965
0.0
0.0
0.12506059929940475
0.23806173345165133
0.3306058467388944
0.416562864530332
0.4966273165566768
0.5689555573704254
0.6314435296484994
0.6806819698672568
0.6942614549073416
0.6864367187613711
0.6664457728516392
0.6402027074653525
0.6114281084279061
0.58240280996378
0.5544695157689424
0.5283657726196823
0.5044442469887415
0.4712428574584475
0.3866462865821186
0.2927721685687154
0.20067597221644584
0.11475931807361067
0.03780178357695935
0.0
0.0
-0.13440016869512622
-0.24426526087638673
-0.3361655884303248
-0.42185568345015784
-0.5015970258043054
-0.573468144266092
-0.635364853823416
-0.6821814805410709
-0.6942826473744289
-0.685593669183801
-0.6651339760352989
-0.6386731322590675
-0.6098366125173615
-0.5808430561874645
-0.5529948488934728
-0.5270037156143268
-0.503206068579761
-0.46549489867248434
-0.3800911780027588
-0.2863410720888574
-0.19470860391191655
-0.10945464828961902
-0.033308437181546566
0.0
0.0
0.14324291084695076
0.2501671424294133
0.3414722106441159
0.4269196234271544
0.5063627031048097
0.5778065358319031
0.6391467790261067
0.68364605900606
0.6943314066634275
0.6848135096776906
0.6639030147584387
0.6372314237625688
0.6083333405404445
0.5793679707423317
0.5515991613618942
0.5257139457989447
0.5020331848894272
0.4599776831748407
0.37379857392592686
0.2801699627770423
0.1889856119979869
0.10437068797376226
0.029005899532602214
0.0
0.0
-0.15169586357148868
-0.2558039717023675
-0.3465373490656094
-0.4317507043320092
-0.5109069071592743
-0.5819408236955791
-0.6427479936477941
-0.6850342232312389
-0.694367921116771
-0.684059102714273
-0.6627188977180717
-0.6358468783643192
-0.6068908189181834
-0.5779531385944643
-0.5502608660387152
-0.5244774485818392
-0.5009088949808651
-0.4546924651480814
-0.3677693328401178
-0.27425558771799285
-0.18349909560606592
-0.09949512878857947
-0.024877956726736497
0.0
0.003963395807114745
0.15967769037402263
0.26165056111441465
0.3518701653989401
0.43677183210176324
0.5155327783169249
0.5860425781458963
0.6462048063124566
0.6862173523267362
0.6941727388331347
0.6830673143626577
0.661304207725759
0.6342455739201779
0.6052488539571242
0.5763574850631968
0.5487603395997802
0.523096498826221
0.49965669853121025
0.4492760116238621
0.36160379097767736
0.26820231224913443
0.17787444799418173
0.09448569545426337
0.020623749572887484
0.0
-0.016291927953576008
-0.1675300810052006
-0.2684893752163672
-0.3582444971857349
-0.44263598664932263
-0.5207349950792556
-0.5904310741455474
-0.649653127643642
-0.6870573673224084
-0.6934536622890519
-0.6814684089585723
-0.6592597022313398
-0.6320280702074321
-0.6030249327766195
-0.5742247033852225
-0.5467717820762105
-0.5212770133298292
-0.4980135824798698
-0.4441971478622794
-0.35584502388435446
-0.2624782715904881
-0.1724649912842724
-0.08956723494028304
-0.016334932449596884
0.0
0.028495364416576824
0.17530289493882661
0.27525608865272594
0.3645483054303845
0.44843193619330357
0.5258733232546118
0.5947620738861862
0.6530522056754419
0.6878820519483665
0.6927397146219574
0.6798863617994644
0.6572381856476847
0.6298361548540774
0.6008270262635035
0.5721170753793655
0.544806802180176
0.5194791790721618
0.4963900688700026
0.43928433849363
0.35028090542794393
0.25694785067457526
0.16723727483283368
0.08481219802311707
0.012186321733111988
0.0
-0.040104152701200574
-0.18264313838608343
-0.28161077752832697
-0.37044142468293534
-0.45382469519629526
-0.5306269361717872
-0.5987380343929717
-0.65613612151031
-0.6885596323009534
-0.6919830849578484
-0.6783244363512736
-0.6552726096140463
-0.627718711455973
-0.5987112365762033
-0.5700925251524998
-0.5429219166078836
-0.5177562794425581
-0.4948352794151255
-0.4345591552017468
-0.34492278385218705
-0.2516163163027656
-0.16219194407374088
-0.08021756111953969
-0.008172103819425514
0.0
0.05127684239768196
0.18969688681363694
0.28771085415737047
0.3760938480354506
0.4589930957611638
0.5351785859343522
0.6025404655302753
0.6590800673274565
0.6891988237166838
0.6912490276360806
0.6768197215458691
0.6533820320032284
0.6256834546115217
0.5966783246846735
0.5681477202875148
0.5411115445873068
0.5161016587426602
0.4933422146363665
0.4300363036243659
0.3397953512699709
0.24651473797647105
0.1573644451529288
0.07582143826996236
0.004331410220426546
0.0
-0.06197996949800921
-0.19645751864266123
-0.29355965726086763
-0.3815151285026538
-0.4639517717238072
-0.5395472845146257
-0.6061920482615323
-0.6619096069537549
-0.689817931560724
-0.6905508280512698
-0.6753820042715609
-0.6515737790019577
-0.6237359608737592
-0.5947326074229442
-0.5662860577576226
-0.5393784009554162
-0.5145175176088299
-0.49191268098311347
-0.4255400597255831
-0.3346980626031423
-0.24145428648773024
-0.1525893045427156
-0.07148739448974725
-0.0005604389808590571
0.0
0.07267324458359425
0.20324541129417747
0.2994506444354569
0.3869868783955458
0.4689657424244067
0.5439733033540681
0.6099003755422981
0.664792876739561
0.6904505724108043
0.6898421089266161
0.6739201696043147
0.6497344964703066
0.6217547248439793
0.5927530032875278
0.5643918697582923
0.5376149146675315
0.5129056032020459
0.4904580595695818
0.42055538937772424
0.32903106766278645
0.23583693239897696
0.14730271778950085
0.0667054888589934
0.0
0.0
-0.08176104175528337
-0.20928482267820064
-0.30485473655050804
-0.39211672784494644
-0.47376311087387835
-0.5483054254176278
-0.6136353989128657
-0.6678184630195612
-0.6912616745735906
-0.6893253453393372
-0.6726499809987214
-0.6480785023678565
-0.6199440760797361
-0.5909292905480716
-0.5626383394008618
-0.5359771881164547
-0.5114053824067255
-0.4891021515562234
-0.4156000969961825
-0.32334182762329666
-0.23015364371178576
-0.14191318203056763
-0.06179064407009974
0.0
0.0
0.09042491251397161
0.21506387529908083
0.31003752516477445
0.3970436149696024
0.47837633944355096
0.5524765235526213
0.6172368739822872
0.6707415294121104
0.6920461338894048
0.6888273878581967
0.6714243382940216
0.6464801855813317
0.618196312478984
0.5891688212547762
0.5609455633396351
0.5343961700147016
0.5099570877256466
0.4877931612592108
0.4108767919076597
0.31791321623066426
0.2247209842537622
0.13675085668485387
0.05707222779745211
0.0
0.0
-0.09877530994031891
-0.2206448028164985
-0.3150497262994375
-0.4018138156489271
-0.48284819899276055
-0.5565255767735463
-0.6207395225179345
-0.6735921274952226
-0.692829182041262
-0.6883695767957217
-0.6702613987223754
-0.6449550697153865
-0.6165247572674485
-0.5874830651544415
-0.5593234395138561
-0.5328804180538297
-0.5085681290175441
-0.48653751204893814
-0.40635960849548214
-0.3127237907512159
-0.21952944552501105
-0.13181926009800804
-0.05256623665076493
0.0
0.0
0.10675958913819611
0.22598208077742582
0.31984354238676693
0.40637632994941836
0.4871254043897298
0.5603983579288524
0.6240896088633562
0.6763184287907307
0.6935768473786306
0.6879298183458092
0.669146947807887
0.6434941483072706
0.6149238297378005
0.5858686802910837
0.5577700759884482
0.5314289678335353
0.5072381247101686
0.4841191802633508
0.4013772874507604
0.3072812867884728
0.21419837048683785
0.12684166144044126
0.048101932908469994
0.0
0.0
-0.114761660860901
-0.23129436599104916
-0.32459331971374383
-0.4108823514718284
-0.49133689499078637
-0.5641988875020563
-0.6273635645928584
-0.6789673901741142
-0.6942821173323781
-0.6874698809866228
-0.668026153371939
-0.6420352339010944
-0.6133297002836745
-0.5842636014389977
-0.5562270860523093
-0.5299880720615847
-0.5059183301497072
-0.4780504341184269
-0.39443167790830197
-0.30043649413863144
-0.20781492881926528
-0.12113360275696479
-0.04323101906724769
0.0
0.0
0.12391100150816883
0.23729778387679754
0.3299215091671485
0.41591205630591427
0.4960171349615613
0.5684026168849211
0.6309644100763484
0.6805043062453512
0.6942674218749137
0.686549671402582
0.6666163858135634
0.6403997145681979
0.6116321240726613
0.5826022139295011
0.5546577186115701
0.5285394040184714
0.5046019603913137
0.4719747211449077
0.38748293107650666
0.2935952626119957
0.201442059374916
0.11544273412483834
0.03838321938117692
0.0
0.0
-0.13327307913123096
-0.24351580954404956
-0.33549341319926484
-0.42121542639657134
-0.5009955365161488
-0.5729216575396556
-0.6348896210361806
-0.6819992211425786
-0.6942792608359649
-0.6856948888879013
-0.6652919670776818
-0.6388575368118657
-0.6100285746326563
-0.5810312415356713
-0.5531727993681768
-0.5271680963693177
-0.5033555110395598
-0.46619083693550584
-0.38088487500911405
-0.2871196944847859
-0.19543100257126483
-0.11009673266084448
-0.03385221797316092
0.0
0.0
0.14217289749609413
0.24945304494574638
0.34083017335440036
0.4263069759646352
0.505786167615925
0.5772817215426738
0.6386893138078217
0.6834689853124425
0.6943256367644768
0.6849080273771805
0.6640520676602397
0.6374059656320428
0.6085153208472752
0.5795465306034873
0.5517681051286997
0.5258700654992658
0.5021751542277079
0.46064542969269057
0.37456019679572
0.28091691913096883
0.18967836813485206
0.10498613231267781
0.02952679216199708
0.0
0.0
-0.15067247158115527
-0.2551214949663041
-0.34592406907323736
-0.431165747464009
-0.510356669931367
-0.5814402040926605
-0.6423119041823622
-0.6848660749864262
-0.6943634248699121
-0.6841503710740849
-0.6628621984914943
-0.6360144519009575
-0.6070654179443099
-0.5781243909480038
-0.5504228571683796
-0.5246271195352281
-0.5010449849906313
-0.45533213477818024
-0.36849904236198416
-0.27497138837687474
-0.18416310740427627
-0.1000851926523863
-0.02537753414118385
0.0
0.0025016201614999622
0.15874306548213796
0.26083423505702097
0.3511075431089294
0.4360686224070936
0.514907242343021
0.5855129894656442
0.645786444485753
0.6861115635168898
0.6942540063210199
0.6832543553156016
0.661545039968305
0.6345075447668361
0.6055119923257933
0.5766100780276571
0.5489959967483655
0.523312210753329
0.4998515587400857
0.4500196631020919
0.3624472829827797
0.26903171979302476
0.1786473389690669
0.09517668350682867
0.021213607373325838
0.0
-0.014610794956710527
-0.16646648689174787
-0.2675677529887674
-0.3573889487470744
-0.44185216025729385
-0.5200430501470661
-0.5898511537918633
-0.6492019028326109
-0.686955183905902
-0.693559678872719
-0.681691490968104
-0.6595416322838364
-0.6323323385014471
-0.6033292644898034
-0.5745160873154386
-0.5470431721201507
-0.521525147635643
-0.49823754837090295
-0.4448790432494747
-0.35661820365890606
-0.2632474708549193
-0.17319273834891324
-0.09022980629998345
-0.01691362860873824
0.0
0.02685933192698392
0.1742629629294284
0.27435212696472316
0.36370718893569803
0.44765952350617155
0.525189539288776
0.5941868306133844
0.6526020427599725
0.6877751546902131
0.6928378454573578
0.6801000421258564
0.6575102298495564
0.6301306763399495
0.6011221082331679
0.5723998945075255
0.5450703928594294
0.5197202938016056
0.49660777008296797
0.43994338663602006
0.3510274900504319
0.25769007747361455
0.1679390367996994
0.08545066679531842
0.012743525880991466
0.0
-0.038547345836402624
-0.18165926420269526
-0.2807593155074443
-0.3696520293708392
-0.45310252627777203
-0.5299905680710402
-0.5982060038075666
-0.6557237310015877
-0.6884694626492728
-0.692084939525152
-0.6785340872675923
-0.655536268492427
-0.62800266153872
-0.5989949215187699
-0.570363951362318
-0.5431746028661579
-0.5179872402887777
-0.49504369829126654
-0.4351922958352865
-0.3456407099731477
-0.25233067150384875
-0.16286794660866713
-0.0808331732677809
-0.008709945575052822
0.0
0.049779629367034284
0.18875157249153096
0.28689330082125414
0.37533625378105095
0.4583003385581311
0.5345684563015216
0.6020307196122557
0.6586853526472753
0.6891130031094832
0.6913472628467413
0.6770212539851723
0.6536352913066487
0.6259561166733072
0.5969506843760413
0.5684082827143937
0.5413541000815106
0.5163233491537625
0.49354226104806376
0.43064235003948614
0.34048239930153545
0.24719830652227046
0.15801127335963577
0.07641045081776783
0.004845986837565611
0.0
-0.060545907811258404
-0.19555169164471722
-0.2927760016663848
-0.38078875506988286
-0.46328738134574415
-0.5389619436264174
-0.6057027918139111
-0.6615304938455546
-0.6897349903296732
-0.6906443900223325
-0.6755746521352259
-0.6518160733847194
-0.6239969109300089
-0.5949933185234442
-0.5665355056343435
-0.5396106280000433
-0.5147297793336102
-0.4921042264608458
-0.4261958155775864
-0.33544160570974274
-0.24218914482254084
-0.15327869786893
-0.07210876316758796
-0.0010963871564464156
0.0
0.07109512924589342
0.20223309872264134
0.29856623821445993
0.386161825421956
0.4682068244486319
0.5433006459926636
0.6093339799718931
0.6643493865816029
0.690352428899849
0.6899498353139779
0.6741435276864328
0.6500158535173254
0.6220579487191608
0.5930560598383484
0.5646818981788512
0.5378849601140737
0.51315245665271
0.49068083648075794
0.4213199894888679
0.3299048791793371
0.23670810564399403
0.14812766512759656
0.06745679712981846
0.0
0.0
-0.08042599344475274
-0.20839302089867495
-0.3040540828733838
-0.3913549125596636
-0.4730491019145615
-0.5476590875157715
-0.613076458329981
-0.6673637757522147
-0.6911371002773926
-0.689398872188261
-0.6728360617708423
-0.6483223751848473
-0.6202112942107394
-0.5911987410355355
-0.5628975970303669
-0.5362194314580527
-0.5116273536882777
-0.4893028131800293
-0.4163340713883046
-0.32418499425735653
-0.23099642708331372
-0.14271290060885772
-0.06252042193588721
0.0
0.0
0.08913779601388763
0.21420497332674304
0.30926701797315986
0.3963109845486524
0.4776901904525543
0.5518559642744918
0.6167008690086447
0.6703062660356887
0.6919288255670957
0.6889007704425747
0.671605953377638
0.646717259534269
0.6184556592562793
0.5894301098989988
0.5611968377186564
0.5346308750226737
0.5101721021405857
0.487987502419448
0.41157701625036924
0.3187179887587197
0.22552640113068653
0.13751625141626403
0.057771867262726026
0.0
0.0
-0.09753678911940192
-0.21981697624206964
-0.3143062204601179
-0.40110618187508773
-0.48218479931938846
-0.5559248765656645
-0.6202198585586467
-0.6731691738884956
-0.6927129450823533
-0.6884374218027189
-0.6704338528771633
-0.6451812575685464
-0.6167726749187229
-0.5877330951880272
-0.5595640352306116
-0.5331052387123082
-0.5087741446938939
-0.48672375561353376
-0.40702967793885575
-0.3134935796031348
-0.22029954493588633
-0.13255079677508735
-0.053234636574775146
0.0
0.0
0.10557541111793772
0.22519053289573185
0.31913262074441723
0.40569973127978803
0.486491135647528
0.559824082701825
0.6235928652192841
0.6759142064922922
0.6934660523474783
0.6879951120934146
0.6693122915357222
0.6437108665578392
0.6151613040642877
0.5861081439279773
0.558000484267445
0.5316442570302832
0.5074353986904886
0.4850164390267742
0.402404965089848
0.3082953580298757
0.21514552241551532
0.127690102524733
0.04882754826777118
0.0
0.0
-0.11341862459592522
-0.2304177436093836
-0.32381832516464654
-0.4101530809684135
-0.49066050050908017
-0.5635937059019465
-0.626847809984818
-0.6785564043409886
-0.6941812261628673
-0.6875543897905619
-0.668215330051405
-0.6422774650815442
-0.6135925800956662
-0.5845273238464983
-0.5564800483795337
-0.5302239574426328
-0.5061341781512638
-0.4790721766294849
-0.39559880194567415
-0.3015828489383608
-0.2088798343166331
-0.12208145250692262
-0.044035157950710335
0.0
0.0
0.12234367983463279
0.23625624157802455
0.3289885071064488
0.4150247669920301
0.4951852345820646
0.5676487570448173
0.630311195103817
0.6802620858380768
0.6942755570311268
0.6867036671078731
0.6668489935960904
0.6406683072051094
0.6119102719120252
0.5828740743659508
0.5549143078260963
0.5287761270329077
0.5048169813629482
0.47297251865861434
0.3886235831020154
0.29471744042341996
0.2024865159809035
0.11637447981650206
0.0391759287484596
0.0
0.0
-0.13173644439255766
-0.24249403364521488
-0.33457699285112885
-0.42034252218226464
-0.5001754869258294
-0.5721765965303347
-0.6342417051710885
-0.6817507350132157
-0.6942746437471208
-0.6858328883145108
-0.665507366573781
-0.6391089475700468
-0.6102902891088773
-0.5812878068989089
-0.5534154108606005
-0.5273922073775095
-0.5035592556952773
-0.46713965497551
-0.38196697392210843
-0.28818124119785216
-0.19641589579597069
-0.11097212817650018
-0.034593589804981104
0.0
0.0
0.1407140784825674
0.24847946925545136
0.33995484202803816
0.42547171370720943
0.5050001391682566
0.5765662079810108
0.6380656216287222
0.6832275691928795
0.6943177702847846
0.6850368895236397
0.6642552812061225
0.6376439299505645
0.6087634264727613
0.5797899729122197
0.5519984371886086
0.5260829136726392
0.5023687102892803
0.461555812087152
0.3755985669456855
0.2819352934629464
0.1906228477746526
0.10582520773417695
0.030236959068943386
0.0
0.0
-0.14927721451020656
-0.2541910299042902
-0.3450879444465936
-0.43036823760074483
-0.5096064956187011
-0.5807576767254109
-0.641717354961774
-0.684636827513554
-0.6943572948432152
-0.6842748031837602
-0.6630575697854647
-0.6362429158366804
-0.6073034601882252
-0.5783578704548298
-0.5506437102444541
-0.5248311757111648
-0.5012305253800474
-0.4562042381197118
-0.36949390296255497
-0.2759472861170643
-0.185068398011783
-0.10088966521623727
-0.026058640624895144
0.0
0.000508686051256535
0.15746883038805407
0.25972128448232734
0.35006781038417556
0.4351098907499034
0.5140544083371209
0.5847909666651967
0.6452160645116701
0.6859673347303064
0.6943648035894969
0.6835093604501122
0.6618733822775068
0.6348647067141983
0.605870746032087
0.576954454496365
0.5493172835143251
0.5236063048975358
0.5001172243763694
0.45103353168140603
0.36359727066640746
0.2701625052117509
0.17970107166188215
0.09611875260194368
0.022017798997540486
0.0
-0.01231879665768651
-0.1650164196433916
-0.266311245275255
-0.35622252374096297
-0.4407835185968124
-0.5190996764755279
-0.5890605105371699
-0.6485867186078711
-0.68681587058729
-0.693704218198213
-0.681995633226535
-0.6599260059187428
-0.6327471673184591
-0.6037441797703059
-0.5749133500386515
-0.5474131758737161
-0.5218634453241152
-0.4985428956826528
-0.4458087157206458
-0.35767233009114874
-0.2642961703980092
-0.17418492340350794
-0.09113313306368748
-0.01770260283913866
0.0
0.024628822092078034
0.17284515577134824
0.2731196970170938
0.3625604399404092
0.4466064428942556
0.5242572919951245
0.5934025639282107
0.6519883062867342
0.6876294146837321
0.6929716336277395
0.6803913664562563
0.6578811254593099
0.6305322166974959
0.6015244127348367
0.5727854802772908
0.5454297632302528
0.5200490212436252
0.49690457635037333
0.4408419099676952
0.35204535757668354
0.2587020036948353
0.16889579467511692
0.08632113292892757
0.013503198650206605
0.0
-0.03642484946480237
-0.18031788433626988
-0.2795984617813053
-0.3685757952382896
-0.45211794627372126
-0.5291229659198804
-0.5974806517985041
-0.6551614921149035
-0.6883465284800778
-0.6922238045021897
-0.678819918040343
-0.6558957318435699
-0.628389789212662
-0.5993816877098049
-0.5707340044231847
-0.5435191065284093
-0.5183021242793151
-0.49532784934325996
-0.43605549776982844
-0.34661950549446285
-0.2533045985571126
-0.16378958496986504
-0.08167247747468089
-0.009443220331625132
0.0
0.047738381157689774
0.18746276379980348
0.2857786770174066
0.37430337610529796
0.4573558574647569
0.5337366267655844
0.6013357497441885
0.6581472123708895
0.6889959982763785
0.6914811933187252
0.6772960163085234
0.6539805762387353
0.626327854651793
0.5973220101132088
0.5687635244711787
0.5416847918121295
0.5166255941552605
0.4938149973730246
0.4314686126583123
0.34141909670895626
0.24813026011973133
0.1588931364557133
0.0772134900539212
0.005547542712919143
0.0
-0.05859075794931501
-0.1943167185983435
-0.2917075928653413
-0.3797984427772377
-0.4623815745956253
-0.5381639102033486
-0.60503575657766
-0.6610136242101646
-0.689621911137937
-0.6907719491618708
-0.6758373015369417
-0.6521464091250735
-0.624352681167206
-0.5953487629766774
-0.566875594199737
-0.5399272382814817
-0.5150191695918774
-0.49236537290789506
-0.42707569559379527
-0.33643924677568415
-0.24317594216680732
-0.15420543253488755
-0.07294512563001472
-0.0018189397424287906
0.0
0.06898217521665989
0.20088025133347576
0.297385722375206
0.3850613861249057
0.4671952778381991
0.5424047176539243
0.6085802434850272
0.6637599334872212
0.6902221779927393
0.6900933158562716
0.6744407455587069
0.6503901726944243
0.6224613241067212
0.5934591933696157
0.5650676901020425
0.5382441640827593
0.5134808072199669
0.4909771590373776
0.42233672836317426
0.33106578745882587
0.23786435056659194
0.14922139346070307
0.06845172676269434
0.0
0.0
-0.07865377249544642
-0.20720862431131631
-0.3029904018531846
-0.39034259931895543
-0.4721001143575624
-0.5467998426203204
-0.6123331887440232
-0.666758903400104
-0.6909710818268819
-0.6894962278701733
-0.6730830741036614
-0.6486462478089289
-0.6205662346796241
-0.5915566809991128
-0.5632420165937322
-0.5365412598729906
-0.5119222575268298
-0.48956941050219394
-0.4173113913163383
-0.32530777592446314
-0.2321186524136779
-0.14377771207688028
-0.0634920285137283
0.0
0.0
0.08742483430808962
0.21306205332325204
0.30824182034886227
0.39533625893651547
0.47677737903594114
0.551030488476471
0.6159879579815206
0.6697274517076867
0.6917730745288623
0.6889987337431974
0.6718479060846594
0.6470329787391278
0.6188009874098012
0.5897779956773229
0.5615313740233232
0.5349433416857255
0.5104583482219776
0.488246222515011
0.41250899788764045
0.3197891439650744
0.22659845035694612
0.13853506798289378
0.058703196670755436
0.0
0.0
-0.09588800357723165
-0.21871488426199087
-0.3133163545657782
-0.40016404917841436
-0.48130153410632703
-0.5551250632851911
-0.6195279109615266
-0.672605961492298
-0.6925580694819352
-0.688527622916654
-0.6706633302114192
-0.6454822811825416
-0.6171026378858886
-0.5880658803175121
-0.5598842696706996
-0.533404480213678
-0.5090483586816604
-0.4869716537365447
-0.40792150251213644
-0.3145181089039864
-0.22132447342718115
-0.1335243885269637
-0.054124187419219705
0.0
0.0
0.10399932790131008
0.22413700586055088
0.31818639645920915
0.40479918503217927
0.4856469258079029
0.559059719923594
0.6229316930376669
0.6753761767208427
0.6933185778235301
0.6880820140803622
0.6695323615869233
0.6439993171030463
0.6154773815947321
0.586426869643168
0.5583071575586794
0.5319308069788344
0.5076979704757747
0.48575088055102145
0.40352637949795933
0.3094685702619406
0.21627269633181434
0.1287254108640003
0.049739241143391344
0.0
0.0
-0.11176429127134749
-0.22932664811988812
-0.32284697220727326
-0.40923442237480157
-0.4898043786115414
-0.5628236155865672
-0.6261870840614958
-0.6780248275988621
-0.6940437762196614
-0.6876529744288361
-0.6684475526073637
-0.642577824019043
-0.6139199153653179
-0.5848564469892887
-0.5567961730528115
-0.5305190030236555
-0.5064043249309524
-0.48032829206460087
-0.3970353376795422
-0.30299670663816547
-0.21019640007299786
-0.123256630194191
-0.045035742385553273
0.0
0.0
0.12043707205678131
0.23499893442169079
0.32786850472263096
0.4139643774166222
0.4941955317705051
0.5667566398146555
0.6295434545798102
0.6799883746368126
0.6943020372989314
0.6869043293688543
0.6671428165512848
0.641003999559636
0.6122560931219687
0.583211055789167
0.5552317489398063
0.5290686124516814
0.5050824132780113
0.47419457930638126
0.3900213290677507
0.2960937821941742
0.20376887812024175
0.1175198640488117
0.04015190055810572
0.0
0.0
-0.12985226857168491
-0.2412422549750176
-0.33345489270183615
-0.419274084479697
-0.4991720532093169
-0.5712652133244062
-0.6334494507825411
-0.6814469607663184
-0.6942691029374813
-0.6860017522401078
-0.6657708780039305
-0.639416489988502
-0.6106104238146489
-0.5816016364196938
-0.5537121680937996
-0.5276663327528087
-0.5038084680495502
-0.46829743138920327
-0.3832871197558893
-0.2894761375755571
-0.19761713131569122
-0.11203966193373285
-0.03549752993618385
0.0
0.0
0.1389333066716249
0.2472906468558717
0.33888575052996095
0.42445139406741905
0.5040398090141865
0.5756918723658926
0.637303317566708
0.6829321958359482
0.6943076870561841
0.6851938459477379
0.6645030919799686
0.6379342264049792
0.609066148582573
0.5800870354614314
0.5522795198856636
0.5263426712742936
0.5026049310442169
0.4626677387278221
0.3768667808707677
0.28317900835059323
0.19177623021838133
0.10684978028086552
0.031104025244685765
0.0
0.0
-0.14757391496074435
-0.25305523958234544
-0.344067379148824
-0.4293948567089629
-0.5086909390878082
-0.5799247342702577
-0.6409918397073315
-0.6843572251039526
-0.6943500352378106
-0.6844269015191704
-0.6632962436293333
-0.6365219663601501
-0.6075941845369142
-0.5786430080785694
-0.550913419348877
-0.5250803669718512
-0.5014571020595359
-0.45726929082493717
-0.37070889811711377
-0.2771391485211603
-0.18617405423758282
-0.10187221621998445
-0.026890545123064796
0.0
0.0
0.1558509664106566
0.25857511038796926
0.3490276736494353
0.43412615675287536
0.5131415132467266
0.5839740897405242
0.6445193628892028
0.6857178125554914
0.6943870804915696
0.6836894175319324
0.6621379005488084
0.6351672642072482
0.6061826093109345
0.5772584461875541
0.5496037078861643
0.5238702491816764
0.5003567786665037
0.4520990197266252
0.36481099813199036
0.27135375281491314
0.18080731135006933
0.09710321269769795
0.02285293919728175
0.0
-0.009890223209409493
-0.16346747250093932
-0.26496084876840265
-0.3549628155750044
-0.4396236725630029
-0.5180697458240384
-0.5881905586416917
-0.6479018246984701
-0.6866467439262905
-0.6938435156811493
-0.6823091070502578
-0.6603278238423395
-0.6331834339649753
-0.6041819504274224
-0.5753333208232547
-0.5478048327792953
-0.5222218562297064
-0.49886659872561234
-0.4467792195525929
-0.35877268469734225
-0.2653917949562575
-0.175222652178685
-0.09207916382037094
-0.0185302159274639
0.0
0.022270142520101427
0.1713401879324745
0.2718079088007758
0.3613372298431772
0.44548070271683854
0.5232581469387092
0.5925591328729357
0.6513248594803241
0.6874656951359877
0.6931067401664263
0.6806952228837683
0.6582705672809884
0.6309550242049763
0.6019486660158395
0.5731924764167078
0.5458093160303688
0.5203963528807843
0.49721827134518026
0.4417900304805642
0.3531188894528269
0.2597687938208186
0.16990396856155682
0.0872379302524196
0.014302853176429459
0.0
-0.0341902915953933
-0.1789060947479631
-0.2783769896267988
-0.3674436360630918
-0.451082489262403
-0.5282108525118018
-0.5967184632909287
-0.6545711618954639
-0.6882185855519958
-0.6923713546505252
-0.6791220606723107
-0.6562752650670148
-0.6287983251239961
-0.599789730325316
-0.5711243491356732
-0.5438824609577999
-0.5186342132610557
-0.49562751017368545
-0.43696694140134407
-0.34765322795069603
-0.2543333542866741
-0.16476326915950126
-0.08255933255131902
-0.010218192866727982
0.0
0.04558297090484176
0.18610224250498106
0.2846022668296206
0.37321341395426255
0.45635933549952334
0.5328591293475717
0.6006028111895974
0.6575798911959388
0.6888730254672688
0.6916229667951221
0.6775863526139965
0.6543452855540219
0.6267204368740252
0.597714119938282
0.5691386283971079
0.5420339598587858
0.5169447178117641
0.4941029591630015
0.43234045782475305
0.34240745090676733
0.24911362515028912
0.1598236712746883
0.07806087708955432
0.006287871342621168
0.0
-0.05652725970257
-0.1930132127826514
-0.29057983123315656
-0.3787530670331618
-0.46142535530759027
-0.5373214105520903
-0.6043314949690503
-0.6604678372832686
-0.6895023557083286
-0.6909064139583416
-0.6761143769807934
-0.6524949473013912
-0.6247280826170944
-0.5957238354498025
-0.5672344714582456
-0.5402613454382913
-0.5153245557706041
-0.4926409562251291
-0.4279110062743146
-0.33738613463872946
-0.24411793181361968
-0.15509668331033583
-0.073756602160018
-0.002527750747414584
0.0
0.06700672836711932
0.19963253213887253
0.29630634097480046
0.38406094941386426
0.4662802581396477
0.541598620822389
0.6079065310769437
0.663237966574018
0.6901081715504601
0.6902224226038828
0.6747063218546493
0.6507241159512985
0.622820945423153
0.5938184668299947
0.5654114314135106
0.5385641683233074
0.5137732954968343
0.4912410984916424
0.423240511610566
0.3320905976705655
0.238877219725443
0.15017162455131317
0.06930822208707232
0.0
0.0
-0.07709925658283481
-0.2061658959106566
-0.30205167171637576
-0.38944765404229864
-0.4712598030765197
-0.5460376570367718
-0.6116724553696486
-0.6662196023016027
-0.6908210644238284
-0.6895799528877915
-0.6732997324275335
-0.6489312950951681
-0.6208790591023394
-0.5918723800941611
-0.5635459246693675
-0.5368253152487282
-0.5121825992297959
-0.4898047955076014
-0.41818892709015176
-0.32631637608334085
-0.2331264436224515
-0.14473347248422985
-0.0643635907360961
0.0
0.0
0.08589276602182266
0.21204084856941088
0.30732645811848686
0.39446646704522786
0.4759633284336989
0.5502948562730411
0.615353242327699
0.6692128368995848
0.691636254972082
0.6890883842476117
0.6720659900166228
0.6473167628783494
0.6191110323467881
0.5900901483362266
0.5618314390783798
0.535223544804453
0.5107149966368231
0.48847816465042265
0.41334313926015254
0.32074799930314946
0.22755835081361464
0.13944756542747883
0.05953760350068872
0.0
0.0
-0.09440998798060227
-0.21772663766324252
-0.3124285335786409
-0.3993188716390664
-0.4805089965984727
-0.554407219922175
-0.6189066660512983
-0.6721000453533107
-0.6924183266013201
-0.6886076875818345
-0.6708683463909635
-0.6457515216894802
-0.6173978978050629
-0.5883637378168804
-0.5601709355702618
-0.533672379140572
-0.509293867342302
-0.48719361144550744
-0.4087195585402154
-0.31543480783500805
-0.22224143425049261
-0.1343953299447001
-0.05491986045257363
0.0
0.0
0.1025888965918954
0.22319410465737888
0.3173394740697911
0.40399311174863767
0.48489124989373045
0.5583754895906332
0.6223398065575705
0.6748944967754379
0.6931865246436403
0.6881597772005418
0.6697293395332158
0.6442575121154136
0.6157603110531594
0.5867121723612014
0.5585816733443534
0.5321873105224885
0.5079330107188931
0.48596335784292066
0.4042919375199968
0.3103481845253015
0.21715274279186375
0.1295614542369607
0.05050318810903953
0.0
0.0
-0.11041219170039113
-0.22842312766886902
-0.32203564977580335
-0.4084623898408135
-0.48908075714831084
-0.5621685543765573
-0.6256205882573088
-0.6775639919546246
-0.6939177457770604
-0.687727847522875
-0.6686365587814547
-0.6428254196484565
-0.6141911631564515
-0.5851299344037787
-0.5570592996109899
-0.5307648521085989
-0.5066295944105691
-0.48135235364740686
-0.39820826584575986
-0.3041541475112652
-0.21127750827838726
-0.12422511729352555
-0.04586407942182026
0.0
0.0
0.11890382961632057
0.2339981138846542
0.3269836776327016
0.4131317277733447
0.4934232270384774
0.5660656164075702
0.628954509234276
0.679790427497773
0.6943408788570835
0.687079798286352
0.6673905891728271
0.641283425912488
0.6125420830628504
0.5834886766279805
0.5554926370672226
0.5293085974488718
0.5052999514872698
0.4751860287118468
0.3911560684985856
0.29721243980955414
0.20481256154549
0.11845353767638228
0.040949048714081435
0.0
0.0
-0.12832136870032065
-0.24022632530111435
-0.332544845723708
-0.4184079572182877
-0.49835894638474876
-0.5705270043394282
-0.6328080471313278
-0.6812010976001551
-0.6942647255763438
-0.686138589356514
-0.6659843459915887
-0.6396656024374979
-0.6108697238312423
-0.5818558225083893
-0.5539525223754852
-0.5278883541431818
-0.5040103101187409
-0.4692322188024791
-0.38435272565336887
-0.29052117636645003
-0.19858641522175535
-0.11290090060215054
-0.03622662616287971
0.0
0.0
0.13749480528722632
0.24632991599234932
0.3380215323630292
0.42362642620181606
0.5032631848746788
0.5749846275405897
0.6366865144369195
0.6826928814908934
0.6942990369068025
0.6853202727616698
0.6647030095297478
0.6381685327290361
0.6093105408809816
0.5803268905641292
0.5525064914483513
0.5265524347296072
0.5027956950573976
0.4635666138517503
0.37789196106004613
0.28418430323920113
0.19270841815325315
0.1076777644885959
0.03180461954274444
0.0
0.0
-0.14619786729115863
-0.25213777332314313
-0.3432430592404623
-0.4286087024767555
-0.5079515397198294
-0.5792521103562422
-0.6404060299396765
-0.6841316139361637
-0.694344406128836
-0.6845499821078596
-0.6634892392430072
-0.6367475578688985
-0.6078291868106794
-0.5788734794754237
-0.5511314112673497
-0.5252817698864275
-0.5016402238048147
-0.4581301458312733
-0.3716909747657989
-0.27810255446960486
-0.1870678056135392
-0.10266648416122143
-0.027563063885627084
0.0
0.0
0.15453002144138495
0.25769412828788907
0.34823595676083
0.43337095124428465
0.5124310767546633
0.5833276541284778
0.6439561803138331
0.6855004392347371
0.6943809343705297
0.6838068903300234
0.6623225546229533
0.6353832735727784
0.6064077137670377
0.577479257719758
0.5498125910587705
0.5240632538435794
0.5005322754125818
0.45292327390542964
0.36575121214407547
0.2722760033158489
0.18166279820533054
0.09786339133396763
0.023496507254614857
0.0
-0.008006529804491486
-0.1622629664596314
-0.2639087286655376
-0.35397985956423983
-0.4387172469224827
-0.5172633910899236
-0.587507831522727
-0.6473624238635305
-0.6865102440249058
-0.693948133920753
-0.6825500745726424
-0.6606381380649131
-0.633521006586963
-0.6045210388561296
-0.575658826710128
-0.5481085182105644
-0.5224998412698351
-0.49911771404226946
-0.4475284010950262
-0.3596220868369512
-0.2662377781414503
-0.17602421640922808
-0.09281020608423804
-0.01917008373820156
0.0
0.020441829496724295
0.17017222206533184
0.2707889831451149
0.36038646616230346
0.44460510313978213
0.5224803860016719
0.5919018832356452
0.6508070386687672
0.6873364263722685
0.6932099012658965
0.6809297214830969
0.6585717617066632
0.6312823180310749
0.6022772373552056
0.573507774780009
0.5461034102454806
0.5206655158535087
0.4974613901855141
0.44252446395462364
0.3539503411200344
0.26059490698106225
0.17068457734885606
0.08794767778479105
0.014921802009110377
0.0
-0.03246061441713621
-0.177813390162985
-0.27743166637801736
-0.36656750227049395
-0.4502812603867038
-0.5275051457488523
-0.5961288478008754
-0.6541146076517306
-0.6881199176896681
-0.6924859022637311
-0.679356238758398
-0.6565693157509251
-0.6291147952425216
-0.6001057906685997
-0.5714266849289025
-0.5441638819532861
-0.5188914127188526
-0.49585959040993904
-0.4376731097439106
-0.3484541909606164
-0.25513051208687015
-0.1655177930670615
-0.08324660930403113
-0.010818803210206049
0.0
0.04391298055401344
0.18504821460020082
0.2836909317783236
0.37236908998276785
0.45558743260741535
0.5321794633619115
0.6000351590257103
0.6571405618213099
0.6887778890073135
0.691732898152961
0.6778113531728261
0.6546278865023868
0.6270246188094151
0.5980179267408512
0.5694292536985335
0.5423044871506826
0.5171919653683086
0.49432606212502095
0.43301579965845266
0.34317303753845996
0.24987535110653997
0.16054448010652866
0.0787172846723806
0.0068613559631955645
0.0
-0.054928728819778505
-0.19200340222859394
-0.28970615202713335
-0.37794320024486755
-0.4606845474649277
-0.5366686914940993
-0.6037858599791582
-0.6600449648176674
-0.6894096879853501
-0.6910105396279018
-0.6763289872963616
-0.6527649239434306
-0.6250188741903993
-0.5960143758358386
-0.5675124687611126
-0.5405201563623319
-0.5155611192499844
-0.4928544338217075
-0.4285580714323165
-0.3381196277137515
-0.24484762577628072
-0.15578706857705665
-0.07438518746930543
-0.003076804417714296
0.0
0.06547650993614146
0.19866602630114497
0.29547023358114427
0.38328599489293874
0.46557147010491146
0.5409742073548882
0.6073846659089015
0.6628336470906684
0.690019866835513
0.6903224381815203
0.6749120491518437
0.6509828011947005
0.6230995208700885
0.5940967722700579
0.5656777048041176
0.5388120539990328
0.5139998662915711
0.4914455543753066
0.4239406218734911
0.33288446205674593
0.23966183484293355
0.15090771802804334
0.0699717040976621
0.0
0.0
-0.07589506520147438
-0.2053581578922683
-0.30132449592504823
-0.3887543964368624
-0.47060886768386856
-0.5454472413484897
-0.611160628912133
-0.6658018423061167
-0.690704857715525
-0.6896448114520904
-0.6734675658122888
-0.649152104883987
-0.6211213858934753
-0.5921169335382281
-0.563781344198466
-0.5370453560049104
-0.5123842703769979
-0.489987134167545
-0.41886869839984686
-0.3270976746825521
-0.23390711577203938
-0.1454738398874516
-0.06503873534799368
0.0
0.0
0.08470596669708114
0.21124978333191619
0.3066173822853644
0.39379269151883783
0.47533273205974547
0.5497250056507669
0.6148615654318005
0.6688141946687689
0.6915302678827379
0.6891578298766989
0.6722349253397665
0.6475365922757012
0.619351204495857
0.5903319533072715
0.5620638806053607
0.5354406005749495
0.5109138060793247
0.48865783570116206
0.413989296270472
0.32149076425570894
0.22830192519749273
0.14015441952978305
0.060183965583948076
0.0
0.0
-0.0932650624094016
-0.21696110522343626
-0.31174079451457415
-0.39866416576190233
-0.4798950676397353
-0.5538511518204237
-0.6184254266993914
-0.6717081439535386
-0.6923100766601957
-0.6886697087567151
-0.671027159660796
-0.6459600855099186
-0.6176266172240497
-0.5885944694102094
-0.5603929977254245
-0.533879903691892
-0.5094840475521216
-0.48736554820427186
-0.4093377629542852
-0.3161449175716064
-0.22295174688341635
-0.13506999422187638
-0.055536219002344886
0.0
0.0
0.10149632326323499
0.22246369785900005
0.3166834161152463
0.4033686970762495
0.48430587494382105
0.5578454590980672
0.6218813091077341
0.674521369471108
0.6930842313738649
0.6882200155197901
0.6698819261321659
0.6444575197481542
0.6159794789106369
0.5869331786280062
0.5587943236414883
0.5323860078539917
0.5081150817656567
0.48612795077473425
0.4048849675775697
0.3110295668425147
0.21783445991242134
0.13020908491812289
0.05109497020694104
0.0
0.0
-0.10936480439839963
-0.2277232266524008
-0.321407168814082
-0.40786434430915436
-0.48852021265206336
-0.5616611192327505
-0.6251817592121318
-0.677207011250003
-0.693820117809532
-0.6877858470137569
-0.6687829700631038
-0.6430172165345633
-0.6144012819017544
-0.5853417880483857
-0.5572631273479539
-0.530955296065389
-0.5068040966309145
-0.4821456303054465
-0.3991168601598788
-0.3050507447803168
-0.21211497538482016
-0.12497534384744186
-0.04650574045747072
0.0
0.0
0.11771612231151424
0.23322284062438003
0.32629825726176026
0.41248672601619235
0.49282497072084885
0.5655303236637417
0.628498289999375
0.6796370901937834
0.6943709669923831
0.687215723117757
0.6675825231752844
0.641499880086735
0.6127636216393214
0.5837037321827542
0.5556947308336546
0.5294944988635446
0.5054684647748224
0.47595404276441355
0.39203508040278157
0.298078994134213
0.20562103803881027
0.11917679643701552
0.04156654970218841
0.0
0.0
-0.12713547600476066
-0.23943934791692112
-0.3318398890644076
-0.417737022426419
-0.4977290832206987
-0.5699551598631429
-0.6323111917126982
-0.6810106427362086
-0.694261334710527
-0.6862445885425464
-0.6661497063359638
-0.6398585743236518
-0.6110705873906523
-0.5820527246264462
-0.5541387098547549
-0.5280603402742842
-0.5041666645875865
-0.46995634033661193
-0.3851781841120809
-0.29133070277014406
-0.19933725903905924
-0.11356804850969707
-0.03679141155885508
0.0
0.0
0.13638048793789082
0.2455856976818781
0.3373520764219558
0.4229873750222001
0.5026615825658485
0.5744367690613651
0.6362087155011464
0.6825074995849563
0.6942923361742764
0.685418207732337
0.6648578731923313
0.6383500352314285
0.6094998563590537
0.5805126913596005
