-0.5
-0.5
-0.5
-0.5
-0.5
-0.5
-0.5
-0.5
-0.5
-0.5
-0.5
-0.5
-0.5
-0.4979120409587037
-0.45572076978401455
-0.3076685527993246
-0.29104967765017087
-0.2060545814233784
-0.1820046128513172
-0.16714905999093643
-0.15145334953751227
-0.13363420910763796
-0.11425322247713776
-0.09424969995682586
-0.07460974310600643
-0.05627406276428765
-0.04009792551873992
-0.02682488413360351
-0.01706678934866368
-0.01128889558590307
-0.009800059803433903
-0.01274814456902923
-0.02012062398164549
-0.023883672799460298
-0.014308010843158747
0.03045382239051997
0.04782870324365951
0.048468275656830095
0.039307139518097056
0.02481326472697143
-0.06603849249051458
-0.19786742624411846
-0.3315246076212939
-0.4558840951809511
-0.5
-0.5
-0.5
-0.5
-0.5
-0.5
-0.5
-0.5
-0.5
-0.5
-0.5
-0.5
-0.5
-0.5
-0.5
-0.5
-0.5
-0.5
-0.5
-0.5
-0.5
-0.5
-0.5
-0.5
-0.5
-0.5
-0.5
-0.5
-0.5
-0.34589232430335803
-0.22764505224857573
-0.1291290872340637
-0.03808575294199734
0.045737660136318525
0.12033985444968698
0.18355948146515622
0.21454680666535442
0.2160227408312151
0.20020104944194594
0.17495260356108966
0.1452762000813964
0.11428006257911594
0.08383570227440862
0.05501253922608473
0.028365943665550675
-0.0035344810637590873
-0.08802351048478263
-0.18248643755734073
-0.27574538848350294
-0.3633404613698206
-0.44243458059410595
-0.5
-0.5
-0.5
-0.5
-0.5
-0.5
-0.5
-0.5
-0.5
-0.5
-0.5
-0.5
-0.5
-0.5
-0.5
-0.5
-0.5
-0.5
-0.5
-0.5
-0.5
-0.5
-0.5
-0.5
-0.5
-0.5
-0.5
-0.385583764698896
-0.2689761324272263
-0.1755373453015719
-0.08904438073395282
-0.00833238373711731
0.06482719145901883
0.12831519159629656
0.1802534405134375
0.1964562540674213
0.19006989700940458
0.17076394888178814
0.14473668002297047
0.11589465666177423
0.08663940966793326
0.058391063944364996
0.03193601131350832
0.007656990761044868
-0.015837721623680856
-0.09817349810290077
-0.19174392037731147
-0.28433187879905564
-0.3712653725491609
-0.4496697249601069
-0.5
-0.5
-0.5
-0.5
-0.5
-0.5
-0.5
-0.5
-0.5
-0.5
-0.5
-0.5
-0.5
-0.5
-0.5
-0.5
-0.5
-0.5
-0.5
-0.5
-0.5
-0.5
-0.5
-0.5
-0.5
-0.5
-0.5
-0.36803685331332125
-0.2579563544388366
-0.16619434996496268
-0.08065245584384367
-0.0009951965957497033
0.07087143913031357
0.13284440838726308
0.1807864408291049
0.1936043662997653
0.1853629151458409
0.16517442329239318
0.1388702353228376
0.11011679284150944
0.08115979927117611
0.053319430257197875
0.027319025728727575
0.0035025110530084724
-0.03449350655320088
-0.11988510227642868
-0.21356365979776842
-0.3051168830488335
-0.39029662845404556
-0.46637799129539304
-0.5
-0.5
-0.5
-0.5
-0.774338960647583
-0.9083455204963684
-0.8774062395095825
-0.697169840335846
-1.0034457445144653
-0.7831251621246338
-0.8808239102363586
-0.9191771745681763
-0.7978549003601074
-0.8657798767089844
-0.8186267614364624
-0.9027999639511108
-0.8986178636550903
-0.5819647908210754
-0.9058892726898193
-0.7770799994468689
-0.8626850247383118
-0.9168915748596191
-0.9315447807312012
-0.754889965057373
-0.7804127931594849
-0.8868798017501831
-0.7766780853271484
-0.7311429471720737
-0.45822616104477476
-0.35025563476635707
-0.29477000536358
-0.03373151015823472
0.0279312926272538
0.09708920878109195
0.1423719020773413
-0.0611949951883739
0.2352493227129686
0.0076467316162839305
0.14008269486890956
-0.05143903084182133
0.10622466477086645
0.13740556882918653
0.026474616823042307
-0.15173208111927594
-0.17621441824738093
-0.3457295145178554
-0.49933945743146635
-0.6766272414492236
-0.4942128578774282
-0.7438744620464512
-0.765037477016449
-0.8137385845184326
-0.8130849599838257
-0.7633637189865112
-0.8378170132637024
-0.8733683824539185
-0.8390620946884155
-0.8399003744125366
-0.8656570911407471
-0.7687876224517822
-0.9597363471984863
-0.8188341856002808
-0.8459514379501343
-0.9089729189872742
-0.7491207122802734
-0.908670961856842
-0.5675401091575623
-0.7726266384124756
-0.7292568683624268
-0.8892759084701538
-0.7807009816169739
-0.6763248443603516
-0.6366986632347107
-0.786126971244812
-0.9039961099624634
-0.8093459606170654
-0.699174608370594
-0.6412047092053017
-0.20368410494015043
-0.3919104830487773
-0.33395196658724347
-0.11016600653305952
-0.03856760263012704
0.04367234883854576
0.13280232519352175
0.22230262932086453
0.24656407053798046
0.04056253279107236
-0.0016911463319829734
0.04388603660602841
-0.062185694682442394
0.09951662735486333
-0.01409111802170604
-0.16623238577397087
-0.245208741815581
-0.3199475615544103
-0.4643077159166419
-0.4810788380992148
-0.5689380407503909
-0.7304209880197823
-0.6331145763397217
-0.8468574285507202
-0.8166395425796509
-0.7471451759338379
-0.7533280849456787
-0.8696072101593018
-0.9403270483016968
-0.687533974647522
-0.9196790456771851
-0.6228961944580078
-0.7467055320739746
-0.7922887802124023
-0.7527667284011841
-0.7856397032737732
-0.8293811082839966
-0.761147677898407
-0.8050363659858704
-0.8138399124145508
-0.820988655090332
-0.7976563572883606
-0.8684263229370117
-0.7703870534896851
-0.5158222913742065
-0.8799212574958801
-0.7254367470741272
-0.7911931276321411
-0.6298248819257213
-0.5940449676619949
-0.4498199377477149
-0.34027273006229464
-0.013064817844894161
-0.17091219217170106
-0.0658856107070509
-0.06380349968607923
0.12595482277893644
0.026050264451365268
0.1283595970242778
0.13178973100587432
0.3168947851508297
-0.03181811502686571
-0.08485148604691495
0.02701090027078512
-0.030199044574277356
-0.16662825566368017
-0.23535439293133897
-0.36191410416510594
-0.3610611201725001
-0.5157512721507761
-0.7518575745976825
-0.7161520679851845
-0.8042780160903931
-0.724404513835907
-0.7361471652984619
-0.6513206958770752
-0.9153670072555542
-0.7365550994873047
-0.7937079668045044
-0.5490665435791016
-0.7080730199813843
-0.8549506664276123
-0.7699697017669678
-0.6442553997039795
-0.6947810649871826
-0.8542282581329346
-0.742332398891449
-0.6632806062698364
-0.8290318846702576
-0.6469497680664062
-0.7464026212692261
-0.6268678307533264
-0.7796815633773804
-0.7000343799591064
-0.8253580331802368
-0.7036501169204712
-0.824271559715271
-0.6840111017227173
-0.7111058250528541
-0.49840208939639585
-0.383951760187486
-0.06470601036618345
0.02957524090099406
0.017904521433972254
-0.061304674223800926
0.3198053258799287
0.27214143051566675
-0.10782898917305306
0.12770987854384563
0.2500050507544278
0.20818667112600908
0.16069301945791326
0.07154725620818514
0.174953876829129
-0.11899651191080318
-0.12478909679272537
-0.15592385663209385
-0.3451674266772593
-0.37477202918927166
-0.4533266308148698
-0.5875989696726337
-0.581653356552124
-0.7473426461219788
-0.6017149090766907
-0.7836248278617859
-0.8919198513031006
-0.6897419095039368
-0.7853580713272095
-0.7837296724319458
-0.6017583608627319
-0.7517958879470825
-0.6539604663848877
-0.7008261680603027
-0.7595010995864868
-0.5685406923294067
-0.7292619347572327
-0.7283715009689331
-0.7467750310897827
-0.6732348203659058
-0.6229270696640015
-0.7221012115478516
-0.8369009494781494
-0.6115548610687256
-0.7423405647277832
-0.6545592546463013
-0.8099700212478638
-0.46995750069618225
-0.6740757822990417
-0.4770833416145185
-0.5257649803250442
-0.21020844183140325
-0.20596255411013586
-0.06972422208443896
0.0037364581349467185
0.014709605586222474
0.019130176828155654
0.06635412345470393
0.10639690152607018
0.2843114291946196
0.19592931618082887
0.08258575943580337
-0.08709376555258375
0.05962202135980854
0.0559441280296854
-0.12991967632310264
-0.22416243097504496
-0.035781813694831965
-0.18414515039839452
-0.49620360239755007
-0.6571909426543661
-0.627293576504302
-0.7083168029785156
-0.6448436975479126
-0.6381675601005554
-0.6779449582099915
-0.8714531660079956
-0.7213296890258789
-0.7160541415214539
-0.6666209697723389
-0.7662279009819031
-0.6824859380722046
-0.6707226037979126
-0.662757933139801
-0.7938318848609924
-0.633547306060791
-0.8274095058441162
-0.5317395329475403
-0.6639775037765503
-0.7064070105552673
-0.6280103921890259
-0.6021097898483276
-0.5947557687759399
-0.47327721118927
-0.664337158203125
-0.8068112134933472
-0.5899247527122498
-0.7262919545173645
-0.6069522500038147
-0.620684125395975
-0.3706115373250912
-0.26899315039047994
-0.16381238324171532
-0.13073640504505724
0.075407777061404
0.0848987767547913
0.18977860281895265
0.021727927861774576
0.25049476434381
0.13592389510241887
0.14943362346568345
0.02775007099186888
0.1581661237664812
0.05591246703577146
-0.07533297174798104
-0.05891648565393992
-0.015176647244851349
-0.17170678152193097
-0.5028071577443936
-0.17024525921162026
-0.46173816487359554
-0.41457147189641397
-0.739558756351471
-0.779407262802124
-0.48775121569633484
-0.7731831669807434
-0.7849931716918945
-0.7059178948402405
-0.6912106871604919
-0.7068719863891602
-0.6113713383674622
-0.6369597911834717
-0.6017945408821106
-0.53223717212677
-0.5609872341156006
-0.6544510126113892
-0.7557191848754883
-0.5551381707191467
-0.6704469323158264
-0.5796455144882202
-0.7052518129348755
-0.5893616080284119
-0.7391087412834167
-0.5771042108535767
-0.7576746940612793
-0.6016742587089539
-0.7011603116989136
-0.6776473522186279
-0.8245253562927246
-0.48173500983542494
-0.3897371858426959
-0.33641549080870226
-0.174144441909525
-0.014090959332762276
0.0466751318008799
0.09217198911817415
0.29873127179122816
0.15819465542721733
0.009520572520126835
0.1869912382720922
0.11713396585475144
0.19405699107142027
0.26572374862864423
0.06990136625012378
-0.09980778658959466
0.0162962539808591
-0.08121166756182002
-0.2904987790924377
-0.3874454907362961
-0.33681161736031895
-0.44847067765421234
-0.5146605017394936
-0.6927734613418579
-0.7222108840942383
-0.8220454454421997
-0.6288659572601318
-0.6235439777374268
-0.6636789441108704
-0.514989972114563
-0.8103863596916199
-0.6945960521697998
-0.5678606033325195
-0.591944694519043
-0.6718083620071411
-0.6982336044311523
-0.7216819524765015
-0.4102442264556885
-0.6511983871459961
-0.580101490020752
-0.6840232014656067
-0.7002427577972412
-0.3662070631980896
-0.6914641857147217
-0.7173770070075989
-0.6671031713485718
-0.7235366106033325
-0.6917371153831482
-0.631910502910614
-0.597916841506958
-0.4765813629662455
-0.4695200684003506
-0.12692026412550417
-0.2396334816508594
-0.19234986110392316
-0.06612073095165794
0.13837806420004173
-0.08440255326734902
0.20779574273973467
0.3267496443673181
0.1727846980788501
0.002105101505495033
0.13758755273559375
0.3908701851957592
0.04918228035309358
-0.2877536220393806
-0.17283049180840537
-0.11540651354839793
-0.2921995914934304
-0.45927930100382647
-0.5010131524715763
-0.7186822554256252
-0.8539576371337367
-0.5550146102905273
-0.5843009948730469
-0.8929634094238281
-0.5312100052833557
-0.7878879308700562
-0.7943620681762695
-0.6128861308097839
-0.6316936016082764
-0.7850759029388428
-0.7046019434928894
-0.8516361713409424
-0.6707630157470703
-0.7173806428909302
-0.6608458757400513
-0.919757068157196
-0.7449508309364319
-0.681991457939148
-0.7256323099136353
-0.46460652351379395
-0.880149781703949
-0.6205336451530457
-0.6824043989181519
-0.8664422035217285
-0.6651011109352112
-0.5929951071739197
-0.5781933069229126
-0.5765101350373378
-0.5648238050895089
-0.12951874456333073
-0.33334725178259633
-0.15975292473517266
-0.11042135429168976
-0.21226400622730457
-0.047306117664172365
0.04408179429171477
0.17251526208396684
-0.15778670352681134
0.31997078914394417
-0.10973040555668467
-0.12037507064811781
-0.01943194001287407
-0.018797394614901042
-0.0764935802618083
-0.1408964925021089
-0.30778886789448123
-0.2866827259534323
-0.6178008983838414
-0.5144511254353302
-0.6768743346377811
-0.4858112345666187
-0.7920312285423279
-0.5618875622749329
-0.6196638345718384
-0.7681283354759216
-0.680625855922699
-0.727042555809021
-0.7703313231468201
-0.6379784345626831
-0.7446409463882446
-0.632692813873291
-0.44400113821029663
-0.7227792739868164
-0.6719251871109009
-0.6580252647399902
-0.5102986693382263
-0.535185694694519
-0.6028984785079956
-0.7743234634399414
-0.43589434027671814
-0.7742998600006104
-0.7490304112434387
-0.7557562589645386
-0.35805290937423706
-0.6569377779960632
-0.7676494121551514
-0.6412099003791809
-0.7400884601767633
-0.4756881882661334
-0.4186626288145736
-0.39119301337981066
-0.20225430485841994
-0.056104024322353174
-0.11573875174072346
0.06993657250431551
0.004217632212662359
0.16370048455617403
0.019458665333021763
0.0368627041760603
0.153916318543055
0.08584370216885362
0.04092221330045742
0.09886598895731724
-0.183353900215801
-0.10427989440813124
-0.2642036797629371
-0.43093587855126203
-0.489115093545968
-0.5827384229173731
-0.6343483846339162
-0.8361706391441606
-0.6985592842102051
-0.7648913860321045
-0.7344450950622559
-0.7409180402755737
-0.690794825553894
-0.8981479406356812
-0.6067183017730713
-0.582679808139801
-0.6357746720314026
-0.6783556938171387
-0.65273517370224
-0.7205003499984741
-0.6774632334709167
-0.5613133311271667
-0.6511527299880981
-0.6400778293609619
-0.6825916171073914
-0.6870908737182617
-0.5945220589637756
-0.57193523645401
-0.43106967210769653
-0.7203681468963623
-0.7057456970214844
-0.7977063655853271
-0.6777023673057556
-0.858547568321228
-0.5793492480309297
-0.4995801048646744
-0.45642571539286425
-0.3393642149642976
-0.12553563704061288
-0.23168818626007892
-0.023445110250750467
0.25541815860040185
0.2810430716597815
0.15461321833254582
0.2189691066563516
0.12757856896538466
0.19713049923863113
-0.17011104159672208
-0.09811010823526178
-0.2409076030287346
0.00611670523529384
-0.32769306690399913
-0.09125576175809152
-0.21247688725105007
-0.5639132369326849
-0.5787473425039634
-0.8057044680482017
-0.5754898059468974
-0.8468757271766663
-0.8271425366401672
-0.6994799375534058
-0.5453417301177979
-0.7203648090362549
-0.7887987494468689
-0.8100206255912781
-0.6342036128044128
-0.8189170360565186
-0.803162157535553
-0.5269996523857117
-0.6705856323242188
-0.7985808849334717
-0.5462010502815247
-0.7522273659706116
-0.8235034346580505
-0.6733272671699524
-0.7193666696548462
-0.7594833970069885
-0.8293696641921997
-0.7273114323616028
-0.7154256105422974
-0.8855351209640503
-0.8693742752075195
-0.6880179047584534
-0.6268640756607056
-0.4928440891093015
-0.3967942496724133
-0.0023099903391606835
-0.3685212691249696
-0.08693439934734998
-0.21872327630095612
-0.12505423751303923
-0.18973131597083892
0.39494570304305754
0.21036664278955797
-0.01749913811162751
0.11692201223734733
0.1892768456560927
-0.06428724365130711
0.032237680743284036
-0.03440798554243396
-0.14594923200347676
-0.10888968205152028
-0.023177079231384345
-0.4815431785048993
-0.6179847898857743
-0.4310806150730492
-0.6653825792289223
-0.6931501030921936
-0.8701125383377075
-0.8052494525909424
-0.5379791259765625
-0.7094607949256897
-0.5751852989196777
-0.749936044216156
-0.619971752166748
-0.8157116174697876
-0.6187934875488281
-0.7072439789772034
-0.7572448253631592
-0.6234455108642578
-0.7435985207557678
-0.5188645124435425
-0.712010383605957
-0.675622820854187
-0.8851313591003418
-0.5447061657905579
-0.7922095656394958
-0.725939929485321
-0.6243488192558289
-0.8449233770370483
-0.864458441734314
-0.8912381529808044
-0.6594401597976685
-0.6930915117263794
-0.3286624802955269
-0.48892624768058035
-0.4497821610283018
-0.04576669572588149
-0.2575743932942028
-0.23443838760381797
0.13338298391771886
0.030263274459189304
-0.18986590168146944
0.2848366472650188
0.023275491879072296
0.016147353742785087
0.08190110996331346
-0.0732340366891846
-0.0945521981147398
-0.14174304896951462
-0.13975642648183895
-0.0862303924110358
-0.020142703711157117
-0.44175019359063183
-0.5050607841655023
-0.4134406489337431
-0.44656598701766587
-0.8687450885772705
-0.7207319736480713
-0.6506367921829224
-0.7645152807235718
-0.6712586879730225
-0.5398794412612915
-0.7037229537963867
-0.6795481443405151
-0.824266254901886
-0.6566052436828613
-0.7763487100601196
-0.6235984563827515
-0.685734748840332
-0.6343790292739868
-0.6222943067550659
-0.4472362697124481
-0.6493215560913086
-0.6532360911369324
-0.5479770302772522
-0.614230215549469
-0.3453402519226074
-0.3541575074195862
-0.7244683504104614
-0.794782817363739
-0.5183278322219849
-0.7856982946395874
-0.6044648885726929
-0.6489835634943566
-0.5534940226339131
-0.27052528761599787
-0.4616854691169627
-0.0791031696993636
-0.08734059470882427
0.05443214744056779
0.15571247445209135
0.20020062635895042
0.14271614658265908
0.14774633226737244
0.1245920511696087
-0.06212587535221792
-0.0892502228603207
-0.070117025692914
0.01646167679998911
-0.17791151379563053
-0.19127113559880438
-0.3818254012548048
-0.527542948773791
-0.4693646267341404
-0.5781036696147079
-0.6880414650973518
-0.5633499622344971
-0.5882223844528198
-0.7741849422454834
-0.7623981833457947
-0.7027738690376282
-0.7805779576301575
-0.8714005947113037
-0.6607592105865479
-0.8064286708831787
-0.1832469403743744
-0.7088220119476318
-0.5703767538070679
-0.5378478765487671
-0.6415362358093262
-0.8138498663902283
-0.7128170728683472
-0.6311231255531311
-0.7346969842910767
-0.7646594047546387
-0.6940937638282776
-0.5028242468833923
-0.6645289659500122
-0.39907732605934143
-0.5584632158279419
-0.5030514001846313
-0.8178125619888306
-0.7219976186752319
-0.7427699882788952
-0.48826455409337066
-0.4323265351876818
-0.3491577129728938
-0.3154805509965073
-0.09782612542307856
-0.10387485815946695
-0.20670067958686889
0.30053282989799224
0.1068531032252985
0.21583309555243024
0.06923683607985032
-0.13484870737139576
-0.1002861677250495
-0.21618509463246482
-0.12964785028198367
0.06612980469480834
-0.4037342644320879
-0.04786847682610823
-0.5534496496412775
-0.585019542803989
-0.7648919118310881
-0.6076016555099468
-0.7497397661209106
-0.6068193912506104
-0.9835855960845947
-0.8580882549285889
-0.729221761226654
-0.6827871203422546
-0.726991593837738
-0.6323016881942749
-0.6168345212936401
-0.7510454058647156
-0.6482706069946289
-0.5994027256965637
-0.45063549280166626
-0.6898819804191589
-0.43311670422554016
-0.4406518340110779
-0.6662753820419312
-0.590792179107666
-0.151767760515213
-0.6885187029838562
-0.6712780594825745
-0.7750999927520752
-0.7508459091186523
-0.6267785429954529
-0.6698169708251953
-0.7146232724189758
-0.8855669498443604
-0.6935879132504024
-0.3721211466340557
-0.45837358236351916
-0.33362441651089964
-0.17168540478541316
-0.15213621251405596
-0.23178098444004425
0.12691911585893023
0.19325212464686403
0.14261041441245426
0.0401407357612088
-0.031227549919595643
-0.04671564843364351
-0.04911710054744056
-0.12107028421720245
-0.20263642227700118
-0.09002166780691734
-0.23884368543670564
-0.2769887769672636
-0.31438214282221627
-0.7131591233933827
-0.564588613306125
-0.5342503044234513
-0.6423165798187256
-0.5872572660446167
-0.9036984443664551
-0.6411422491073608
-0.6453442573547363
-0.5767494440078735
-0.7838097214698792
-0.5240045785903931
-0.7621039152145386
-0.6793413162231445
-0.7270310521125793
-0.6262556314468384
-0.6703152060508728
-0.7432389259338379
-0.6868324279785156
-0.6553041934967041
-0.5615449547767639
-0.32795366644859314
-0.7768489122390747
-0.8997509479522705
-0.7298272848129272
-0.6451959013938904
-0.7302139401435852
-0.7746607661247253
-0.8108007907867432
-0.8683790564537048
-0.6878836154937744
-0.5867215383729719
-0.5455918023217683
-0.2116698605702414
-0.05269545283006982
-0.07482339417219885
-0.09191251457759941
-0.051507906182046814
0.0061677642041592096
0.038279781879632546
0.16658112740716446
0.09254988445963142
0.032198159757563904
-0.011599224685145515
-0.02922673729352243
-0.07442210837802321
-0.09876769351886194
-0.16840105886919976
0.034215788039704764
-0.16096742221061744
-0.4439744523762554
-0.6033598237797875
-0.6173422396348852
-0.4112439778955966
-0.7966471314430237
-0.8854520320892334
-0.7229076027870178
-0.7653847932815552
-0.8011206388473511
-0.844886064529419
-0.627179741859436
-0.8467226624488831
-0.778377890586853
-0.6064839363098145
-0.816785454750061
-0.5769240856170654
-0.6603716015815735
-0.7852776050567627
-0.8015031814575195
-0.6146247386932373
-0.912458062171936
-0.5904582142829895
-0.6047335863113403
-0.7556495666503906
-0.790351152420044
-0.8562847375869751
-0.6159265041351318
-0.17726922035217285
-0.6446259021759033
-0.8777598142623901
-0.6922832467140742
-0.6251814518183281
-0.381238375917448
-0.2321601577032948
-0.2448854149648198
-0.15504604491307328
-0.08043802817766166
0.15895183347938313
0.034613458284710075
0.11690208079638043
-0.026914884216420853
-0.0827317808254443
0.05501866745765471
-0.17761243747658084
-0.048110258221091495
-0.06033395233262462
-0.16686981668991308
-0.345011731956634
-0.2804396586804689
-0.3963851659758871
-0.48950387578256455
-0.5046226203628088
-0.4973229704567381
-0.7959692624714079
-0.7932115793228149
-0.7663637399673462
-0.7346439957618713
-0.7457877993583679
-0.6477417945861816
-0.2843548655509949
-0.7707875967025757
-0.6140355467796326
-0.3960452079772949
-0.5736992955207825
-0.5520634651184082
-0.5829225778579712
-0.5512105822563171
-0.6363590359687805
-0.8180023431777954
-0.639764130115509
-0.5658593773841858
-0.5103618502616882
-0.6499954462051392
-0.4029522240161896
-0.6710899472236633
-0.7638984322547913
-0.9155235290527344
-0.7589398622512817
-0.7480568885803223
-0.7037895917892456
-0.5963598503013148
-0.49527791652553543
-0.45507564478893636
-0.2528639462438405
-0.18562394905471236
0.008842327221275537
-0.03044369652826784
0.16004766717375185
0.1986129418254704
0.21248633598597155
0.04909780074427683
0.1692726416227216
0.02589046793567229
-0.1314687242434297
0.022738012002671337
-0.14067052403951585
-0.27361900376884296
-0.1479649040065103
-0.3664486846319809
-0.23490137945103323
-0.3768191282040513
-0.5221944693672602
-0.5904424549030575
-0.8233119897651913
-0.6030014753341675
-0.582893431186676
-0.7294613122940063
-0.8146563172340393
-0.6672907471656799
-0.6771007776260376
-0.5914182662963867
-0.7140873074531555
-0.8972070217132568
-0.7070510387420654
-0.5491730570793152
-0.636232316493988
-0.6090324521064758
-0.7175523042678833
-0.7191926836967468
-0.6688827276229858
-0.827214241027832
-0.6654289960861206
-0.46059441566467285
-0.3585662245750427
-0.7963780760765076
-0.7113372683525085
-0.6457099318504333
-0.7164765000343323
-0.7384281754493713
-0.8682077527046204
-0.6930869815898404
-0.49313868982460607
-0.5889205908288391
-0.24511056344772897
-0.21460895058975044
0.07973959139072828
0.12110512259544892
0.15019311097635824
0.01790607654707166
0.17140867551084538
-0.0473093986471288
0.13463872662393916
0.18347856616392544
-0.0028559385551991667
-0.12268900770864655
0.08176513307163014
0.02514744557270321
-0.1754324664179398
-0.024270821955487187
-0.2902896927977253
-0.6087911459192885
-0.5380347035251536
-0.7714952365285642
-0.9122171401977539
-0.7592108249664307
-0.8211211562156677
-0.8964420557022095
-0.617581307888031
-0.6563138365745544
-0.555479109287262
-0.7544031143188477
-0.6362088918685913
-0.7747130393981934
-0.7474334239959717
-0.8395199775695801
-0.8639701008796692
-0.6976944804191589
-0.4499971866607666
-0.7770998477935791
-0.6728636026382446
-0.763596773147583
-0.7407690286636353
-0.6679502129554749
-0.6684288382530212
-0.7259085178375244
-0.7570701837539673
-0.7431741952896118
-0.75684654712677
-0.8328046798706055
-0.6870980262756348
-0.6694155923074645
-0.5257074642710059
-0.37777942644578744
-0.04491073965179482
-0.30951717792456884
-0.02993832743744318
-0.165168272622087
-0.05490953269314858
-0.09266503156339678
-0.10693679036275117
-0.03277129019118341
0.03572032963145655
0.11943471816981166
-0.10388134746671751
-0.18168317258486832
-0.2695139002079766
-0.21554111609249915
-0.09376772959139457
-0.28617642650603
-0.19089494522044387
-0.4053453009747386
-0.5371967574380785
-0.4864992828440893
-0.6497780084609985
-0.5964870452880859
-0.5576010346412659
-0.575934648513794
-0.6746892333030701
-0.6105239391326904
-0.6221936941146851
-0.6682916283607483
-0.7535443305969238
-0.6725654602050781
-0.543123185634613
-0.6180028319358826
-0.6159865260124207
-0.8249150514602661
-0.42370736598968506
-0.748742401599884
-0.45342326164245605
-0.7723044753074646
-0.564821720123291
-0.5513125658035278
-0.5933470726013184
-0.6552305221557617
-0.7497639060020447
-0.7473570108413696
-0.6498870849609375
-0.5096392035484314
-0.7647078037261963
-0.6437804970825994
-0.3701715862760816
-0.26594109486023176
-0.31933335400473545
-0.20140156340656096
-0.24030381546764978
-0.05527765559716158
-0.10585881555956744
0.025947307100006367
0.34914976118896957
0.08209560374269687
-0.0035881639163950485
-0.06043032013213856
0.1576241015981309
0.19782672953751934
-0.07281329418347837
-0.25730967678608907
-0.14997854900548502
-0.53691137731822
-0.4003251148145641
-0.450784791624802
-0.5558935948305769
-0.7301475203141743
-0.8184868097305298
-0.5876137018203735
-0.4959621727466583
-0.805109977722168
-0.4466019868850708
-0.6223359704017639
-0.7232877016067505
-0.5739474296569824
-0.6725780367851257
-0.4703778326511383
-0.49838948249816895
-0.6546127200126648
-0.7512833476066589
-0.5723199844360352
-0.6309167146682739
-0.6651644706726074
-0.6361997723579407
-0.48788177967071533
-0.8264529705047607
-0.6487913131713867
-0.3355109393596649
-0.6285983920097351
-0.5392475128173828
-0.5819174647331238
-0.6990500092506409
-0.826960563659668
-0.6140322685241699
-0.6760342694207359
-0.5647198432357594
-0.19725935956747048
-0.17747195555371365
-0.1247870239523532
-0.3362059443045984
-0.046835552979719974
0.1836962452165174
0.09609912467730208
0.17755066656166607
0.016998881022338264
0.10890432047191989
0.02568456957372578
-0.013917146001674485
-0.15576063939017382
-0.08353475588670933
-0.2298493820444334
0.04418763824375199
-0.18854092320757904
-0.4796422245958864
-0.34798450384927376
-0.467202021411976
-0.45189120866517685
-0.8324613571166992
-0.6250253915786743
-0.7714657783508301
-0.8561118245124817
-0.8822608590126038
-0.44920873641967773
-0.6657138466835022
-0.7534716129302979
-0.7608118057250977
-0.7268533110618591
-0.7996801733970642
-0.7362691164016724
-0.744350254535675
-0.7210763096809387
-0.6492611169815063
-0.7069343328475952
-0.6318196654319763
-0.6794723272323608
-0.8418247699737549
-0.8311065435409546
-0.7385563254356384
-0.8046780228614807
-0.6775516271591187
-0.7520724534988403
-0.9643759727478027
-0.48499906063079834
-0.70852130651474
-0.5277486372033635
-0.2629333716579652
0.015715434062795686
-0.3919092475429012
-0.2456003706732841
-0.0251624194415192
0.17453035966290953
-0.08524717236580259
0.20128100860466014
0.1082836972084179
0.06800076419878309
-0.04740383383629665
0.04596801897448777
-0.18840121447224978
-0.22486318545365247
-0.11274593299399216
-0.2603202573032075
-0.20049608645858646
-0.40217768669815895
-0.393479809795817
-0.5671085573182535
-0.6313352612560088
-0.8595402122337474
-0.8755728006362915
-0.7465661764144897
-0.7010834217071533
-0.6942347884178162
-0.6959617137908936
-0.6331565380096436
-0.5811365842819214
-0.7852137088775635
-0.708142876625061
-0.6228328347206116
-0.7019544839859009
-0.49091511964797974
-0.6552855372428894
-0.6787296533584595
-0.6449035406112671
-0.47169172763824463
-0.6563566327095032
-0.7324248552322388
-0.741675615310669
-0.26838821172714233
-0.645704984664917
-0.7922449111938477
-0.8565343618392944
-0.7946322560310364
-0.7790278196334839
-0.6782854795455933
-0.5927975177764893
-0.6359968570463925
-0.35475199633487103
-0.3518918812644956
-0.12308066944508878
-0.12832648608632868
-0.05759007922220005
0.1710293272855551
0.07646228629714147
0.06526715240227743
0.1739070091619892
-0.020064756764392122
-0.08741080876802731
0.050510321828451166
-0.10358580457230826
0.01109557617959367
-0.14028343410288568
-0.031696853293777694
-0.3131002488289477
-0.28645094812922045
-0.4006765704919742
-0.40074135723088594
-0.7797181114235453
-0.6381220146336113
-0.6672382354736328
-0.6170746684074402
-0.7001689076423645
-0.6807695627212524
-0.6103962659835815
-0.6684598922729492
-0.43787896633148193
-0.7570422887802124
-0.7373992800712585
-0.50809645652771
-0.6744309663772583
-0.7756601572036743
-0.661002516746521
-0.613419234752655
-0.49115511775016785
-0.7586729526519775
-0.6509765982627869
-0.7362704873085022
-0.6454483270645142
-0.5244755744934082
-0.6712168455123901
-0.8214841485023499
-0.6222182512283325
-0.626374363899231
-0.7162911891937256
-0.3839046061038971
-0.8493963715809654
-0.61817595233244
-0.28616763096167797
-0.3092052940673575
-0.20769552308367956
0.026502925383494746
0.14329689444845406
0.0083629209162156
0.011357716712503185
0.15671204456534937
0.2416178072273356
-0.0005215576639774344
0.10138661933935555
0.03413322496416549
-0.023589295458818604
-0.04085678671247628
-0.0558777084063673
-0.3232651754612069
-0.3315404748314035
-0.32577588712896133
-0.29602393739253163
-0.3909761515558728
-0.6763920939243251
-0.8303460456367959
-0.7173426151275635
-0.7666667103767395
-0.5822989344596863
-0.6437201499938965
-0.6664958000183105
-0.8119468688964844
-0.6920645833015442
-0.7937331199645996
-0.5395100712776184
-0.7249161005020142
-0.623779296875
-0.6762046813964844
-0.5800989270210266
-0.710340142250061
-0.5006211996078491
-0.623724639415741
-0.7106280326843262
-0.5189039707183838
-0.754493236541748
-0.5736827850341797
-0.7384197115898132
-0.5824248790740967
-0.43826159834861755
-0.7540405988693237
-0.7718744277954102
-0.6747867465019226
-0.6012082744474679
-0.56430590205172
-0.3801031925581154
-0.2777537981108655
-0.1403604176781571
-0.045905727635489835
-0.2038920790830936
-0.12422181635670326
0.062338958960167945
0.08434000058176383
-0.08318864374006019
-0.0815938406000577
-0.1984420152295685
0.19874712589616905
-0.0610103058028737
-0.1341199789262818
-0.014903490640074568
-0.2557686858669285
-0.2333180064585484
-0.23225664123917877
-0.3914823887851552
-0.6971347783965632
-0.5883260538738595
-0.8194274514611367
-0.7730133533477783
-0.8077139854431152
-0.9547860026359558
-0.6237548589706421
-0.6464566588401794
-0.6727747917175293
-0.4763275682926178
-0.5981369018554688
-0.742615818977356
-0.555307149887085
-0.6316581964492798
-0.39437049627304077
-0.675178050994873
-0.5418919920921326
-0.6511225700378418
-0.5120857954025269
-0.552100658416748
-0.6894895434379578
-0.32860472798347473
-0.7312390208244324
-0.590976357460022
-0.539620578289032
-0.6865946054458618
-0.6993156671524048
-0.7912774085998535
-0.74704909324646
-0.5020065358960197
-0.4185104566912708
-0.48459990224574767
-0.3073687844554163
-0.24501641196783447
-0.08455663161952953
0.14043003239305818
0.030672380359894058
0.26116647134269544
0.13172670894482363
0.20892919665473442
0.05547716104683387
-0.021021981536141432
-0.20447308697594024
-0.15692410226476772
-0.010522226356494357
-0.08426854228205305
-0.14552604185079965
-0.22278595385253802
-0.2564270483247448
-0.470677297291592
-0.4905864605060273
-0.7388491637040229
-0.8020110130310059
-0.8047122955322266
-0.7380309700965881
-0.6643590927124023
-0.5659835934638977
-0.805935263633728
-0.5543216466903687
-0.7255866527557373
-0.4973766505718231
-0.8057738542556763
-0.7904786467552185
-0.6731153726577759
-0.7827836871147156
-0.8243357539176941
-0.639089047908783
-0.6990746855735779
-0.5590498447418213
-0.8531540036201477
-0.6555747985839844
-0.9204273223876953
-0.836937427520752
-0.5903451442718506
-0.44987624883651733
-0.6741963624954224
-0.6474093794822693
-0.7381846308708191
-0.7265358567237854
-0.2996438134894683
-0.47366877682764086
-0.4159792129402934
-0.3123995715670742
-0.2519153679387366
-0.2813739445731426
0.03848599836161637
0.260719855829489
0.05929132817156302
0.29282077418058217
0.01005944913441048
-0.04334834737530713
-0.1225842853132666
-0.1617345951767154
-0.1405328002977302
-0.15944963644209176
-0.13291688638603572
-0.20763017721942095
0.0009650275050488433
-0.16929029524168565
-0.4991239019719804
-0.5639162114733149
-0.538100267743528
-0.8325780630111694
-0.6059045195579529
-0.9620169997215271
-0.5772545337677002
-0.731128454208374
-0.7351968884468079
-0.599449634552002
-0.5907318592071533
-0.7486101984977722
-0.6168975234031677
-0.682326078414917
-0.7052859663963318
-0.47291627526283264
-0.7325202226638794
-0.5935531258583069
-0.6515758633613586
-0.5398170948028564
-0.809789776802063
-0.4369173049926758
-0.6948337554931641
-0.7448450326919556
-0.5929550528526306
-0.8460891246795654
-0.791824460029602
-0.8606610298156738
-0.8755151033401489
-0.7291104793548584
-0.6667183448393513
-0.5637930890362168
-0.4525634235574053
-0.23835334058756563
-0.0278788135392094
-0.06238988718580307
0.010606282519117882
-0.0536032161819926
0.04965113863155035
-0.09721648608054922
0.1913507582891243
0.04157729876364302
-0.11469758039701827
0.06617811450015876
-0.03154817665306586
-0.03973451163713759
0.012526024015018011
-0.18404956140165718
-0.49727623485141137
-0.4190476782033097
-0.3984954369405915
-0.4643698263502074
-0.7971843893818717
-0.7048278450965881
-0.7658544182777405
-0.9072890281677246
-0.7117865681648254
-0.765144407749176
-0.6637029647827148
-0.6255107522010803
-0.7956687211990356
-0.6023429036140442
-0.7597914934158325
-0.6707252264022827
-0.646058976650238
-0.6240829825401306
-0.5824710726737976
-0.6353775858879089
-0.4851738214492798
-0.5157716274261475
-0.5119578242301941
-0.6484699249267578
-0.6644917726516724
-0.7100224494934082
-0.9423636198043823
-0.6993306279182434
-0.7796849012374878
-0.8634485006332397
-0.5476689338684082
-0.8439013957977295
-0.6117599978099963
-0.3937348677028041
-0.28376157062813134
-0.23768457280828892
-0.1792707695533916
-0.09663415892058835
-0.05136608539485432
0.12754802478480554
0.09747847588516911
0.19583492851166018
0.08740366645672193
-0.0662707748845367
-0.06751973386349042
0.09728694384088754
-0.10627439093989965
-0.04469374135061743
-0.11311757616520524
-0.2757883275881221
-0.24315417334798473
-0.48475205552310674
-0.58357194997858
-0.6941528332676855
-0.5657391068487894
-0.7573466300964355
-0.7088624238967896
-0.776519775390625
-0.640479564666748
-0.5798864364624023
-0.7888023853302002
-0.6878948211669922
-0.6508010029792786
-0.5755409002304077
-0.7364363074302673
-0.8471812009811401
-0.7949423789978027
-0.8538028001785278
-0.6706230044364929
-0.9644969701766968
-0.8202356100082397
-0.29632818698883057
-0.7417337894439697
-0.8289596438407898
-0.5446641445159912
-0.656546950340271
-0.536176860332489
-0.6318824887275696
-0.39401230216026306
-0.40493646264076233
-0.7182753086090088
-0.7180880308151245
-0.6537463749734336
-0.4803831654683051
-0.1733468735981606
-0.3555882782856774
-0.006624159414707953
-0.12745024713399167
0.05963406013797057
0.15051790426068967
0.03270271028594718
0.1106884369038712
0.04416145445263664
-0.0724681798688892
-0.07368944366574437
-0.13884679164902625
0.03155558003591519
-0.30389513980865424
-0.22944859733007927
-0.004162925423959185
-0.18041490835726237
-0.49696264593942713
-0.4409394272531454
-0.5984598488182662
-0.8090854474679977
-0.6057971715927124
-0.7523324489593506
-0.6644947528839111
-0.7608771324157715
-0.6770852208137512
-0.8303996324539185
-0.8015997409820557
-0.5512188673019409
-0.5922806859016418
-0.6265350580215454
-0.5504910945892334
-0.6059417724609375
-0.559341311454773
-0.49703145027160645
-0.421954482793808
-0.5911772847175598
-0.8955647945404053
-0.6654180884361267
-0.6413469314575195
-0.8775461912155151
-0.692762017250061
-0.6009576320648193
-0.7962706089019775
-0.5587669610977173
-0.8342608213424683
-0.7285028696060181
-0.6537947058677673
-0.5835046199107128
-0.5631509425498888
-0.1931931206503016
-0.34646098977350076
-0.26000765439537266
-0.05405406766529697
0.1284062600958923
0.04356066497254163
0.041017047961245834
-0.0867177233866877
0.1318282929595168
0.03931702391433667
-0.0071101726388022035
-0.1826525949853688
-0.2978992294727425
-0.10749482002114119
0.05252257357608359
-0.36811474177935105
-0.2784159176879685
-0.3245354051069114
-0.5926625902400657
-0.6776276927869169
-0.7490705959469117
-0.8961794376373291
-0.8386651277542114
-0.613744854927063
-0.7359336018562317
-0.725688099861145
-0.49419453740119934
-0.7204236388206482
-0.7045652866363525
-0.8047434687614441
-0.5179556012153625
-0.5726171731948853
-0.5300545692443848
-0.6096290946006775
-0.5210998058319092
-0.6013690829277039
-0.4354117512702942
-0.6752015352249146
-0.5694183111190796
-0.27571773529052734
-0.707114040851593
-0.7576789855957031
-0.7499033212661743
-0.5650137662887573
-0.8924568891525269
-0.7263189554214478
-0.631177544593811
-0.8394283822282864
-0.4826069659102855
-0.4410903943534856
-0.44629988478795335
-0.34079833212078126
-0.13033600649835553
-0.11144887228806488
-0.12189186223422999
-0.048305867334228925
0.13384455591112387
0.09619645667017185
0.15169076617421984
0.0016182166455093183
-0.12100390197119404
-0.01314086399419545
0.018012291528245905
-0.33755083059003965
-0.05410133133391348
-0.38937858787502766
-0.3390730652496782
-0.43126209467848536
-0.580605907936199
-0.6994883879840134
-0.7716409720031449
-0.9292323589324951
-0.8552737236022949
-0.8127056360244751
-0.4472614526748657
-0.6746233701705933
-0.7745707631111145
-0.6515383720397949
-0.6561846733093262
-0.5567479133605957
-0.640626072883606
-0.6555864214897156
-0.6867283582687378
-0.7258400917053223
-0.6462404727935791
-0.7102190852165222
-0.6219717264175415
-0.7909954786300659
-0.6863006949424744
-0.41486823558807373
-0.7568655610084534
-0.7315511703491211
-0.8385630249977112
-0.6347268223762512
-0.7456870675086975
-0.7596180438995361
-0.7321092486381531
-0.6770421447009238
-0.4818455405127633
-0.3418430609964998
-0.2759694961279332
-0.39373729787716977
-0.0841582290116073
-0.020557562070593116
0.13721010892896357
0.2481439457386856
0.2685335603291765
-0.1363646736102797
0.23398850216192857
0.1222589335060047
-0.01448399212326601
0.03147520259797776
-0.019431365319884875
-0.16103029465949092
-0.09274109832730865
0.03900123167881836
-0.11596237516786506
-0.45773265808782365
-0.7310502477277417
-0.6764032888767907
-0.7086762649507783
-0.6915884017944336
-0.7736001014709473
-0.7577106952667236
-0.6452131271362305
-0.8247885704040527
-0.6493026614189148
-0.6492316722869873
-0.7130778431892395
-0.7383754849433899
-0.7270491123199463
-0.6557053327560425
-0.7237584590911865
-0.7274073362350464
-0.78538978099823
-0.7786699533462524
-0.7856109142303467
-0.7923483848571777
-0.7998971939086914
-0.6453561782836914
-0.6916927099227905
-0.7810665369033813
-0.5603647232055664
-0.7116643190383911
-0.7169883251190186
-0.7464835047721863
-0.9549442529678345
-0.6132229229348883
-0.3872406229342995
-0.21946005717880346
-0.22866587695362384
-0.07440041681539744
0.1577638682147321
0.07750693546490028
0.05967521173307844
0.26728170367363546
0.03998979543875292
0.0775671477596821
0.16442420183271478
0.06465424745392268
0.37662679661729614
-0.2450295889221672
0.0648553430338572
-0.15678069842207387
-0.03401504898432445
-0.4042672003967984
-0.25376377553876
-0.2641277453771381
-0.4579381368387415
-0.5455396783386259
-0.6122402548789978
-0.7273303866386414
-0.8085300922393799
-0.4357926845550537
-0.7113986015319824
-0.7889271974563599
-0.627593994140625
-0.5340379476547241
-0.7066983580589294
