0.0
-0.07199999999999995
0.0
-0.16772863999999987
-0.01639953578666646
-0.06075337208718207
0.0
-0.10251325601647954
0.0
-0.06907651359574701
0.0
-0.037888948076427065
0.0
0.07056620068386477
0.13498326351355502
0.4495476835566269
0.5426390631580307
0.670744030497033
0.7308055861218036
0.7485671629321393
0.7408677248376041
0.7186275633973245
0.6888445330779154
0.655927209960056
0.6225839323009305
0.5904145437031615
0.5603032668973961
0.5326786751885403
0.507684956822524
0.4852940671390096
0.4653785740325727
0.4477584402330238
0.4322305886441449
0.4185871515340894
0.40662633246302915
0.39615849060710734
0.3196551438115587
0.1925521005591051
0.0630289801146166
-0.06827451968953552
-0.29841808957350324
-0.44539432825659053
-0.5711258658906138
-0.6853015352908362
-0.7870414110066488
-0.8727927968575582
-0.8994991135285668
-0.8905836402872169
-0.861245435262014
-0.8212321182894495
-0.7766917707971221
-0.7314080256409257
-0.6876222427090275
-0.6465794631212138
-0.6088897560820922
-0.5747663375784092
-0.524814483108446
-0.43292069040360387
-0.33338308503481184
-0.23572049025295977
-0.14411769716223288
-0.061417545814936095
0.0
0.0
0.0
0.1294678783542386
0.21838076869750767
0.2991592983794854
0.37676046851228795
0.45019944642708665
0.5174247183363095
0.5763896265378782
0.6253212721605782
0.6562821541118643
0.6602286039293092
0.648230243521713
0.6274320439867505
0.6023821282482309
0.5759180066516777
0.549757124688819
0.5248895323024533
0.501838238303911
0.4174868980647999
0.3174885132787317
0.217903863775826
0.12435301536838826
0.04003620793914109
0.0
0.0
-0.12509080538431364
-0.23390166676719323
-0.32499903051706835
-0.41043936237208606
-0.4905231569978468
-0.5632993572819274
-0.6266076657091144
-0.6785533876857275
-0.6982991433311783
-0.6939032345126579
-0.6755961524234353
-0.6499460473132628
-0.6211020212435562
-0.5916234237791224
-0.5630319901119839
-0.5361785612722636
-0.5114858735489171
-0.4891086133137289
-0.41415628028815943
-0.32209738438211144
-0.22944985850265476
-0.14180368586900713
-0.062255335459276334
0.0
0.0
0.11129026633396366
0.2300745124880568
0.3242658830288316
0.41120797937957193
0.49229026106300044
0.5657796086038435
0.629557327563633
0.6817390138670859
0.6975757882944783
0.6909278975928442
0.671432605792462
0.6452662308672271
0.6163203753938883
0.5869863264473191
0.5586771586007705
0.5321743791447532
0.5078573157655963
0.4734065612694206
0.38938270688788523
0.29636031751695413
0.20505244308868475
0.11977331181108625
0.04327314316114857
0.0
0.0
-0.1341079957922025
-0.24259976337599515
-0.3337665107019598
-0.4189236002213501
-0.4982519193185247
-0.5698214093390669
-0.631531300484008
-0.6795773484581538
-0.6925076069408403
-0.6843785533319202
-0.6642977010821488
-0.638093781455444
-0.6094320243846828
-0.5805577918816118
-0.5527914409795363
-0.5268567905709305
-0.5030983983346118
-0.45927499288906976
-0.3729139177929105
-0.27945674968074363
-0.18853242748538357
-0.10420303350465747
-0.029128302398265776
0.0
0.0010680431026973969
0.1565528054944093
0.25811971147963614
0.3480006564678544
0.43268702825012495
0.5113693023895336
0.5819377984985159
0.642290805382105
0.6842335197317179
0.6934007680700051
0.683036008328578
0.6617067856175652
0.6348843633679843
0.605998335937195
0.5771396335842938
0.5495281937106029
0.5238232432260483
0.5003284270987571
0.449526148873609
0.3619709225807015
0.2687811151573384
0.178661568982532
0.09545282135181742
0.021733853883853807
0.0
-0.022850281552642737
-0.17103657721533025
-0.2711143231466452
-0.3603813078419876
-0.4443188644229767
-0.5219360571950067
-0.5911231235909705
-0.6498230543712658
-0.6865252908564301
-0.6925343178872251
-0.6803621254433544
-0.6580914477038841
-0.6308734701353343
-0.6019275698428604
-0.5732075877587604
-0.5458449278106053
-0.5204424174809638
-0.49726847496926524
-0.4403205256863327
-0.351490115014909
-0.2582989309667166
-0.16868684238438886
-0.08631302178904915
-0.013690334256091993
0.0
0.04215064395940149
0.18341716748834186
0.28194588528570663
0.37050767878670626
0.4536596502807409
0.5302462255511993
0.598158039415617
0.6553781299046817
0.6878909821638611
0.6913951393108971
0.6778087078075012
0.654821060276398
0.627323908879774
0.5983664190186087
0.5697916110615607
0.5426594811426849
0.5175275127413069
0.4946359359846064
0.4328566046244543
0.3430155008546396
0.24981818639625625
0.16060559378058603
0.0788947277434314
0.0071463048688358705
0.0
-0.058697394468323005
-0.19403493058960447
-0.2912392531259029
-0.37920098610928843
-0.4616848059649363
-0.5373937466834788
-0.6042185001387662
-0.6601761506981662
-0.6891130900392853
-0.6904767707728228
-0.6756794847682348
-0.6520755450581108
-0.6243356210115857
-0.595363852205254
-0.5669088148615988
-0.539969630285476
-0.5150651089341732
-0.49241142381715436
-0.42620591721948825
-0.33547272261846817
-0.24230404766516966
-0.15348444752745044
-0.0723986362341059
-0.0014589450233566947
0.0
0.07283229740657593
0.20308326392639928
0.2991431038706197
0.38658134989097337
0.46848471747450976
0.5434355072897996
0.6093246939826016
0.6641986701312822
0.6900920200219439
0.689636476837154
0.6738126166055182
0.6496888105884074
0.6217471186226426
0.5927679601200699
0.5644193652561112
0.5376485596046319
0.5129414038943703
0.49049359172675105
0.41981781463787254
0.3282171097086416
0.23510876591079205
0.14670737801607708
0.06626208097840024
0.0
0.0
-0.08422525108116583
-0.21074870210744168
-0.30605934629435216
-0.3931866773560388
-0.47469789228217457
-0.5490827141774739
-0.6142332014627226
-0.6682201537264335
-0.6912414234104323
-0.6890595441737091
-0.6722521194813844
-0.6476204930298612
-0.6194704821462309
-0.590466801885285
-0.562202069065787
-0.5355748434857266
-0.5110400170915803
-0.48877397108149145
-0.4138038444631114
-0.32130174048518956
-0.22817369465522613
-0.14010062139533758
-0.06020573661529319
0.0
0.0
0.09441898046609287
0.21761001481456735
0.31225003233387705
0.39909772827842505
0.4802559483040515
0.5541317836585664
0.6186184105416999
0.6718086059746659
0.6922507417729525
0.6885195840968392
0.6708304190925239
0.6457445155153895
0.6174092484976863
0.5883853246234464
0.5601975792302899
0.5337008392068607
0.5093221738936854
0.48722062059799376
0.4083913979406388
0.31507381730626
0.22192217805219053
0.13413896962935473
0.05473458881008893
0.0
0.0
-0.10373184909837149
-0.22387194576982508
-0.3178964892333327
-0.40448726350009867
-0.485322393631052
-0.5587333523595774
-0.622614271122854
-0.6750779379861437
-0.6931752642743907
-0.6880352915510196
-0.6695440417077273
-0.6440446060197149
-0.6155403657210746
-0.5864975004492361
-0.5583792404446484
-0.5320006623429975
-0.5077635444716655
-0.4858111564040165
-0.40345045584025085
-0.30939251466333095
-0.21622560374630145
-0.12871313333947398
-0.04976189449780985
0.0
0.0
0.11237429257421411
0.22966705172696594
0.3231123871370085
0.4094591443305615
0.48999025094024296
0.5629668588550725
0.6262839963458307
0.6780730317983164
0.6940106138449427
0.6875737089027882
0.6683447448367178
0.6424656540424326
0.6138070637794263
0.5847480123445752
0.5566949444465868
0.5304263018311072
0.5063205589988732
0.4795675129428025
0.39617412951086606
0.30217536630048314
0.20946177446981623
0.12263317371017415
0.0445399503616517
0.0
0.0
-0.12188991492472301
-0.23589282905471012
-0.3286254323142397
-0.4146532403766531
-0.49481340602671126
-0.567287979463614
-0.6299728585128335
-0.6800990349819481
-0.6942218298806814
-0.6867160773599658
-0.666899498587176
-0.6407389046441473
-0.6119895911832682
-0.5829551028982954
-0.554992877349544
-0.5288499081954927
-0.5048848181265191
-0.4730633922081266
-0.3887342927496304
-0.29484389788328585
-0.20262417310903416
-0.11651854307000134
-0.039321530594160214
0.0
0.0
0.13180019591712175
0.24248672610491512
0.33454010270584345
0.4202860463421159
0.5001032573325701
0.572091496706528
0.6341466826131009
0.6816827991265781
0.6942254250743816
0.6857967004913917
0.6654803327806263
0.6390884131722326
0.6102744264922487
0.5812753494074688
0.5534054734819055
0.5273841657394818
0.5035526642796884
0.4669514641132227
0.3817563884838822
0.28798612748081287
0.1962480533188354
0.11083706942046377
0.03449459209668411
0.0
0.0
-0.14113288246991937
-0.24872284188014596
-0.34015167757795545
-0.42564410310235457
-0.505148506739383
-0.576687197997876
-0.6381559205625488
-0.6832396145666578
-0.6942836016435469
-0.6849771897596587
-0.6641832184563893
-0.6375677218944739
-0.6086880491014844
-0.5797182967620486
-0.5519319807339707
-0.5260223409955904
-0.5023141581725645
-0.46118990991060554
-0.37518394947901496
-0.2815364881198686
-0.1902619856894684
-0.10551427383119205
-0.029984319801735715
0.0
0.0
0.14993040755827977
0.2546021120291451
0.34544244419085757
0.43069591663271245
0.509905356406385
0.5810200875926468
0.6419357054262214
0.6847057701210408
0.6943360417109845
0.684201782539843
0.6629574324621963
0.6361312148984635
0.6071897720055759
0.578247872417225
0.5505405605011598
0.5247364264274615
0.50114472460085
0.4557253851832359
0.3689496827354205
0.2754190227389966
0.184584756473901
0.10046673886904617
0.02570803390557376
0.0
-0.0017283533612512947
-0.1582285253111292
-0.2603720123411226
-0.35066649305904407
-0.43565350128852326
-0.5145292777613468
-0.5851834393699924
-0.6455150047915459
-0.6860256724331771
-0.6942801403120743
-0.683344796900035
-0.6616691783463359
-0.6346460655015319
-0.6056530021387677
-0.5767465250436592
-0.5491239573515865
-0.5234297556390817
-0.49995800559837794
-0.45036705001695776
-0.3628424457544627
-0.2694247129451234
-0.17901871451849655
-0.09551423750736979
-0.021507765967400477
0.0
0.013938334946905384
0.16602631327686404
0.2671768670280106
0.3570192071030893
0.44150709370325275
0.519731869858553
0.589583081333042
0.6489847864065778
0.6868924767312151
0.6935898222069382
0.6817745728839311
0.6596520855029139
0.0
