0.5
0.5
0.5
0.5
0.5
0.5
0.5
0.5
0.5
0.5
0.5
0.5
0.5
0.5
0.5
0.5
0.44009256284170084
0.298218696863794
0.26160183551409516
0.2427495045405062
0.22414546013560693
0.20295223991392436
0.17944171723281982
0.15455244700853016
0.1293521967819507
0.10489913947978152
0.08218807268101685
0.06211694754497765
0.0454608465026754
0.03285125275123579
0.02476055496624119
0.021492026141043563
0.02317543001800454
0.02976824424108876
0.034057641702052
-0.000661364998293501
-0.023713687581666476
-0.028697793300205166
-0.02291740519235641
-0.01109718258249881
0.030700546830121855
0.14313495541864008
0.2658711887428786
0.3834848402475878
0.490218792953102
0.5
0.5
0.5
0.5
0.5
0.5
0.5
0.5
0.5
0.5
0.5
0.5
0.5
0.5
0.5
0.5
0.5
0.5
0.5
0.5
0.5
0.5
0.5
0.5
0.5
0.5
0.5
0.5
0.3728417374436803
0.24796079291668532
0.1490120155725192
0.05835589528977908
-0.02538956413008231
-0.10044912944816053
-0.16468395556255644
-0.2036082651600707
-0.21018610931818937
-0.19759296297562112
-0.17434126575793485
-0.14585704724380077
-0.11553236294914437
-0.08542669983523488
-0.056733453383741694
-0.030089303445030136
-0.005778642933834566
0.07413444310585054
0.16769399398296891
0.2612019357188763
0.3496475782302306
0.43004328107835776
0.5
0.5
0.5
0.5
0.5
0.5
0.5
0.5
0.5
0.5
0.5
0.5
0.5
0.5
0.5
0.5
0.5
0.5
0.5
0.5
0.5
0.5
0.5
0.5
0.5
0.5
0.5
0.4006735416684774
0.279523041538047
0.18531062266149112
0.0985747587175358
0.01748464804521882
-0.0563096536951353
-0.12068992463265471
-0.17374793361475105
-0.19404801026563034
-0.19015720659174373
-0.17230493643161282
-0.1470608667036809
-0.11857706633654497
-0.08941657209177822
-0.06110506971025198
-0.03449733601180316
-0.010019866528738874
0.01216915662126361
0.09086193419347932
0.18365969239106245
0.2762759153078276
0.36359576198431637
0.44263538159497584
0.5
0.5
0.5
0.5
0.5
0.5
0.5
0.5
0.5
0.5
0.5
0.5
0.5
0.5
0.5
0.5
0.5
0.5
0.5
0.5
0.5
0.5
0.5
0.5
0.5
0.5
0.5
0.3760012505056206
0.263386844444532
0.17114119260243682
0.08541287115558743
0.005507209854022865
-0.06673429677466203
-0.12920826357879922
-0.17938253776816904
-0.193563992283319
-0.1861205647160783
-0.16636579225559045
-0.1402640646690937
-0.11156938899936497
-0.08258473781093723
-0.0546674193702954
-0.028564562174494657
-0.004635072252701988
0.030084963078291838
0.11481545823324701
0.20850518233492543
0.30032858666188844
0.3859398907953505
0.46257927867630855
0.5
0.5
0.5
0.5
0.45830225944519043
0.41384565830230713
0.32729002833366394
0.47434282302856445
0.49249768257141113
0.3773006200790405
0.2702788710594177
0.39620348811149597
0.35621121525764465
0.36067789793014526
0.2943784296512604
0.5194947719573975
0.5119062066078186
0.40519827604293823
0.2915840148925781
0.39004066586494446
0.3129158616065979
0.1346951425075531
0.25270402431488037
0.294741153717041
0.37615057826042175
0.26590508222579956
0.15639036893844604
0.22573277468346775
-0.07395312104903656
-0.0834557967840891
-0.033374775507260646
-0.19592323204374673
-0.3485729199698139
-0.3237253166586208
-0.3353677137677378
-0.19276781764091133
-0.3992352887180529
-0.5033301936096396
-0.387214640279281
-0.43566229638077647
-0.43185503861115726
-0.33141783357585186
-0.1824621935812073
-0.13122990577788018
-0.1875242344040317
-0.09118282739354971
0.03821623437501698
0.012332160714856322
0.1498901489914678
0.2836180423088501
0.33374348282814026
0.05805370211601257
0.1374720335006714
0.29527711868286133
0.22823449969291687
0.665259838104248
0.17771518230438232
0.2673889398574829
0.3078446090221405
0.2639906406402588
0.4139454662799835
0.5209668278694153
0.5785852670669556
0.4872857630252838
0.6229884624481201
0.33542948961257935
0.3052403926849365
0.4090692400932312
0.36020246148109436
0.482505738735199
0.2693217992782593
0.30065596103668213
0.1258787214756012
0.2498261034488678
0.25310057401657104
0.5267869234085083
0.3218352046213748
0.23000833822709854
-0.033606631436669865
-0.11336289640744124
-0.22377095449245632
-0.2580332873968141
-0.11172681039989818
-0.44602010276562065
-0.28793724394102793
-0.44619889005986135
-0.48445089564933164
-0.3505495027447736
-0.36288206233833253
-0.2815427093102476
-0.4132197363174055
-0.24855421533676503
-0.19823013890910746
-0.2154662492099993
-0.29966260011394913
-0.15453128762223112
0.0024802502375456115
0.11687349862354668
0.2824239973719042
0.4989924606128919
0.2286490499973297
0.5115876197814941
0.23749589920043945
0.4471384584903717
0.26064836978912354
0.4271819591522217
0.6478780508041382
0.3848887085914612
0.295942485332489
0.4233357310295105
0.40181636810302734
0.5016710758209229
0.3930406868457794
0.2473575472831726
0.4479858875274658
0.35901254415512085
0.3845370411872864
0.4577009677886963
0.2316308617591858
0.16255462169647217
0.5051575303077698
0.4104740023612976
0.2572701573371887
0.29485782980918884
0.23575904965400696
0.20621266961097717
0.19418550190846895
0.024375487745151192
-0.028817738609036414
-0.04891940422335167
-0.19071970525484966
-0.21795225736756785
-0.47678241896055706
-0.33037452967933334
-0.2604247366478729
-0.46175066624118
-0.3325251952052787
-0.3570421416917866
-0.3015120590665712
-0.2124297821653942
-0.26171937201746753
-0.2385906170866342
-0.252426973316332
-0.29387548585303275
-0.08320211375799541
-0.05035116595896699
0.1362196238491718
0.07518554509574693
0.10120009941249264
0.3159394658284159
0.29537609219551086
0.2752096652984619
0.4158812165260315
0.16718676686286926
0.3435390591621399
0.24313566088676453
0.34967219829559326
0.15497729182243347
0.3716355562210083
0.49562057852745056
0.31355589628219604
0.35714462399482727
0.2628270387649536
0.243566632270813
0.3855555057525635
0.39670950174331665
0.355838418006897
0.268943190574646
0.2627614140510559
0.6113603115081787
0.14150694012641907
0.2505299150943756
0.3954530954360962
0.15015077590942383
0.4239935874938965
0.34657707810401917
0.6011821102690147
0.28420813497854314
0.04163114512956434
-0.0963250608211732
-0.18819101592367626
-0.29164223027423475
-0.20930688142289666
-0.4034163352531135
-0.5194770131968536
-0.46666094157863036
-0.4041761465635295
-0.43837833271965687
-0.2577173893863567
-0.3073538364163243
-0.2667653425684283
-0.2525694901302754
-0.11564491174458336
-0.3460115138166947
-0.06820211303789347
-0.08337602705423708
0.010842096638800813
0.23297134611705983
0.27089533226831797
0.3998778760433197
0.35575070977211
0.3043903708457947
0.25442126393318176
0.24859899282455444
0.16350066661834717
0.5194488763809204
0.3534984290599823
0.26159796118736267
0.34809333086013794
0.3836488425731659
0.43024030327796936
0.43836045265197754
0.14106449484825134
0.4481201767921448
0.36124372482299805
0.4005138874053955
0.44337308406829834
0.4524253308773041
0.28277918696403503
0.4520682990550995
0.19602936506271362
0.3580417037010193
0.2520560026168823
0.36500027775764465
0.304945170879364
0.3555185794830322
0.11534504671509799
0.1447053725952958
0.0008833768199535408
0.07066837096119277
-0.1633302964507194
-0.15195791354243848
-0.45901073777584933
-0.384379176999357
-0.2570243568051236
-0.5878767161645772
-0.5296297564879607
-0.3203481063557002
-0.3096032085272161
-0.2582844073503646
-0.38322030028393994
-0.3336211704165145
-0.17356398658015926
-0.1664865380509824
-0.20062910880577323
-0.037585199059901986
0.08878841901375156
0.04829088472980447
0.4485797792817187
0.27135950326919556
0.24735572934150696
0.29320210218429565
0.32640278339385986
0.3828873038291931
0.2945330739021301
0.360165536403656
0.32305383682250977
0.4952842891216278
0.49080464243888855
0.3244314193725586
0.44257745146751404
0.3976150453090668
0.3277173638343811
0.44900038838386536
0.3685958981513977
0.39083021879196167
0.40293529629707336
0.34956932067871094
0.5222758650779724
0.2649689316749573
0.36987119913101196
0.31048309803009033
0.2568623423576355
0.22825714945793152
0.5987502336502075
0.12939143180847168
0.30738290302199534
0.11633948686802342
0.06921519861889575
-0.1018485938418982
-0.04559984637806841
-0.3676823634902566
-0.2892190976746498
-0.42386245866882677
-0.42010868846203
-0.3991772989586261
-0.5108035745280252
-0.2906547813693937
-0.501619041897945
-0.41761107192399716
-0.4770837687498244
-0.2572730055766518
-0.15454627386312902
-0.2656168319580286
-0.15259800201059692
-0.033995408530719584
0.370413138350343
0.07620007473278861
0.35552030347774294
0.4761008322238922
0.32572928071022034
0.3727284371852875
0.32625868916511536
0.4407307803630829
0.11809182167053223
0.2231937050819397
0.5136448740959167
0.4167924225330353
0.391823410987854
0.5405117273330688
0.36199313402175903
0.39566150307655334
0.47883689403533936
0.2118634581565857
0.47006669640541077
0.2644950747489929
0.5471376180648804
0.3068069815635681
0.46508193016052246
0.6296402215957642
0.27809756994247437
0.5081674456596375
0.4490474760532379
0.18728259205818176
0.2267031967639923
0.2757694125175476
0.28693039494102773
0.13505988298465071
0.01795875032532962
-0.06332006785594907
-0.013698221267523514
-0.1562711469178827
-0.45028331001368305
-0.5220407680248059
-0.46963513738827056
-0.3694974061332448
-0.5482088392255857
-0.3269726648598641
-0.26230036417727676
-0.28454650827838124
-0.2584574635687992
-0.18636269976799424
-0.06426494390035786
-0.31158787749436767
-0.10331639767776662
0.1613491160084083
0.031730981339043784
0.08233457274400963
0.3762691773255108
0.3962417542934418
0.22850072383880615
0.4862387180328369
0.44604071974754333
0.3188503384590149
0.31248170137405396
0.374360054731369
0.26918256282806396
0.5288651585578918
0.4256240129470825
0.3604676425457001
0.5769195556640625
0.45975756645202637
0.4187997877597809
0.33699166774749756
0.6380051970481873
0.2762029767036438
0.5107980966567993
0.368044376373291
0.5061830878257751
0.38029003143310547
0.32832998037338257
0.4720815122127533
0.4333891272544861
0.32237303256988525
0.2257327139377594
0.4769226312637329
0.2262424281839061
0.0064241948783573255
-0.031670707488316796
-0.09250456099351023
-0.243103300070317
-0.1872320467988834
-0.4053962660058418
-0.53584089646034
-0.32698288265282227
-0.45685740805462727
-0.29539114837647007
-0.5222742703484546
-0.26835538695883854
-0.1817411253795389
-0.24912969941816798
-0.30062731051775105
-0.3362822251509595
-0.03643091603259402
0.20724601565017403
-0.0909800300146218
0.21450445261735446
0.28619572277592265
0.3594508638051872
0.2901015281677246
0.1526852548122406
0.4684261679649353
0.23564937710762024
0.3480111062526703
0.15885061025619507
0.28974390029907227
0.5312350392341614
0.29718017578125
0.3120751976966858
0.5384624004364014
0.41242191195487976
0.44682326912879944
0.3178061246871948
0.3414834141731262
0.5784732699394226
0.48948192596435547
0.34703660011291504
0.43484240770339966
0.4747903645038605
0.23578950762748718
0.4129355251789093
0.2913830280303955
0.36288177967071533
0.25487378239631653
0.2800344228744507
0.22382591292373333
0.2507347801071885
-0.02287380657159721
-0.18774369644971844
-0.1833570146830404
-0.2542637945020475
-0.24546524494234734
-0.48889645038183815
-0.48176947688129446
-0.41224930524128867
-0.3885841575372141
-0.4441753951040237
-0.3310644784658646
-0.4093125754963143
-0.39240063773942335
-0.31325786198238914
-0.2680268120870256
-0.35454873516666097
-0.28184654879807264
0.06831686661751923
-0.040764860528817115
0.30120950479320785
0.17391527581190813
0.37864989301323976
0.32829204201698303
0.4236995577812195
0.12351053953170776
0.2033432424068451
0.4435725510120392
0.39411574602127075
0.30855095386505127
0.38012978434562683
0.4399012625217438
0.35260072350502014
0.41320762038230896
0.339214563369751
0.5586341619491577
0.3527314066886902
0.3341403901576996
0.554718554019928
0.3075733184814453
0.36228999495506287
0.5518264770507812
0.40546929836273193
0.4017341732978821
0.5077868700027466
0.30754268169403076
0.32421422004699707
0.42842066287994385
0.5319738984107971
0.23828852341277684
0.10964066702582437
0.059949981155639265
-0.025010771683084132
-0.2634443184491071
-0.22743385091398738
-0.12848285945690907
-0.3107865353109258
-0.5153761485579081
-0.49644410056834454
-0.19646395693865049
-0.4993944648845834
-0.2407783976665152
-0.4263508980185572
-0.302724577959559
-0.2508266342747657
-0.11543261674661776
-0.1819003814078457
-0.0353855041618234
-0.04313046393730957
0.06661408688231474
0.10449201117488793
0.2763481289723616
0.36176509359790726
0.3906574249267578
0.3880718946456909
0.2345443069934845
0.3098004162311554
0.4093855619430542
0.2725565433502197
0.5268714427947998
0.6070214509963989
0.2868122458457947
0.3076738715171814
0.37442129850387573
0.3968404531478882
0.4275246560573578
0.3513501286506653
0.25197455286979675
0.2678704857826233
0.36196261644363403
0.38750532269477844
0.3306316137313843
0.37443041801452637
0.3265501856803894
0.2683356702327728
0.37487995624542236
0.2485165297985077
0.40943410992622375
0.3540548086166382
0.3194141632373478
0.26135925932060455
-0.13266994740127697
-0.03311854198742875
-0.18687294265628152
0.016338653678547588
-0.2286609864045459
-0.4327192298766436
-0.414263782753745
-0.5012727482918228
-0.4481182342814407
-0.42567681492758813
-0.42825917774630207
-0.41065961472188794
-0.3367519142549604
-0.3813980330448823
-0.10725552457365284
-0.27903126180572657
-0.196716173833288
-0.05276394608410612
-0.0471383105081471
0.1852794582396461
0.19640416534826471
0.20870675913415265
0.13624390959739685
0.48043784499168396
0.33126917481422424
0.10563680529594421
0.17574143409729004
0.2952614426612854
0.28889891505241394
0.4427975118160248
0.3339085578918457
0.44070640206336975
0.3438231647014618
0.45308586955070496
0.48833203315734863
0.6508184671401978
0.5071895718574524
0.3132457733154297
0.4067111611366272
0.3729400038719177
0.43194669485092163
0.4334503710269928
0.22442224621772766
0.5360110998153687
0.31302428245544434
0.24128800630569458
0.33419013023376465
0.6132497787475586
0.22397670851905083
0.2270536578082093
0.15628173494893538
-0.13155210328145267
-0.2263632940609076
-0.38365448632159926
-0.3317607826837671
-0.3645187549936292
-0.4035245391021587
-0.3857188569478339
-0.4887828183116646
-0.49194928372056
-0.3354226517260299
-0.438711888526935
-0.25165100031549903
-0.21709433358137642
-0.3562595267471014
-0.3079598393410311
-0.12756808644173595
-0.071888301597621
0.13737336923700388
0.2901296573893361
0.4636381535343471
0.3061690330505371
0.37504008412361145
0.2849949598312378
0.40101203322410583
0.42310237884521484
0.21058642864227295
0.32658272981643677
0.43600332736968994
0.27845168113708496
0.5912690162658691
0.2515769898891449
0.312588632106781
0.4269368052482605
0.5373749732971191
0.4604063630104065
0.4130520522594452
0.4365423917770386
0.4150577485561371
0.2737305760383606
0.37980934977531433
0.4136429727077484
0.5507317185401917
0.44353410601615906
0.2832176685333252
0.36958664655685425
0.24450397491455078
0.34561657905578613
0.14443322420234672
-0.049010585889276426
0.16035167878045797
-0.07770450671815887
-0.17931084348308873
-0.33348585268392195
-0.3195080274865213
-0.43374474451341893
-0.3435239101936576
-0.501810440390661
-0.46512671019250174
-0.26039184334188137
-0.39822984918237736
-0.394387393756937
-0.28616097951345987
-0.31028340408362964
-0.16453762596784194
-0.3772013076063435
-0.2783657207963964
-0.18192415738272832
0.13397803188305668
0.18315108594036644
0.19969042784957514
0.24977174401283264
0.31345587968826294
0.3271178901195526
0.2740861475467682
0.36556321382522583
0.4941667318344116
0.38234058022499084
0.47129321098327637
0.4518390893936157
0.23933184146881104
0.4690737724304199
0.5226398706436157
0.4541682004928589
0.30302661657333374
0.5284259915351868
0.3407291769981384
0.23259833455085754
0.38165000081062317
0.3163573741912842
0.2875519096851349
0.332014799118042
0.3580346405506134
0.41480278968811035
0.3600672483444214
0.2999802827835083
0.35731980204582214
0.3421269655227661
0.3509294498920507
0.26992608041426214
-0.1136777045462134
-0.1760184173684335
-0.06437135231231278
-0.21507704675809025
-0.36879774219351336
-0.5100101940220377
-0.3169359485949651
-0.4544243330930754
-0.36368974121274356
-0.437390625357699
-0.5114091720854019
-0.3628432119106354
-0.3460376018827632
-0.16126285839986199
-0.035824125358891235
-0.033712522159568326
-0.26149826028933043
-0.05716918893831835
-0.008806909756835735
0.014224328418662113
0.19107450796814812
0.18275853991508484
0.20228984951972961
0.3339936137199402
0.2995374798774719
0.27319616079330444
0.2854496240615845
0.3397594094276428
0.17522785067558289
0.2975538969039917
0.5033592581748962
0.3782379925251007
0.47198745608329773
0.4473681151866913
0.48280414938926697
0.36208808422088623
0.6108390688896179
0.1607053279876709
0.4513334333896637
0.26249510049819946
0.26304906606674194
0.29955366253852844
0.40163007378578186
0.36195582151412964
0.34615790843963623
0.32687103748321533
0.176552414894104
0.3508303761482239
0.22591773118794967
-0.04874464231668507
-0.10291603626136808
-0.01526002401446469
-0.20141002342252606
-0.19174977321430253
-0.40971391104365307
-0.442007466303183
-0.46478999850476854
-0.5377023461510703
-0.15786408128015472
-0.47970144283061955
-0.14506708346325625
-0.4727055519060056
-0.11439521701444921
-0.32448000197412463
-0.2668013030699534
-0.2469877435093925
0.03508772805199001
-0.0026376949539074768
0.025185401547051622
0.0985061052662694
0.14476622658051763
0.3094887137413025
0.350671648979187
0.09171256422996521
0.7096428871154785
0.2939542829990387
0.37353283166885376
0.4243673086166382
0.41976994276046753
0.3325974941253662
0.40544718503952026
0.358291894197464
0.5234794616699219
0.34220319986343384
0.24738186597824097
0.14384010434150696
0.30252188444137573
0.4441036283969879
0.14024609327316284
0.5585057139396667
0.3237342834472656
0.5487060546875
0.34308069944381714
0.3669801354408264
0.28365635871887207
0.23072543740272522
0.40502822399139404
0.37883225083351135
0.21341546700361047
0.12551539667265355
0.03412027482824104
-0.3073527409510778
-0.1642836634713365
-0.31052427295324314
-0.33681178970833414
-0.371877322909828
-0.4569618884067217
-0.4078809861197106
-0.29320613299901366
-0.40270119491165546
-0.24567205182119922
-0.4061410065228893
-0.3190555118855253
-0.3157168894191448
-0.2517448320694199
-0.13233510073534605
-0.06502016660831766
0.04039411794373571
0.058390407292296165
0.4115406776605329
0.34496548664494897
0.2901178002357483
0.39070186018943787
0.578705906867981
0.25148987770080566
0.1897662878036499
0.27503451704978943
0.237461656332016
0.5484766364097595
0.30825716257095337
0.38165050745010376
0.6470186710357666
0.35274383425712585
0.34249013662338257
0.44860604405403137
0.27077651023864746
0.39671042561531067
0.30379587411880493
0.3696995973587036
0.2596544325351715
0.2763272523880005
0.5008665323257446
0.2727386951446533
0.36245179176330566
0.27664774656295776
0.3506125211715698
0.21831947565078735
0.3664097785949707
0.12321258662031798
0.0018861304254488287
0.016176473663932267
-0.15275419143877866
-0.2411129641426153
-0.22744235678055125
-0.37567407353535087
-0.5440990298613587
-0.37278369287796054
-0.36747203318190713
-0.3899822716098619
-0.3216510180043338
-0.32012991373633526
-0.21473279574043846
-0.2642062735101046
-0.3517426501434747
-0.2029821569071304
-0.1819863358760499
-0.08523352212762797
0.24640104904552673
0.15248997879945048
0.22373838650183187
0.3221325587913838
0.23994436860084534
0.4085717499256134
0.2198674976825714
0.3294715881347656
0.32667669653892517
0.5470318794250488
0.3505883514881134
0.41317588090896606
0.4580145478248596
0.28276291489601135
0.37643522024154663
0.476209819316864
0.1927211582660675
0.4315605163574219
0.531734049320221
0.3444253206253052
0.22093090415000916
0.577913761138916
0.3567284643650055
0.4595755636692047
0.3465244472026825
0.27071255445480347
0.3323618173599243
0.29033005237579346
0.3500303626060486
0.34403300285339355
0.3601819097014341
0.27101520134677537
0.2025894052456651
0.020525032239656793
-0.1555735938173129
-0.11124821233763571
-0.19663730214478892
-0.39720809975441895
-0.42473520124802655
-0.3907548656104255
-0.41097214422329253
-0.3012139589018594
-0.3915137778280766
-0.5017851995969771
-0.30776797682408596
-0.3145402368436123
-0.2618710625837348
-0.3086968635324051
-0.15942885398570694
-0.02755626182791121
0.05035940387975246
0.1688064979163526
0.14900717679064346
0.29798959364508104
0.31105878949165344
0.3429979681968689
0.4092179536819458
0.23512381315231323
0.26760029792785645
0.38106268644332886
0.3978649377822876
0.2146892547607422
0.369340717792511
0.43076395988464355
0.28001195192337036
0.5924800634384155
0.5056505799293518
0.5493923425674438
0.47342798113822937
0.5532190203666687
0.38015276193618774
0.4630928933620453
0.4156634509563446
0.3312678039073944
0.41907525062561035
0.3016038239002228
0.48909151554107666
0.3693748712539673
0.3239156901836395
0.4631623923778534
0.4540257695907842
0.06300258838612949
0.04523809308156146
-0.21907896512038683
-0.3054913052871521
-0.27549932431942126
-0.1747862087549248
-0.5082809250839647
-0.39191877203804526
-0.4448410190021923
-0.5196391815854073
-0.4177696977519625
-0.31043748064942933
-0.45679009036220275
-0.41329258177616224
-0.26231359901832996
-0.152388783362979
-0.27227869581766073
-0.2884673268423808
0.040777198508786194
0.05338635825754756
-0.046660454209326074
0.20516440017300502
0.31804585373441474
0.20520958304405212
0.3823898136615753
0.23566609621047974
0.4868186116218567
0.21662169694900513
0.5672863721847534
0.3177782893180847
0.6919997930526733
0.389987975358963
0.40859365463256836
0.4058286249637604
0.5372286438941956
0.5323470830917358
0.3934745788574219
0.21332114934921265
0.41158443689346313
0.39149051904678345
0.2079290747642517
0.4493066370487213
0.2534571886062622
0.24329891800880432
0.279009073972702
0.2832716107368469
0.2831658124923706
0.24539083242416382
0.13478118181228638
0.33215862574894983
0.08469879056256446
-0.06466053372851333
-0.0916548877555231
0.08304307145922818
-0.25714851821912
-0.35960884580881025
-0.41495988352259006
-0.3483195492815103
-0.4257626844118083
-0.41966310522567674
-0.41651412408945354
-0.317409519357543
-0.252090947114915
-0.3547491346523155
-0.13457622432581584
-0.28906061880032985
-0.31360633302628194
-0.1498712751806156
0.06933538749187956
0.09097180201835992
0.16249935124477044
0.12166091938915075
0.1848585605621338
0.2562636137008667
0.3445563316345215
0.34307706356048584
0.3538898825645447
0.3570466637611389
0.22378495335578918
0.4251505136489868
0.2567376494407654
0.39572006464004517
0.5887589454650879
0.35485267639160156
0.38269343972206116
0.31745630502700806
0.3565966784954071
0.4648922383785248
0.37831127643585205
0.3854328393936157
0.5783742666244507
0.36055058240890503
0.5277661085128784
0.47037410736083984
0.3558531403541565
0.18560907244682312
0.2654520869255066
0.2286507785320282
0.25757351517677307
0.21972605280867674
-0.05861110515676016
-0.12112625396276855
-0.1177582964772047
-0.20353466717348495
-0.19788302321459494
-0.31542464266250714
-0.38109522008836516
-0.008106036372306002
-0.3293223755694574
-0.3733322331341201
-0.5753537327441945
-0.30045697602943366
-0.33461238385929093
-0.4129214563126734
-0.17881724966121204
-0.3014244989144822
-0.24459679161362546
-0.19027257737416853
0.01877637503423646
0.049011084410815864
0.2625020917042933
0.291031614298156
0.19510123133659363
0.25799569487571716
0.3576670289039612
0.3922567367553711
0.3081752359867096
0.4592655599117279
0.42017096281051636
0.14214923977851868
0.31983089447021484
0.29937654733657837
0.5047190189361572
0.46138104796409607
0.37000805139541626
0.22886350750923157
0.38155943155288696
0.45625486969947815
0.3036978244781494
0.6249898672103882
0.6865878701210022
0.35246941447257996
0.4283108413219452
0.40331223607063293
0.6280450820922852
0.33263319730758667
0.3237192928791046
0.2751222848892212
0.15954571962356567
0.11525598525337427
-0.012640954113344482
-0.008776366199682362
-0.2591772394772473
-0.3405665103230182
-0.260951499644246
-0.3595233578291094
-0.4219542886715697
-0.44254762303636397
-0.5153040566068066
-0.3164408096800083
-0.252803548740124
-0.20072968228566046
-0.4309953821223602
-0.26322339730896627
-0.34941583308052615
-0.19731697390581882
-0.16771052803330483
-0.07400659611601601
0.009112975910627374
0.23358490013221983
0.09169588136533963
0.3298256461783414
0.3061254620552063
0.3075777292251587
0.35194361209869385
0.2435605227947235
0.591528594493866
0.40834683179855347
0.32706430554389954
0.4991214871406555
0.4759443402290344
0.48941126465797424
0.3370104432106018
0.5418363213539124
0.4676131308078766
0.31898999214172363
0.37163376808166504
0.3406642973423004
0.6382555961608887
0.2152862548828125
0.4341508448123932
0.3236933946609497
0.4814980626106262
0.34757035970687866
0.32430997490882874
0.3482251465320587
0.4304577112197876
0.22419875860214233
0.229681134223938
0.20536199322311505
0.12941551675175467
0.07071819417605363
-0.17463286273369016
-0.3510147773048363
-0.37271015182363165
-0.41359020980840355
-0.38713937977607105
-0.33943731470561733
-0.5050197150020896
-0.4641733263513187
-0.24255066771967537
-0.3705001820551974
-0.3206645724753642
-0.3914346616630159
-0.34716790861897506
-0.19105939735898392
-0.12038419144255286
-0.24836931334464263
-0.0490317542265849
0.03600889600863333
0.18825906201398818
0.41801270085853404
0.32916784286499023
0.2674730122089386
0.3363412320613861
0.21129539608955383
0.4403330087661743
0.4217848777770996
0.31240546703338623
0.5154600739479065
0.4772230386734009
0.7006810307502747
0.3315264582633972
0.3368876278400421
0.4584454596042633
0.5761242508888245
0.2652769088745117
0.3121871054172516
0.3204846978187561
0.4419771730899811
0.4555697739124298
0.27515438199043274
0.3042173385620117
0.4250103235244751
0.3880387842655182
0.37749606370925903
0.4890052080154419
0.29433631896972656
0.18123722076416016
0.2602944841274888
0.2605358845320057
-0.0439273245840367
-0.24146872061501223
-0.2936289467585007
-0.2622462220309497
-0.3659754002120821
-0.43774674947645553
-0.21357599993388754
-0.5614884930344329
-0.47968620882532476
-0.4646799203708274
-0.3046827249627855
-0.3912343165196466
-0.17848295102778255
-0.29650592107992213
-0.23209250377913615
-0.31222707719213016
-0.17844197731078643
-0.004170045628879848
0.0780035403790792
0.26040010345720743
0.16922442846580293
0.15144255757331848
0.3505445420742035
0.5371849536895752
0.2754318118095398
0.5093637108802795
0.2937685251235962
0.5208172798156738
0.35027480125427246
0.3002869486808777
0.40421393513679504
0.47551658749580383
0.38420385122299194
0.5001204609870911
0.33200037479400635
0.46596604585647583
0.47264552116394043
0.38960957527160645
0.628399670124054
0.46717166900634766
0.3112974762916565
0.4434833228588104
0.4045519530773163
0.5466501116752625
0.16037604212760925
0.363384872674942
0.2759816646575928
0.5851588845252991
0.18609983681511566
0.14935306481554655
0.004037029127896774
-0.20437293585767485
-0.18292935585267645
-0.387050065009257
-0.2695658759956241
-0.49346840619943344
-0.34953106123139577
-0.2908230147164428
-0.3499079044774688
-0.2685453583433547
-0.2639608469219574
-0.35281196739980136
-0.18044612588877706
-0.30460384648257544
-0.33023366243407903
-0.16326147334966046
-0.05558631288992155
-0.011018224885734895
0.23737829492819496
0.3163335572184366
0.24730219649145901
0.4576091766357422
0.31357380747795105
0.4494474530220032
0.28175199031829834
0.385637104511261
0.460977703332901
0.4347330331802368
0.25594282150268555
0.23786088824272156
0.5199204087257385
0.45578229427337646
0.384678453207016
0.27220577001571655
0.5162295699119568
0.44544243812561035
0.4310576319694519
0.45525893568992615
0.43313711881637573
0.48867931962013245
0.4875337779521942
0.5613083243370056
0.4856736958026886
0.19067272543907166
0.3606529235839844
0.12876853346824646
0.22161993384361267
0.15461888345416314
0.09783744721287718
0.0890137985456062
0.004039526728901399
-0.020012421415153192
-0.18786801038141754
-0.44563002190864454
-0.5980600432867068
-0.35095687898782013
-0.3330435907417597
-0.33522115751631254
-0.37359009480236693
-0.3497454949553036
-0.23050732104530414
-0.1798430783451409
-0.2963925222072106
-0.2786917607753263
-0.3952585355840761
-0.007403312293301323
-0.18933433758957596
0.0028892552777042835
0.31777093826877223
0.16271717887980114
0.21150019522281382
0.2685012221336365
0.16097888350486755
0.1933625340461731
0.2977028489112854
0.40272265672683716
0.41649532318115234
0.23015254735946655
0.4023053050041199
0.556929886341095
0.26659709215164185
0.4480432868003845
0.5033835172653198
0.45063668489456177
0.3135647177696228
0.5832059383392334
0.3135789930820465
0.42993903160095215
0.26727956533432007
0.35024791955947876
0.3765629827976227
0.23600947856903076
0.47504138946533203
0.36757299304008484
0.17312178015708923
0.44738900661468506
0.45557472109794617
0.17733936524379768
0.04575619171933243
-0.037749954073709735
-0.12397708187944001
-0.036376741671607926
-0.22714312015132998
-0.3578217057407387
-0.3171452285998049
-0.37309120173848753
-0.4223355148681027
-0.34032911990891057
-0.331215754911081
-0.4640669791613852
-0.4008223093383352
-0.38699361217838724
-0.26867995526809985
-0.2571007672893314
-0.18174010585598355
-0.15404758814717412
0.06868778679407406
-0.04531965583969033
0.07220025398931473
0.233198316846289
0.3945903165921097
0.2496408224105835
0.32472217082977295
0.3059232831001282
0.3600446581840515
0.34631866216659546
0.43059155344963074
0.4053587317466736
0.5321094989776611
0.5763325691223145
0.35724514722824097
0.2964068055152893
0.4841829538345337
0.4340459108352661
0.5683632493019104
0.3868722915649414
0.3881365656852722
0.37859317660331726
0.5352568626403809
0.3864017128944397
0.38814330101013184
0.4773934483528137
0.32611387968063354
0.3106161952018738
0.2580105662345886
0.2783714532852173
0.2393415868282318
0.265532625517675
0.19190378228567928
0.18489406540098713
-0.1510305857842113
-0.14835040162359142
-0.385342158439955
-0.3729489325257639
-0.49275689719970606
-0.4832761839904911
-0.3657615005394754
-0.517847859040341
-0.4643522688338133
-0.2977266416205857
-0.12589410939965395
-0.35193994290179254
-0.3108691400876059
-0.33835965928233913
-0.002870226654365482
-0.1427467126445861
0.05070374768900682
0.05639783632498935
-0.01934555091671364
0.3310071161392705
0.2652058005332947
0.289259672164917
0.2885270118713379
0.40415751934051514
0.3553071916103363
0.5281170010566711
0.5488805174827576
0.41659441590309143
0.3085763454437256
0.4275299608707428
0.39064452052116394
0.4963538944721222
0.5115050673484802
0.2152802050113678
0.45660796761512756
0.4154738783836365
0.3094792366027832
0.4400624632835388
0.3159909248352051
0.4229980409145355
0.5663425922393799
0.21485775709152222
0.2748575806617737
0.3017645478248596
0.3843715190887451
0.3709425926208496
0.3675403594970703
0.2567292739686938
0.05902486335825197
-0.08831331982628432
-0.2178733592595034
-0.07911372678458284
-0.30672931996731
-0.3141537923840937
-0.41962418474976315
-0.535521308752651
-0.3956012876482583
-0.4946034283098628
-0.4520132489808495
-0.4937660376599591
-0.3502376831914472
-0.24015935388257958
-0.21652066758073119
0.07842209564351021
-0.23120395355333728
-0.08704230042306826
0.12149249796376749
0.09543295285884795
0.0067635825448168485
0.38447241014966327
0.29588109254837036
0.40292009711265564
0.17385700345039368
0.40078386664390564
0.0
