0.5
0.5
0.5
0.5
0.5
0.5
0.5
0.5
0.5
0.5
0.5
0.5
0.5
0.5
0.5
0.5
0.5
0.5
0.5
0.5
0.5
0.5
0.5
0.5
0.5
0.5
0.5
0.5
0.5
0.5
0.5
0.5
0.5
0.5
0.5
0.5
0.5
0.5
0.5
0.5
0.5
0.5
0.5
0.5
0.5
0.4662796234554295
0.2967497886045737
0.1806360109632249
0.07640065851836841
-0.021836572433951318
-0.1127168384967927
-0.193650239451721
-0.26213519907784477
-0.29627915646004177
-0.2961113168956163
-0.2759125490691122
-0.24487753323148498
-0.2088383092311007
-0.17141430122101586
-0.13477833702436304
-0.10016572488714492
-0.06821155513715815
-0.039173293650647034
-0.013076888413430243
0.017692708627700837
0.0952842857711429
0.18209898039560246
0.26816465853705596
0.34940992158618395
0.42318976010284126
0.48740436347628663
0.5
0.5
0.5
0.5
0.5
0.5
0.5
0.5
0.5
0.5
0.5
0.5
0.5
0.5
0.5
0.5
0.5
0.5
0.5
0.5
0.5
0.5
0.5
0.5
0.5
0.5
0.3550568655181485
0.2512011106636489
0.16124657073443782
0.0767200760206414
-0.0019830658321728922
-0.07283275555442437
-0.13373000723122008
-0.17953858169451298
-0.19116380969544344
-0.1823299536343146
-0.1619249036728846
-0.13563289193869976
-0.10702468702988455
-0.0782844420498614
-0.05069333612073379
-0.024950547916972043
-0.0013855362281843808
0.03497154751353376
0.12118727730366496
0.21610537927826257
0.30885657383138254
0.3950725258973721
0.47198387660434993
0.5
0.5
0.5
0.5
0.5
0.5
0.5
0.5
0.5
0.5
0.5
0.5
0.5
0.5
0.5
0.5
0.5
0.5
0.5
0.5
0.5
0.5
0.5
0.5
0.5
0.5
0.5
0.3533748544025067
0.246984755530205
0.1556141376778984
0.07005729515934617
-0.009422341510951004
-0.08080738503222318
-0.14199320260005777
-0.18505787758959114
-0.1948451783396561
-0.18478090103520195
-0.16355271131189886
-0.13671053283084889
-0.10773505119713267
-0.0787500077386315
-0.050996075362018445
-0.025145279638630447
-0.001508883004923578
0.041529263946580186
0.12801187846321682
0.22175079726350505
0.3129536244738924
0.3975179308733582
0.47277088357201585
0.5
0.5
0.5
0.5
0.5
0.5
0.5
0.5
0.5
0.5
0.5
0.5
0.5
0.5
0.5
0.5
0.5
0.5
0.5
0.5
0.5
0.5
0.5
0.5
0.5
0.5
0.4983440758222003
0.3415072814021768
0.23919929742190793
0.9739125567889042
0.42783891316373746
0.37580869898816105
0.23718679037163704
0.18562862524639234
0.0542155389660991
0.42909631553973404
0.26149002194744675
-0.0871751009848194
0.1699867531172432
0.4302175315889606
0.4950399293308264
0.661177438970093
0.4168287649343282
0.7027051103383162
0.5897073157660038
0.9272268070292438
0.8494883704017053
1.0424172961932308
1.0283817019119208
1.231880833217727
1.348660558462143
1.267793744802475
1.405036598443985
1.2297396510839462
1.2686284184455872
1.274224042892456
1.1734336614608765
1.2422207295894623
1.3452003300189972
1.4359338581562042
1.4213049113750458
1.1604806035757065
1.4236952364444733
1.4368596374988556
1.379033476114273
1.1382821053266525
1.3513243496418
1.5620741248130798
1.377657026052475
1.2993618249893188
1.2829693257808685
1.2300424426794052
1.1204401105642319
1.470687210559845
1.354615569114685
1.3751538693904877
1.2614634805056215
1.0882578584082696
1.111083525950089
0.7551049942319141
0.731141376423112
0.4555233268120825
0.6744441360041002
0.14522888743169837
0.27335801828252737
-0.03248673533837465
0.18188188286959628
0.26726246647500174
0.25370345736560207
0.24178757108093307
0.7356758730269904
0.4420200314107683
0.564697923898771
0.7810309251545065
0.7169970062659993
0.8066211973634525
0.6951819386022209
1.0128070863899103
1.3265341152164551
1.224908107087161
1.1494225412607193
1.246072143316269
1.321425199508667
1.3452442586421967
1.3471442461013794
1.3941138088703156
1.3628526031970978
1.4362780153751373
1.4667714536190033
1.320219337940216
1.414406031370163
1.405051976442337
1.2676972448825836
1.2468783855438232
1.2949623465538025
1.332554966211319
1.2337552905082703
1.3954244256019592
1.4476563334465027
1.4518097341060638
1.4034479558467865
1.4201661050319672
1.3612378537654877
1.4389118254184723
1.3701097965240479
1.35633984208107
1.1472030668646052
1.1833649285571617
1.005552422775653
0.8438139731371825
0.7841675387617463
0.6807811763825152
0.5340246055978891
0.5836604798075594
0.6398905245289493
0.5625669041726604
0.5783185664575501
0.5544058047807571
0.5164064230294839
0.508774847552614
0.4123976100090334
0.6212887573921249
0.7132683923178255
0.7939155464201422
0.8531017363417728
0.9843336354030257
1.0310173199805193
0.9793335190664869
1.2331725209248217
1.234320263766114
1.3575934171676636
1.3051990866661072
1.2699768543243408
1.3697210252285004
1.4239811599254608
1.3098206520080566
1.33311527967453
1.3490824699401855
1.2768752872943878
1.2626468539237976
1.1451778709888458
1.422465592622757
1.4792311191558838
1.2514993250370026
1.3681754767894745
1.4454141557216644
1.2726002037525177
1.4302076399326324
1.4919841587543488
1.3498096466064453
1.4262947142124176
1.2853553295135498
1.408601552248001
1.2833375930786133
1.1687025725841522
1.3052180409431458
1.3083775346082769
1.0996573195190251
0.8876151303208846
0.9180870005505339
0.9224488776529998
0.7346051014263253
0.716402735122452
0.6940578252306991
0.4702178001380345
0.301689849264269
0.3837751125053661
0.18882170065982695
0.672423402406664
0.5227707916213084
0.4796621814124151
0.5142473985443428
0.48584164646599104
0.9030411435947894
0.8979852581290602
0.9693839407369144
1.1188367987163426
1.1930878042659518
1.3723882863341796
1.2055479594605258
1.4014716744422913
1.3359659314155579
1.4047043323516846
1.255929410457611
1.4676789939403534
1.4871040284633636
1.3482316434383392
1.3794462382793427
1.3085944652557373
1.438417136669159
1.3878376483917236
1.274884194135666
1.3585543036460876
1.4578848481178284
1.3915363252162933
1.5102822184562683
1.5425734519958496
1.4101064503192902
1.352287232875824
1.4457007050514221
1.3900298476219177
1.5020709335803986
1.388758897781372
1.3924328684806824
1.3913100957870483
1.4145961701869965
1.1181406253084645
1.1169427060831663
1.0294562450497338
1.043645895223842
0.9676864081320995
0.609580636101343
0.8407290712569879
0.6078441347672773
0.6423156723052897
0.6397069782805156
0.4163162538064161
0.6312870117976508
0.5645007705430517
0.8494427703383052
0.7642471801741875
0.6665979629273157
0.8760299053849827
0.8495030790260351
0.9797499988698797
1.012592019751621
1.1084419150021723
1.2393919692800366
1.2977065259318166
1.2145972549915314
1.404439777135849
1.4139638245105743
1.359737902879715
1.4515783786773682
1.3916328251361847
1.4453422725200653
1.35603928565979
1.4599507749080658
1.455231636762619
1.2304777204990387
1.4667921364307404
1.4194262027740479
1.5149895250797272
1.3970108330249786
1.4415335357189178
1.3625380098819733
1.4486750662326813
1.335619956254959
1.3847663402557373
1.473961055278778
1.4718726575374603
1.4440705478191376
1.4622730016708374
1.3481826484203339
1.4208264648914337
1.427541971206665
1.2460184830098902
1.2380569918702604
1.0741295775803046
0.9461718103366604
0.8459421718930085
0.800550432334538
0.6962459144558991
0.6681329429713634
0.7024322463300068
0.6574118324174959
0.6392922767212502
0.725408367136252
0.7769805208196855
0.6067630334612414
0.8168024221584689
0.6592611265256616
0.938163885912112
0.8272352758469981
0.8386510218203542
1.1156720177048212
1.19128590080498
1.253766538119032
1.2396639247640782
1.5279760360717773
1.3580996692180634
1.485979437828064
1.3350175321102142
1.3536576926708221
1.470595121383667
1.4598460495471954
1.3657439947128296
1.2876125276088715
1.350281149148941
1.3647078573703766
1.3302610218524933
1.415775865316391
1.3738179206848145
1.222512423992157
1.4256160855293274
1.4574855268001556
1.4526147544384003
1.1847489774227142
1.486103594303131
1.4324711859226227
1.2866589426994324
1.447810560464859
1.3889834582805634
1.4435109496116638
1.36786550283432
1.4546694159507751
1.156587156249357
1.1854345245835913
1.0271888904390747
1.0431485831932108
0.9569346885925443
0.7488502367950444
0.6844683791974792
0.627756097113778
0.6020507697691634
0.5341863498772635
0.6038694767305579
0.5937744179553975
0.5533047731996891
0.7610453278802781
0.9172804686394099
0.7633100768803288
0.7912235586452973
0.9181488471358288
0.9669754076106
1.0732651816358496
1.2102554496557103
1.3075557347193425
1.416223158224167
1.3310539722442627
1.2823618054389954
1.4623914062976837
1.5109893083572388
1.4412284195423126
1.3906960785388947
1.309497445821762
1.4579818844795227
1.4739994704723358
1.5135233998298645
1.3602555990219116
1.4128539562225342
1.4953479170799255
1.4089834690093994
1.3242436349391937
1.3240439593791962
1.425345003604889
1.3479008376598358
1.4231822788715363
1.4849907755851746
1.3562926054000854
1.4428592324256897
1.2855996191501617
1.3674859702587128
1.460746020078659
1.438367784023285
1.524242341518402
1.1996692945890777
1.076109949274891
1.0062362274770424
0.9595177214562635
0.8891585323989996
0.7193394926728511
0.6542951155268472
0.5641564946338967
0.6613864074290209
0.6232169647560459
0.6797281648839325
0.6868522166462949
0.5562499925683457
0.7849349061181506
0.8611284362930259
0.8425296285600903
0.8240510083089903
0.9054821541099368
0.9122576557324039
1.1768484472177492
1.1352450580802111
1.1643017063816279
1.4690943801592424
1.351351410150528
1.3632607161998749
1.392601877450943
1.2077132165431976
1.484960913658142
1.2897148728370667
1.389049470424652
1.2467861473560333
1.4543813467025757
1.4840269088745117
1.3534812033176422
1.2920719981193542
1.3710984289646149
1.196687012910843
1.3281038403511047
0.7771509438753128
0.6580345928668976
0.45308200269937515
0.6294511705636978
0.5839239433407784
0.6660894528031349
0.6734873009845614
0.46258751302957535
0.5967990159988403
0.6169453547336161
0.6411705538630486
0.27385425567626953
0.7559892681882954
0.19157695859251922
0.22667859602637952
0.05948687497221966
-0.2526219259390513
-0.3724026616707562
-0.03644977403515903
-0.10524607953214549
-0.4308228485525416
-0.5469792695179503
-0.3846530074275485
-0.3802769897723437
-0.24902366030813283
-0.11808627692878271
-0.11651058543369364
-0.23645037592385965
-0.03136525225313491
0.05528652293366776
-0.2027211269824133
0.07910603046965059
1.1132964108719476
1.2310359014276195
1.3610180773668947
1.486606240272522
1.3238270282745361
1.4559386372566223
0.7824565842747688
0.5413874387741089
0.4703767001628876
0.6291626989841461
0.7414233349263668
0.42120102047920227
0.4409571401774883
0.3752204328775406
0.6738053821027279
0.5799102336168289
0.7674791812896729
0.37307678163051605
0.558348760008812
0.3560638576745987
0.6577054839581251
0.5322816595435143
0.719211507588625
0.5966234058141708
0.7563799060881138
0.5102764815092087
1.2905221283435822
1.3495463132858276
1.2957547008991241
1.4131779091660879
1.2199214287695124
1.1544406015076643
0.917537078639886
0.915436185861892
0.835917131809874
0.6941827291260165
0.5694470742649198
0.5631289746836848
0.48477115466728493
0.6844347525908827
0.5686836428653463
0.6905761646050992
0.6228859932851764
0.8160855786773804
0.791329784586041
0.8209961250951636
0.7523777661757716
0.7887576575049298
1.1097984030838133
1.085677628504058
0.48139492421509344
0.4512723553429091
0.4793040109140201
0.5933150500059128
0.6462856903672218
0.48938965797424316
0.6399814039468765
0.5241022184491158
0.5332310348749161
0.5451362878084183
0.8010545074939728
0.6735107637941837
0.612924724817276
0.5657149907201529
0.7766618058085442
0.5447608008980751
0.676873117685318
0.33670569956302643
0.7174189332872629
0.6648000925779343
0.6406521312892437
0.8456924110651016
0.5817780932411551
0.40179990231990814
0.4515933394432068
0.381172776222229
0.42259301245212555
1.3241625130176544
1.4262715876102448
1.3850530316853857
1.1680450440330097
1.0300205837129455
0.9943984913665103
0.8873092903258124
0.8357173372285237
0.8838298639252837
0.6562885109289686
0.6789165087251637
0.6309992974081177
0.559397059882263
0.5334463278956599
0.650257443185711
0.745771113700372
0.758220068314382
0.6913888720587779
0.8264289943682385
0.9319739721425375
0.7955621826191825
0.060166573734816486
0.08199469527457098
0.40192151425390676
0.3665859060532035
0.33170973447109386
0.573763519525528
0.4778376817703247
0.5044622048735619
0.5556346401572227
0.5382465571165085
0.5712811127305031
0.8737287148833275
0.3877832219004631
0.6116957440972328
0.44101275503635406
0.6315293647348881
0.737403204664588
0.5817305743694305
0.6934619024395943
0.7878954857587814
0.6396477967500687
0.39925020933151245
0.5324868410825729
0.6252691596746445
0.6611139811575413
0.6818474680185318
0.6510934457182884
0.6045758277177811
0.6079775393009186
0.42604273557662964
0.6914002299308777
0.3019669874701729
0.34215470325344743
-0.003184410034040852
-0.007578591231902854
-0.15920206064332237
0.07948480502396593
-0.37869654060497815
-0.3145828949061388
-0.5761981191737772
-0.484824171447396
-0.4493083578629521
-0.5623263994908424
-0.5796730515923485
-0.20009977095487008
-0.2747018377057029
-0.30006393040722334
-0.30105051444228836
-0.3238027101667832
-0.1701859102434633
-0.1775715197771236
0.14633001444403515
1.1663175791831673
1.241891537743017
1.3683348057460432
1.3632100224494934
1.356382817029953
1.452855408191681
0.8496097438037395
0.6298320963978767
0.48932141065597534
0.9807449877262115
0.5482469201087952
0.8252626806497574
0.672272264957428
0.6767683029174805
0.5723566226661205
0.7800638973712921
0.6046310216188431
0.5563870817422867
0.24746505916118622
0.3827849328517914
0.6864297930151224
0.6004817567300051
0.6431463286280632
0.7698598951101303
0.7676543183624744
0.4543669670820236
0.351047158241272
0.5912687554955482
0.6964697763323784
0.44265538546919814
0.19563658734456557
0.2482712303925494
-0.16549118420035608
-0.0749629334096385
-0.1307568170225225
-0.2410566189114015
-0.3907066741889236
-0.3672531115020241
-0.6135840749485009
-0.4077699382906713
-0.5596622185571216
-0.35781136930606117
-0.49467145758355147
-0.39788137919194044
-0.035646579124003486
-0.10267953788104878
-0.14842579943199563
-0.0781913207311527
0.07894232108706795
0.4035790215802193
1.0886095070913713
1.1509452810504661
1.296151041984558
1.3302569091320038
0.7979369889944792
0.6604292243719101
0.24629007279872894
0.3561517745256424
0.5495500639081001
0.49257412552833557
0.46151261031627655
0.5590016841888428
0.3725415803492069
0.6303393393754959
0.452027827501297
0.5957943946123123
0.46094247698783875
0.6587704010307789
0.36411386728286743
0.5280606895685196
0.7351024392992258
0.681745670735836
0.6710336720570922
0.6879348382353783
0.7950577363371849
0.6658262759447098
0.4136403538286686
1.4044342041015625
1.373728483915329
1.2299481929504437
1.0615247392171043
1.0958374652424419
0.8709361315180987
0.8362339997421183
0.9172085868194206
0.7140461041740708
0.4886123259488018
0.5026137969009079
0.4642687011679645
0.6619027289980252
0.8379934044137004
0.6645251490864454
0.6551166242141755
0.7273523671828543
0.8262846584641106
0.7463277050567122
0.84292902164889
0.18709294869056198
0.13075514393369497
0.25789549747025564
0.20962279889250535
0.2841279431428869
0.6740830847993493
0.348018541932106
0.3908166140317917
0.8120112866163254
0.5460259169340134
0.5804056972265244
0.5834521353244781
0.6337498854845762
0.8157469183206558
0.6177427023649216
0.49280303716659546
0.6142173856496811
0.47318291291594505
0.5163843110203743
0.6157244481146336
0.30516789853572845
0.5342462435364723
0.49618444591760635
0.6944263409823179
0.7390612754970789
0.7687850361689925
0.6992584206163883
0.5329274898394942
0.491325618699193
0.7184068458154798
0.5720937848091125
0.48641346395015717
0.359890060649383
0.25461132339805426
0.12404450279830043
0.11857246650570497
0.6971003172473973
0.7638544986665015
0.6617196178743341
-0.19364848596194117
-0.48104705096221423
-0.6404562976606447
-0.33104019100530835
-0.5076343320557366
0.35144249108474535
0.6287665291465604
0.5754946822600234
0.7020888527665533
0.8199823671067186
0.8926296358872339
0.9844569580177097
0.9278292014118251
0.19493482302579807
0.3518724488212601
0.5191168091309772
0.6993289957754314
0.6319595575332642
0.4689147025346756
0.7258899286389351
0.7745330110192299
0.7681623920798302
0.6417036866769195
0.2420472800731659
0.4788587838411331
0.9203275591135025
0.6761707589030266
0.5314214676618576
0.7134656943380833
0.69946144730784
0.32707276940345764
0.4517393410205841
0.8099164697341621
0.6903248000890017
0.719428263604641
0.6029277052730322
0.7494089715182781
0.8066228870302439
0.4938608855009079
0.7696562018827535
0.5376549437642097
0.6907027252018452
0.5790343284606934
1.0570189176558675
1.1585023910137129
0.9963533368631482
0.8140125216833132
0.9409376984085551
0.6531410255420967
0.5658708863218935
0.606024181344961
0.6590600192570351
0.5991241735858875
0.6200444367680452
0.5819444282361859
0.650169315513394
0.8855933140975232
0.8652199206582889
0.8319245954992046
0.245272611592382
0.12256511827664818
-0.06364787003583439
0.17022586507098209
0.32060304125605316
0.3067958901994512
0.47232956885420746
0.7927899360656738
0.6013344107195735
0.4011685997247696
0.5355915278196335
0.4962511211633682
0.49077577143907547
0.777647228911519
0.5743579939007759
0.6646527424454689
0.5967962741851807
0.47996263206005096
0.43663063645362854
0.4768446609377861
0.7054354622960091
0.4826647639274597
0.6004189634695649
0.688518044349621
0.49691668152809143
0.9019359294325113
0.5462411046028137
0.7358739450573921
0.4481426775455475
0.7773014307022095
0.4729289263486862
0.5325748175382614
0.5516479253710713
0.4797558933496475
1.137094558071896
1.0882220078207654
0.9627984163054781
0.9627548074564165
0.8987036547012944
0.8822076573873078
0.6388660890970269
0.7356417584192724
0.525539553433077
0.5930147703263934
0.6744869763128546
0.7228885173825949
0.6968660451483709
0.7887425427478361
0.6517450387275062
-0.08140481527851928
-0.20939886449266787
-0.23414993255099714
0.01458526816128125
0.03938035922643601
0.264319416104718
0.30969422003123204
0.3897180803726395
0.6489628460258245
0.5161367543041706
0.48315660655498505
0.4931030226871371
0.6093553267419338
0.6662805825471878
0.4635992646217346
0.2545163854956627
0.5249659670516849
0.8437138199806213
0.6397401317954063
0.7293458208441734
0.5664777606725693
0.8586762994527817
0.4070640206336975
0.34053368866443634
0.5021322453394532
0.6229623779654503
0.3626771569252014
0.6230973899364471
0.5474264025688171
0.5412048660218716
0.45243053138256073
0.7160717844963074
0.3918948918581009
0.5657741650938988
0.3909653364324316
0.15138322213564326
0.24832906252986642
-0.0812937165741267
0.0624410405312828
-0.39713921407720343
-0.3531122862567445
-0.20531281731038842
-0.5131474821573231
-0.6546132324885406
-0.39276438612862896
-0.2385365383693664
-0.25849486209233796
-0.486054454926508
-0.49762391632643244
0.49883561343635363
0.8945388438509978
0.8140819745637798
0.7959340377637505
0.8351516758411837
0.9945522935476522
1.2775609718354608
0.4482245497003028
0.6298976705087965
0.8971625342965126
0.7780691273510456
0.6682880222797394
0.4312495291233063
0.570854440331459
0.6490921303629875
0.5440454035997391
0.42705197632312775
0.6373520344495773
0.5970704108476639
0.7864135750569403
0.6309317201375961
0.7196274478919804
0.4833366423845291
0.32423684000968933
0.552420437335968
0.8526925146579742
0.935590423643589
0.818773333914578
0.6945990230888128
0.41707055270671844
0.30295439064502716
0.47416841238737106
0.4409215450286865
0.8870304822921753
1.2871403098106384
1.323596191383586
1.066868064831579
0.9817739895601387
0.9767787545128638
0.7637707077552913
0.9671964373949441
0.6328241890682484
0.48542626955869406
0.6864073271723513
0.5659341740932652
0.5833201696104783
0.5903414773095635
0.48035061887206154
0.5330737557685639
0.7717654153673856
0.8599938132577433
0.7010460909840983
0.7567322298070527
0.1477046897912102
0.03615356095643579
0.11130192728659777
0.22851869733554053
0.3119842842842615
0.35043442863485896
0.49128326028585434
0.34489312767982483
0.6392510756850243
0.5707181021571159
0.4321971833705902
0.6035107374191284
0.2559409886598587
0.5478711500763893
0.48893168568611145
0.623041182756424
0.6075147911906242
0.4844309762120247
0.583647457882762
0.5291671827435493
0.33568277955055237
0.7706473097205162
0.6807808950543404
0.8563234619796276
0.6529092872515321
0.6667953915894032
0.6631952412426472
0.4176616705954075
0.8304899856448174
0.3526897132396698
1.322630524635315
1.3936091661453247
1.2280103193475715
1.1180271240873494
1.1144017138873512
1.0625518156751004
0.7498220262928318
0.791448789952291
0.8056135501293813
0.37648663198465926
0.600659717391439
0.6274994660032485
0.6814877247481148
0.5547194057332863
0.7022059502191564
0.6363554808362896
0.6308065505876866
0.7403702853653935
0.7979801398893804
0.6342586659052699
-0.05831459899593194
-0.2994572971306941
0.128700858081308
0.4383728558600819
0.12832951220533706
0.4817072765721815
0.8024262487888336
0.7275102268904448
0.7263030186295509
0.87138332426548
0.517106369137764
0.47830618917942047
0.5118474252521992
0.5601795092225075
0.7328608930110931
0.7267365232110023
0.7648539822548628
0.632433757185936
0.802900311537087
0.5418566130101681
0.6469430448487401
0.796517126262188
0.7418179307132959
0.6005780957639217
0.3094123601913452
0.4881005082279444
0.6898225219920278
0.6324598044157028
0.7707587778568268
0.5672362372279167
0.445010170340538
0.28879880905151367
0.6081431330761539
0.3556958334818674
0.0689708458716925
-0.22929256677487786
-0.19228433633366138
-0.06001693850711809
-0.34931954702712054
-0.21263432852037945
-0.23976975608983708
-0.03594178741782583
-0.5912477456677043
-0.3449281125763365
-0.48884307741620003
-0.15070170841366126
-0.23091449631946648
-0.10761962722152629
-0.041295312238397774
-0.1958454858825226
-0.22265017193193876
0.04913958148621833
0.20697042354371586
0.34928507682744836
0.4423261636659497
0.46202677488327026
0.6038163118064404
0.464108482003212
0.38061409443616867
0.8448218926787376
0.30254821479320526
0.5851504765450954
0.6062470972537994
0.3655490428209305
0.7267830241471529
0.6190253868699074
0.535620104521513
0.5711513608694077
0.3837795928120613
0.4444659948348999
0.8080497654154897
0.7927243150770664
0.6022497788071632
1.289100855588913
1.318436086177826
1.2607727944850922
1.4038872122764587
1.4377810657024384
1.393224686384201
1.377207636833191
1.4544818699359894
1.2796581983566284
1.2929336484839462
1.2194598466426199
1.1219955345350137
0.8925666641464376
0.9009233033808701
0.7530551328484624
0.6483955441167384
0.7410739504429142
0.6511124105888402
0.68191967320989
0.5215632605014212
0.5268142797008754
0.6207901056067262
0.6181126034659432
0.6410008626820334
0.7615153041375463
0.9232161526310444
0.8264305942614514
0.9370306331180067
1.065655414901239
0.9455237339377374
1.3271821299518627
1.409650786531099
0.5184228718280792
0.7467569634318352
0.5897760987281799
0.5901859030127525
0.7541558966040611
0.7103507965803146
0.7825867161154747
0.6114252558909357
0.4987482810392976
0.6346425823867321
0.47018302232027054
0.5272944867610931
0.6367213279008865
0.7876230031251907
1.023734524846077
0.48592863976955414
0.6866056025028229
0.17541947960853577
0.5461528897285461
0.49097752571105957
0.8040352463722229
0.3906831741333008
0.42639587074518204
0.7576589556410909
0.6323753893375397
1.4644445180892944
1.4369450807571411
1.3491983073625993
1.1192518280818753
1.1287623714096184
0.875698151189328
0.9465293964155849
0.7497984177603314
0.7346064498079585
0.5197871199826509
0.5685098954469462
0.4340435123752977
0.7368769982819358
0.559178790834357
0.5501569453014036
0.7586253954500142
0.7769627945249072
0.7337787251117547
0.7283845691826774
0.9244098095505517
0.17440458281123827
0.1050062391963314
0.3364880869927199
0.16836914926988478
0.5999870596263231
0.7026795111596584
0.5163277164101601
0.6701307892799377
0.6905022086575627
0.4590691924095154
0.5892932564020157
0.3483250290155411
0.9086477011442184
0.7119622966274619
0.6589016993530095
0.7687274813652039
0.5882646534591913
0.2348545491695404
0.7544055134057999
0.3953886702656746
0.36951160430908203
0.33694975078105927
0.5566240325570107
0.46529263257980347
0.5771378129720688
0.5928365848958492
0.6063941344618797
0.3261236250400543
0.5044843181967735
0.5335452258586884
0.6983114201575518
0.5812422037124634
0.5231978930390763
0.32223582902356074
0.3340389792720838
-0.07277655743383266
-0.18528344691451648
-0.5573749834520854
-0.1543647197635324
-0.5057418387157534
-0.5087424939436754
-0.38793329592021086
-0.14026154342822572
-0.3447453888562222
-0.5386761558816247
-0.6221459150879112
-0.41339048258277655
-0.49975680210014906
-0.1588835721386037
-0.1075602019226577
-0.07073884729948832
0.17862818497201272
0.24732107196265546
0.2950310639039095
1.230138822521594
1.4533654749393463
1.4465755820274353
1.3800598680973053
1.3849701583385468
0.8007903024554253
0.42842765152454376
0.5731614306569099
0.34672048687934875
0.611578032374382
0.7300165891647339
0.3134026527404785
0.8560686111450195
0.5367051213979721
0.7567968964576721
0.4822613298892975
0.5051333606243134
0.6241597458720207
0.6573671996593475
0.699158538132906
0.7217768616974354
0.7516701966524124
0.6203111559152603
0.5786971286870539
0.7196871358901262
0.42293992824852467
1.2098234593868256
1.4099489748477936
1.190900727477116
1.1546096473030474
1.0885302607296894
0.7991822557164849
0.7860033266973561
0.7946533114312132
0.5631954192015163
0.6062999683168986
0.7148623837325161
0.7451238886516804
0.6169837726215965
0.4991104220058141
0.6500936131264393
0.45818649085043817
0.8240113996820426
0.8207356744709142
0.8107821301632264
-0.10279054943030164
0.2318088714544086
0.25090732417326755
0.5084984911906818
0.6235165777237008
0.7243040986354828
0.5765315517783165
0.6471083611249924
0.4813707023859024
0.6426345738582313
0.5185879841446877
0.5947326570749283
0.6734969019889832
0.643702014349401
0.5949902608990669
0.6300010830163956
0.6577127873897552
0.7133072018623352
0.3392988592386246
0.7591572850942612
0.4836157113313675
0.4648239463567734
0.79660914093256
0.6727619245648384
0.6810183878988028
0.591764435172081
0.5988557785749435
0.8376380130648613
0.6401858571916819
1.4203531742095947
1.4059264957904816
1.3217385709285736
1.398918493445275
1.2029455473497284
1.0671117115308018
1.0520852335740905
0.9392416989695492
0.7887475022053825
0.8542330015917876
0.564235459844647
0.476313230689141
0.4743221878696916
0.5906639678114659
0.6167376842779765
0.7057653308979775
0.7332457885890891
0.8124147321511717
0.7610880327999373
0.8002107317479378
0.9053795865761654
0.9848891896263293
0.9539483660830455
0.985092826946286
1.1848496190473925
1.3215002538660423
1.4344729300596424
0.6246409937739372
0.8363077491521835
0.6771347709000111
0.6652116999030113
0.6301468126475811
0.4649876654148102
0.34996455907821655
0.4694804474711418
0.4130064696073532
0.5111673474311829
0.7629953473806381
0.4463401138782501
0.7709262147545815
0.49904927611351013
0.4293486624956131
0.8041548505425453
0.8235914260149002
0.49385733902454376
0.5846136063337326
0.7629980593919754
0.6813108399510384
0.7373103015124798
0.6095132157206535
0.7253807038068771
1.3067536056041718
1.486359417438507
1.2776255022673546
1.040875555179511
1.1420711636924734
0.8874415469507023
0.9457488611361156
0.8313884456170744
0.5787655873744413
0.5499506736310976
0.6241945511337772
0.6547467701372873
0.4337830013556939
0.6150990646736337
0.668357256618813
0.7468083510023719
0.8037840200523053
0.8461405058406993
0.8122509644212771
0.9934581460336191
0.89384849468503
0.9670400537773165
1.0784357102645359
0.586415090264685
0.5667229542704162
0.5080354949996162
0.6019180994480848
0.4166055768728256
0.24086324125528336
0.4149079769849777
0.4244721531867981
0.2530638575553894
0.5909696631133556
0.7126943652983755
0.7348841549828649
0.5406425865367055
0.5587894022464752
0.5303311431780457
0.6877423822879791
0.7344514448195696
0.7375673744827509
0.7917947117239237
0.6125319004058838
0.5412029698491096
0.8352106735110283
0.5121625661849976
0.6206872425973415
0.8362880721688271
0.7574268467724323
0.20887675881385803
0.7536493092775345
0.5669528171420097
0.47608026526366565
1.0649173540694898
1.0503310106954098
1.0903538407341669
0.774238574757031
0.813283886894528
0.7054693155459589
0.5554854429362238
0.568753800734921
0.5036758058938413
0.6511063541580213
0.5632968268838441
0.5877497544433679
0.7143292689236844
0.6722105343479711
0.5329497176013819
0.7503839311199741
-0.022591952550374328
-0.24403505510731138
-0.005216699103022304
0.27523321414193064
0.30745694377068056
0.46217625704058984
0.5087491234020449
0.3970727473497391
0.53249142318964
0.8143368661403656
0.8972827792167664
0.4083749055862427
0.6258416697382927
0.8440890349447727
0.643465980887413
0.6803675107657909
0.6273331642150879
0.7256921604275703
0.31655600666999817
0.9037496000528336
0.7769867479801178
0.7706477334722877
0.495223730802536
0.7834193082526326
0.6682881526648998
0.42935091257095337
0.6229175478219986
0.4802236706018448
0.8750407248735428
0.3536832332611084
0.696255262941122
0.7654380649328232
0.5108188465237617
0.48724859058985903
0.23876865760931087
0.10808601266688234
0.014722222020169484
-0.17554710737077683
0.08047285794027181
-0.4804026201471123
-0.155349433379261
-0.22797526243863264
-0.6410875098964134
-0.24935524221275285
-0.29052079820138854
-0.3132055942351938
-0.34487360642049236
-0.22649407255568776
-0.35341834718995924
-0.2878025033399447
0.6245703793403724
0.9561147097341536
1.015148762629391
0.9820290069283951
1.3427678543168797
1.1755255113511487
1.4185009896755219
1.2803743183612823
0.8473562113940716
0.3633207231760025
0.8036403432488441
0.49086999893188477
0.6184050738811493
0.44634203240275383
0.34547141194343567
0.5176208317279816
0.5379379540681839
0.3960533142089844
0.5823437497019768
0.3407061919569969
0.5185686536133289
0.7015619687736034
0.6690745465457439
0.6455274596810341
0.6975850611925125
0.572140708565712
0.5561912804841995
0.5846594497561455
0.2220572531223297
0.4320768192410469
0.7217039559036493
0.5893554762005806
0.6631515435874462
1.094134816345766
1.2215541330425082
1.014909075533863
0.9981262604493701
0.8554334676019826
0.7681774909758526
0.7398144376229068
0.6285758807090566
0.6614817014292435
0.48747630509378037
0.6484144066851438
0.3862368356328614
0.6374589425926664
0.740282329158219
0.7505544803287907
0.7158585130193568
-0.0037611884725398115
-0.18702332889205525
-0.16276760265071505
0.06217058371406392
0.32965699057784215
0.460743610737489
0.5011303928352442
0.9128415584564209
0.7435397319495678
0.6719683781266212
0.6767185181379318
0.5137241184711456
0.47002569772303104
0.612171545624733
0.684006966650486
0.7622686289250851
0.5133589506149292
0.5357472747564316
0.8172835558652878
0.5634405016899109
0.5029556765221059
0.7905412912368774
0.5071745999157429
0.551245391368866
0.6090403003618121
0.5960227139294147
0.6021079756319523
0.5806498117744923
0.5941234454512596
0.6051068902015686
0.5905191376805305
0.5839081555604935
0.4166622869670391
0.4731878489255905
1.1368720113803341
1.2064813979996836
1.0466397399998106
0.8122451275252437
0.8374299757278336
0.7539874102777244
0.6923845836314797
0.5137061042192098
0.6173186402451786
0.6025374190300372
0.5634543233477711
0.5965086946584772
0.6402027848664394
0.5713102958746874
0.7960428000975066
-0.11770049026016016
0.021106893027811102
-0.14765143441559836
0.051560588371063254
0.009797883041267497
-0.15075565876152458
0.5369499612767308
0.727892570934171
0.588090717792511
0.5442609339952469
0.6377155780792236
0.38464925065636635
0.6526041086763144
0.5815276689827442
0.6808776203542948
0.5535755529999733
0.7137318816967309
0.23157314956188202
0.3902209550142288
0.46198052912950516
0.7184134870767593
0.6674922704696655
0.3715713769197464
0.5591893345117569
0.5031894668936729
0.5543324053287506
0.5412706136703491
0.5004804134368896
0.7185219749808311
0.7705949619412422
0.5026469528675079
0.2870900332927704
0.6654064012691379
0.7938421033322811
0.42005743086338043
0.3782341046513882
0.5317033621629716
0.38460722044624973
-0.2170578608648538
-0.03793024088919278
-0.488164237186126
-0.38363602537217667
-0.3761602242150184
-0.2531578166746513
-0.5919294256730754
-0.45915130468433163
-0.3915776740001491
0.35318757938168543
0.561390534161644
-0.13547485261543835
-0.36349129737146024
0.5137565789202784
0.783987463321657
0.8892725061977133
1.1015529953709458
1.1551957013012006
1.259900655390692
1.050909339113463
0.5064324885606766
0.7907169535756111
0.5999994426965714
0.5635647177696228
0.5084331184625626
0.6056999671272933
0.6955635286867619
0.5665531642735004
0.367550328373909
0.6807978597935289
0.669964611530304
0.37542952597141266
0.5142280422151089
0.39754313603043556
0.6419054828584194
0.6212607603520155
0.9071920216083527
0.8521625846624374
0.6612297222018242
0.509123906493187
0.5211215429008007
0.39481206238269806
0.7166314125061035
0.6007081083953381
0.8103088289499283
0.32173746824264526
0.31490185856819153
0.5088949189292823
0.21705636332544798
-0.048917439978203026
0.741187624127358
0.7827220693485557
0.67384419281643
0.5798797917256389
0.5865057429313448
0.5093790764559553
0.660482180961119
0.3898747856957129
0.5028861106411807
-0.2912798560452592
-0.3244843567643597
-0.37510952266628084
-0.11804184199801548
-0.26464242627722856
-0.17976623836026884
-0.07762672541605126
0.1902436511136964
0.21894490951277762
0.36986909106858834
0.6562027087380324
0.5109687596559525
0.5988656710833311
0.5607647448778152
0.6041425049479585
0.4086475223302841
0.4679982587695122
0.6188763473182917
0.622267909348011
0.6028753891587257
0.5591949336230755
0.45976365357637405
0.7660171538591385
0.8034271895885468
0.32177966833114624
0.5876732394099236
0.8361426740884781
0.6899453401565552
0.7189419567584991
0.5824349001049995
0.8736061761155725
0.17815400660037994
0.7308148015290499
0.9542650356888771
0.347507506608963
0.3827195465564728
1.309112787246704
1.3749682041210143
1.2244620911825241
1.0759746004094688
0.9713893748000125
1.0034647346024403
0.9261770772949507
0.6955490565070506
0.5320080120823019
0.41029537929222704
0.6324024750965587
0.5901559071348208
0.5328654815868265
0.7350051355706729
0.7823875284675139
0.5073609370929355
0.8054929705828616
0.8172506613841569
0.01643215153340183
-0.13409154636492804
-0.016716453833711287
0.3437487131218288
0.04550409628808033
0.49609585958428837
0.5735593528595755
0.3569474592804909
0.8831534832715988
0.4876040667295456
0.7048622220754623
0.7145114243030548
0.8233576864004135
0.2862054854631424
0.35461315512657166
0.48494574427604675
0.7480929642915726
0.7089961282908916
0.6417436674237251
0.614967092871666
0.43456315994262695
0.6781529635190964
0.6597726941108704
0.6632749028503895
0.5778013281524181
0.6016258001327515
1.0186164677143097
0.717758409678936
0.678321361541748
0.551766574382782
0.5289823114871979
0.4967598021030426
1.3155677020549774
1.346107516617533
1.155310908473114
1.1004982506457663
0.94151883965614
0.8780474682305697
0.6690414779480641
0.7724476704711163
0.5576626607924456
0.5582161341430718
0.6179683435319013
0.6589216436318547
0.47376023991758986
0.6052586949386529
0.5499252090849249
0.6161736116253523
0.7921694891496901
0.7575435008907337
0.20837091057162782
-0.010348596294659118
-0.18442023375985606
0.2955105210326856
0.4016288399665438
0.5318852756301077
0.37296667635733693
0.2877292186021805
0.5204622857272625
0.5758801624178886
0.5379133820533752
0.48538728058338165
0.36703144758939743
0.27867115288972855
0.6579386480152607
0.6095791589468718
0.5443805642426014
0.5353598296642303
0.6688634119927883
0.3671608567237854
0.41212964057922363
0.5477428045123816
0.47654276341199875
0.6165700368583202
0.6605763286352158
0.7118156962096691
0.4582214802503586
0.7974248379468918
0.5943555980920792
0.7328735515475273
0.7495942618697882
0.42975524812936783
0.6488848803564906
0.655255920672199
0.44080949105262324
-0.2126923006245532
-0.1651080578558033
-0.07558216779563659
-0.29649213166743493
-0.2613336374099954
-0.32115368822982504
-0.5578683060398338
-0.4090466504397956
-0.3421514847738387
-0.21635167086923723
-0.42572357338024347
-0.3520457369392924
-0.36630869039310365
-0.3385193070221625
-0.36316790663588994
-0.33893254323313504
-0.3782919775454747
0.14647608179488264
0.10865317041629102
0.4000247312229348
0.4646618485636827
0.5082931048365118
1.3054639399051666
1.3617051243782043
1.3494134843349457
1.4000152051448822
1.444987714290619
1.4453452825546265
1.3834258019924164
1.4035093784332275
1.4686422646045685
1.4649930000305176
1.4083007872104645
1.2655911147594452
1.355578988790512
1.258620172739029
0.7595376223325729
0.6562487557530403
0.21064625680446625
0.5564846768975258
0.5737322121858597
1.4597772061824799
1.4097700119018555
1.3370643854141235
1.391864150762558
1.2616915106773376
1.3960178196430206
1.4443182349205017
1.249875911528676
1.117332975923834
1.1203484571981996
0.8449618037735829
0.83940806530253
0.8841899159874098
0.7358427668717372
