0.0
-0.023999999999999966
0.0
-9.301333333328055e-05
0.1484950510933334
0.14313471896993218
0.06401224828634944
0.21051882686646922
0.11762758386837341
0.2940553536816154
0.19990304908594886
0.4897043601071904
0.38653503575380865
0.6264002736356858
0.6635881120581409
0.7584921999946899
0.7886012715787492
0.7930420504056952
0.7756656710899889
0.7462894636031102
0.7111587413170403
0.6741662932057817
0.63766494166536
0.603007781521365
0.5709063346523604
0.5416670860690276
0.5153469025574161
0.4918544475441853
0.4710157307212399
0.452615915585867
0.43642547781514546
0.42221610843693125
0.3901035408301318
0.32751165989337566
0.2283580634204992
0.11196611469703927
0.0
-0.03570443594016193
-0.2773767627166849
-0.44432083300811775
-0.5816788358516183
-0.7053857586945418
-0.8156347893673985
-0.9023009544160531
-0.9282824874160491
-0.9177156498916287
-0.8862554157153243
-0.8439357412191754
-0.7970797930214062
-0.7495738481049958
-0.7037152254213324
-0.6607752734894293
-0.6213719298923156
-0.585715174889529
-0.5537677825059484
-0.47194569891384824
-0.37027209394443095
-0.26730293927208315
-0.1692691154988205
-0.0796116500776436
-0.0009085343218046271
0.0
0.0
0.057686730021420884
0.17818001628787572
0.2680911656465487
0.3509773784539702
0.4295937411854952
0.5025091496894528
0.5676341112967365
0.6230081443161473
0.6651492770006384
0.6752466626696874
0.6661996782931721
0.6463583864767783
0.6210597808996619
0.5936535112575736
0.5661856999729376
0.5398539083171982
0.5153090419020457
0.4928549874611095
0.40720453278786756
0.3050889642732854
0.20359318657150405
0.10858803779150458
0.023348872416224603
0.0
0.0
-0.12249432891421413
-0.23748490805874323
-0.3314577272957594
-0.4188781336925254
-0.500509465902584
-0.5744663171103658
-0.6385808903655807
-0.6909458942903234
-0.7061663487407638
-0.6987919965935484
-0.6785369164182499
-0.6516237078286968
-0.6219704491450402
-0.5919822069102629
-0.5630778326169819
-0.5360396905047145
-0.5112450553829491
-0.4888185327754989
-0.4256525692790978
-0.33491413038604195
-0.24112681643280365
-0.15160248401247553
-0.06985378513509798
0.0
0.0
0.06201532026735998
0.20074673949264674
0.3000666874452135
0.38963942536189894
0.4733575175053664
0.5499268450661022
0.6172250888248726
0.6732634056293282
0.6974365932958385
0.695663106912458
0.678812431636299
0.6538756401918734
0.6252805266734756
0.595769011240663
0.5669814750816321
0.5398450110279418
0.5148305955500612
0.4921227381675095
0.42429301428556254
0.33301312134278194
0.2396008874164824
0.15068082772219052
0.06960328480573512
0.0
0.0
-0.06265803567228084
-0.19782014288683616
-0.2953186352979764
-0.38354611305503694
-0.4661609638105092
-0.5418458290185321
-0.6084929009910327
-0.6641290113371058
-0.6907767872459285
-0.6907326121208547
-0.6751022223973216
-0.6510363799764928
-0.623071042457065
-0.5940215875342177
-0.565578451457815
-0.5387029793936623
-0.5138897099207341
-0.49133946625859287
-0.4248737702444403
-0.3336182330380658
-0.23994617426160503
-0.15071075696332498
-0.06931805435465464
0.0
0.0
0.06643693059427416
0.20001896081524967
0.2971296328427587
0.38518774711751186
0.4676513020997665
0.5431648443584258
0.6096170578947753
0.6650390310244072
0.6913309516044954
0.6910553126214751
0.6752759794502083
0.6511157404216463
0.6230918892376426
0.594007372872045
0.5655443674053288
0.5386587458701391
0.513841436403129
0.4912908930545282
0.4250584548595004
0.33412939508091727
0.24076863797393913
0.1518006789727002
0.07062097347529929
0.0
0.0
-0.06915782386757602
-0.20168421200501846
-0.29852334503065725
-0.3864357470108382
-0.4687462550410506
-0.5440768006916626
-0.6103172749331038
-0.6655054845475178
-0.6912439469041005
-0.6906488005191033
-0.6747002195414498
-0.6504657055500649
-0.6224262126089601
-0.5933609636600392
-0.5649367904910412
-0.5380997702993953
-0.5133346936413664
-0.4908362752777127
-0.42282822850841784
-0.33157194068165563
-0.23824909629879984
-0.14945320605778897
-0.06852489939964966
0.0
0.0
0.07423788678749937
0.20473995737064177
0.30106107819604405
0.3887044882822557
0.4707399575432216
0.545745177094994
0.6116111030702307
0.6663870006323481
0.6911882393029208
0.6900481311429442
0.6738069210487522
0.6494396257223305
0.6213663678875475
0.5923266202821655
0.5639614718819168
0.5372005357492098
0.5125182595224091
0.4901030311330015
0.4201087070665668
0.3284611415649812
0.2351566587127083
0.1465363683432793
0.06588106010830777
0.0
0.0
-0.08071854289913966
-0.2088851472149131
-0.3046740877729433
-0.3920684675598365
-0.4738280902527567
-0.5484758108206644
-0.6139031471425089
-0.6681731931717968
-0.6915689512310562
-0.6895917986851386
-0.6728812248544236
-0.6482793174768305
-0.6201185526893048
-0.5910809411386462
-0.5627701891711459
-0.5360918486174902
-0.5115051121931424
-0.48918890666774917
-0.41671073627723176
-0.3245819602269083
-0.23130927135319668
-0.14291644331224362
-0.06260894082574375
0.0
0.0
0.08745329400358526
0.21325508452597228
0.3085200296776417
0.3956741086015996
0.4771594721787205
0.5514427958284592
0.6164163526361053
0.6701577718545676
0.6920194321089247
0.6891271459274884
0.6719019592379567
0.6470412999504507
0.6187822461286614
0.5897442495285802
0.56149030486758
0.5348997481778724
0.5104151404821606
0.4882050835939594
0.4129503957895693
0.32027521090660294
0.22702796430596572
0.13887936022634645
0.05895121245150746
0.0
0.0
-0.09436052258886637
-0.21781270130923797
-0.31257737754720194
-0.3995102054286504
-0.48073267525725594
-0.5546546224390525
-0.6191691196699513
-0.6723687264865672
-0.6925770498160526
-0.6886954231816539
-0.670910881838081
-0.6457658454016765
-0.6173951347190113
-0.5883511139323236
-0.5601530915984522
-0.533652247980604
-0.5092732593939415
-0.48717360432518925
-0.4090428143477639
-0.31579095895380327
-0.22255843727674804
-0.13465249061338186
-0.05510894776792752
0.0
0.0
0.10148658475634809
0.2225366793828585
0.3167966479440004
0.40350950205403086
0.48446728714038584
0.5580213486433492
0.6220655234226187
0.6747077149580507
0.6931907699693401
0.688275401243908
0.6699050754551822
0.6444608553084786
0.6159711009163086
0.5869183173788521
0.5587763102514799
0.5323669221850313
0.5080961842076641
0.4861099693693546
0.40509358464090206
0.31125847947956775
0.21803603825274362
0.13036990847143162
0.05120993302338139
0.0
0.0
-0.10862802737618948
-0.2272856311934972
-0.3210471395369387
-0.4075446113744356
-0.4882409211459905
-0.5614289378624328
-0.6250032574124015
-0.6770871531675059
-0.6938263455194834
-0.6878654431108737
-0.6689020171981818
-0.6431542237313805
-0.6145429321342297
-0.5854801060704332
-0.557393597790171
-0.5310756167821171
-0.5069133562240434
-0.4829648993876054
-0.40004715165930627
-0.30594518458049597
-0.2129234344660455
-0.12567082664655108
-0.04706947629591003
0.0
0.0
0.11621883780438047
0.23228900351968473
0.3254993283209392
0.41175364787250734
0.4921618699382308
0.5649542130649565
0.6280260357229421
0.6795052778270472
0.6944435966952238
0.6874046481219094
0.6678313038352257
0.6417730018081661
0.6130393053472148
0.5839691495858714
0.5559428282389164
0.5297218959007676
0.5056740705235225
0.4771624836072042
0.3934112883302699
0.2994158115500097
0.20684549649367456
0.12024793636398427
0.042454816903198064
0.0
0.0
-0.1250784680945731
-0.23811691385056724
-0.33068183941550966
-0.4166539472928629
-0.49672972475766564
-0.5690657335760804
-0.6315578529044514
-0.6807540157742411
-0.6943057368838307
-0.6864628972381209
-0.6664602619361999
-0.6402097517439335
-0.6114305043839087
-0.5824023890719409
-0.5544674677960154
-0.5283628618115783
-0.5044409564793731
-0.47137297562208097
-0.3867913793161617
-0.29290439507604454
-0.2007869757346653
-0.11484545036843624
-0.03786106589731736
0.0
0.0
0.13406918733420167
0.2440783288203481
0.3360181508241187
0.4217294547176838
0.5014911970097481
0.5733849429711221
0.6353064708895961
0.6821798911304484
0.6943142931962071
0.6856433741595719
0.6651921068113685
0.6387337034560661
0.6098960245491106
0.5808992563533533
0.5530467754559545
0.5270509308590863
0.5032485178978608
0.46579285467640297
0.3804282416580796
0.2866642335093937
0.19499983468283325
0.10970430023785815
0.03350985174841878
0.0
0.0
-0.14269817753827585
-0.24982674369619318
-0.3411802315418282
-0.4266508818856883
-0.5061186590483486
-0.577593368014242
-0.638970645263966
-0.6835923929630207
-0.6943515515195131
-0.6848759005850055
-0.6639874153476262
-0.6373250769141645
-0.6084284013206852
-0.5794597976510775
-0.5516851817415805
-0.5257929049627935
-0.5021046513789027
-0.4603848377885604
-0.37426114191944587
-0.2806184744217195
-0.1893956636479367
-0.10472863820332613
-0.029301949136176578
0.0
0.0
0.15101239101209685
0.25536417115575333
0.3461518643535804
0.431389844167572
0.5105735850322253
0.58164376597273
0.6424959160714879
0.6849470286543903
0.6943807385135513
0.6841297802280565
0.6628203499662637
0.6359619744281495
0.6070089722049564
0.5780680360925335
0.5503689598629304
0.5245769570573573
0.5009991439177885
0.4551658938307969
0.3683080950288517
0.2747804656732469
0.18398185092050076
0.09991968026575795
0.025232565813123164
0.0
-0.00280002902780338
-0.15894696425890292
-0.2610206629319619
-0.35128771752916255
-0.4362402479998571
-0.5150655711045359
-0.5856532553671518
-0.6459044785022732
-0.6861526441509412
-0.69424839340599
-0.6832217128522828
-0.6614980049938871
-0.6344541113915115
-0.605457102108353
-0.576556678997032
-0.5489457469294805
-0.5232659440663726
-0.4998095922474858
-0.4498976879304561
-0.36230819372072887
-0.26889207893262884
-0.1785138639418528
-0.09505376218456425
-0.02110477770000438
0.0
0.01481320577379358
0.16660410808029835
0.26769315007397776
0.3575098211725942
0.44196700246968407
0.5201486900270689
0.5899444102388096
0.6492800027598424
0.6869816545608398
0.6935548686180265
0.681668617899721
0.6595091864498425
0.0
