-0.5
-0.5
-0.5
-0.5
-0.3743596743111112
-0.39869005974945226
-0.4740222015895987
-0.3803785929188419
-0.46995142545145613
-0.4177287210356041
-0.5
-0.5
-0.5
-0.5
-0.5
-0.5
-0.5
-0.5
-0.5
-0.5
-0.5
-0.5
-0.5
-0.5
-0.5
-0.5
-0.5
-0.5
-0.5
-0.5
-0.5
-0.5
-0.5
-0.5
-0.5
-0.5
-0.5
-0.5
-0.5
-0.5
-0.5
-0.5
-0.5
-0.5
-0.5
-0.3361180395386538
-0.18921788630581937
-0.06859208807670347
0.04344456364145188
0.147587680650207
0.24128181844356067
0.3216653914297293
0.3646455458459227
0.3667210794022202
0.34481975827793665
0.30985041038816297
0.2687413603773069
0.22580071046153516
0.183622540597699
0.14368926099838353
0.10677081724311888
0.07318822455433793
0.042986626176438114
0.01604813000688321
-0.03091003064499892
-0.11329407478498854
-0.2019041892891228
-0.2885187083063998
-0.3694484263208688
-0.4421634120925232
-0.5
-0.5
-0.5
-0.5
-0.5
-0.5
-0.5
-0.5
-0.5
-0.5
-0.5
-0.5
-0.5
-0.5
-0.5
-0.5
-0.5
-0.5
-0.5
-0.5
-0.5
-0.5
-0.5
-0.5
-0.5
-0.5
-0.4828195703486193
-0.3339095732292243
-0.23389404058884222
-0.14471913250327884
-0.06074683355196153
0.017059271222330197
0.08658583555781285
0.14576227326067626
0.18471001708833845
0.19210787208792413
0.1807649501985974
0.1589613792734238
0.13197907500412298
0.10312363544400871
0.074405450295291
0.04699273095584078
0.021512013007485953
-0.0017532388293392542
-0.047538135818937455
-0.13586895297222135
-0.23099301926520593
-0.3231862449910833
-0.4083478664232901
-0.48380295558332326
-0.5
-0.5
-0.5
-0.5
-0.5
-0.5
-0.5
-0.5
-0.5
-0.5
-0.5
-0.5
-0.5
-0.5
-0.5
-0.5
-0.5
-0.5
-0.5
-0.5
-0.5
-0.5
-0.5
-0.5
-0.5
-0.5
-0.4992989296701076
-0.34108591065346555
-0.23818101942442504
-0.14737459579204587
-0.061988627171855215
0.017193789679639915
0.08806117430737337
0.14850942940085565
0.18787544820284618
0.19538251739322066
0.18396365839162188
0.16197926197664558
0.13476259262596257
0.10565152043978943
0.07667618941096654
0.04901641200859941
0.02330506842658331
-0.00017137247818155288
-0.047915740978538235
-0.13536218658239135
-0.22909992858055916
-0.31992713474827594
-0.40388075669645146
-0.47833779042099855
-0.5
-0.5
-0.5
-0.5
-0.5
-0.5
-0.5
-0.5
-0.5
-0.5
-0.5
-0.5
-0.5
-0.5
-0.5
-0.5
-0.5
-0.5
-0.5
-0.5
-0.5
-0.5
-0.5
-0.5
-0.5
-0.5
-0.4894613828524482
-0.33559034136430926
-0.23387979535525927
0.02738482608714604
0.002483656090932096
0.4964897815009285
0.18957611420685883
-0.06298208735606037
0.11358429162432448
-0.012693256935486286
0.006772776476538622
0.7371172905422978
-0.006272466357682305
-0.16526322107097802
0.24801939609663604
0.3933126016218421
0.13792424178311735
-0.003799521925570648
0.24449118688180804
0.0054955958624592904
-0.10865758577383056
-0.10348003558412511
0.007158737149833838
-0.3922916347461842
-0.31759367138147354
-0.10473103821277618
-0.2993391379714012
0.04496607184410095
-0.3092164918780327
-0.37139567360281944
-0.07596378028392792
-0.5548580139875412
-0.09907834231853485
-0.382676899433136
-0.09167830646038055
-0.059948310256004333
-0.18966489285230637
-0.12741561233997345
-0.19349616765975952
0.04567861557006836
-0.321866899728775
-0.48569008708000183
0.025372594594955444
-0.13524800911545753
-0.12313154339790344
-0.08758190274238586
-0.3778184950351715
-0.2990681976079941
-0.1143748015165329
-0.2512687109410763
-0.14287205728163216
-0.024241901795829413
0.0005496981515173971
0.06641886815008485
0.11199613017162657
0.0666524188069284
0.2425439231320452
0.057840226531893246
0.10415357282781623
0.3293887924347143
0.07851762408232754
0.028624943872621822
0.23821955943027662
-0.24477318783187252
0.18099204337921215
0.33089613546915764
0.2434796005017893
0.07711992314260935
-0.1261506439598442
0.06011450336029234
-0.11596475489903241
-0.48131672519595087
-0.2034283256336497
-0.2899947226811342
-0.005010738968849182
-0.4485118491575122
-0.3383786976337433
-0.3997951876372099
-0.1458297222852707
0.004055589437484741
-0.1970805749297142
-0.303158164024353
-0.21245808899402618
-0.4212183691561222
-0.2780529111623764
-0.1207917332649231
-0.4009794592857361
-0.22481926530599594
-0.3394776452332735
-0.13093073666095734
-0.1932406798005104
-0.08496525883674622
-0.09764863550662994
-0.30054663494229317
-0.25776031613349915
-0.18470674753189087
-0.02252507209777832
-0.29627273231744766
-0.46548619121313095
-0.19102269411087036
-0.38027943431266326
-0.14233294379306383
-0.08797456588514113
-0.07154144091193088
0.1985790740629615
-0.03512380735499765
0.4508653389922943
-0.24407049943811188
0.3071843607976945
-0.07533355800667374
0.21439370606405728
0.19964474192484594
-0.07894420881995623
0.26039461995509894
0.1287936892684074
-0.30910769340497035
0.17095818777426697
0.1159207424711407
-0.10530799786736217
-0.28554385082412925
0.4138275878550096
-0.7166953099516775
-0.25440859957043727
-0.20778249338229893
-0.31182980036828667
-0.11704234778881073
-0.27354370802640915
-0.3116772063076496
0.002426624298095703
-0.10919861495494843
-0.24034725688397884
-0.5499550513923168
-0.17058724164962769
-0.25816836953163147
-0.12688258290290833
-0.25863049924373627
-0.09706717729568481
0.02135343849658966
-0.5542034134268761
-0.509717058390379
-0.08301438391208649
-0.4495138954371214
-0.10477985441684723
-0.36016971804201603
-0.25807492434978485
-0.2566775307059288
-0.16154032200574875
-0.4071393981575966
0.05487525463104248
-0.4195103645324707
-0.1491551799162153
-0.06558342834440312
-0.2292455303855815
0.08222196007553817
-0.00911342895854761
0.2669355249632632
0.009457915537823491
-0.004938166428571478
0.2293288444150534
-0.09460256729363248
0.5533218678680643
-0.19584695705599942
0.1351850840489488
0.14601593337275787
0.18093310707284072
0.09757582964855405
-0.2676338907845204
0.14257556077111094
-0.017202745609100234
-0.1371543770973806
-0.2033748669233983
-0.22712168468140104
-0.28687870829544126
-0.3598612882196903
-0.8180064707994461
-0.169636532664299
-0.24017681181430817
-0.32816196233034134
-0.5424695909023285
-0.2525794948451221
-0.44434888660907745
-0.5184282511472702
-0.06481437385082245
-0.5805740281939507
-0.4368836097419262
-0.43753646314144135
-0.1886862814426422
-0.3926674425601959
-0.5208240151405334
-0.15251842141151428
-0.5468348115682602
-0.32123521715402603
-0.3925506863743067
-0.5478373263031244
-0.4691634401679039
-0.06022985279560089
-0.48358507081866264
-0.4234955213032663
-0.43658893555402756
-0.31084123998880386
-0.24181983143834973
-0.30554530768630284
-0.05558830873638643
0.022513245127117887
-0.18626610319988113
-0.18491954929417598
0.23333047754824443
-0.0014228820828118272
0.15235354772865617
-0.002117076024455322
-0.21203475199003918
0.18832066781184165
-0.196727138491259
-0.0722337865570799
0.20653843423256968
-0.10350390405861087
0.06199093669971989
-0.2765716577617623
-0.271114359157743
-0.32059291519728467
-0.3492647949695937
-0.2748151172818541
-0.44305506180804455
-0.17814892530441284
-0.5839568004012108
-0.2578362226486206
-0.469906784594059
-0.44608379155397415
-0.4080796465277672
-0.16618291288614273
-0.8830822557210922
-0.18298748135566711
-0.2724088057875633
-0.760974645614624
-0.35764066874980927
-0.5866758674383163
-0.2864391654729843
-0.5607796479016542
-0.7081271037459373
-0.1861228048801422
-0.5288357362151146
-0.7154641896486282
-0.3776688128709793
-0.49623106606304646
-0.6035597696900368
-0.5806941166520119
-0.5148570463061333
-0.2638625055551529
-0.594172790646553
-0.6254489198327065
-0.16852329316170117
-0.28650080341854745
-0.41890839345278086
0.1774338462962125
-0.18175561824983144
-0.12390498069810263
-0.1371335047755966
0.16280297469015492
0.03722652459475273
0.29238070685312534
-0.25162499325110665
-0.1458518076855707
-0.05716021666176041
0.11980861333542081
-0.4059767220191385
-0.3051036781831765
0.086665551619442
-0.345668646744185
-0.1930161821667885
-0.14334505224528943
-0.6152101317951763
-0.24689722703341088
-0.3063758779065033
-0.4382465183734894
-0.4731101840734482
-0.5567240137606859
-0.41497083753347397
-0.4015420377254486
-0.47711312770843506
-0.493838666472584
-0.4460455998778343
-0.6479394510388374
-0.6374813579022884
-0.21238914132118225
-0.45262494683265686
-0.42819733917713165
-0.2994825839996338
-0.5840740948915482
-0.4180690683424473
-0.476111484807916
-0.5332747548818588
-0.13761553168296814
-0.6153291761875153
-0.49048912525177
-0.3934568092226982
-0.49712038040161133
-0.7354004085063934
-0.6861341148614883
-0.667088670656085
-0.7670440003275871
-0.2159460382789914
-0.44844606273687293
-0.1510073347479428
-0.4258119782490863
-0.046274597845294974
-0.1861072911641226
-0.26762315030570505
-0.11132941636326965
0.0672684861300541
-0.15266152163523794
-0.1216070797367691
-0.05996518484327529
-0.12609531122009665
-0.20252703450926224
-0.3013139221471488
-0.38784186485126926
-0.06286233539022879
-0.36327952144579057
-0.22077969337667802
-0.3015953587398764
-0.37040964465364895
-0.41865488465985523
-0.5857859459902769
-0.39123373478651047
-0.6767540671862662
-0.706323117017746
-0.3610592857003212
-0.6485125049948692
-0.5453521348536015
-0.5137189105153084
-0.5690415101125836
-0.6997605487704277
-0.753569632768631
-0.35390765219926834
-0.6433774381875992
-0.7458192249760032
-0.7088516056537628
-0.46802694350481033
-0.39881791919469833
-0.5561775751411915
-0.48721102625131607
-0.5651349537074566
-0.6359173282980919
-0.7716802656650543
-0.7293487936258316
-0.43452297523617744
-0.6111929193139076
-0.6562457978725433
-0.3382231444120407
-0.5755282193422318
-0.5392634531484696
-0.43955394323321406
-0.4625269734931883
-0.28738991156717486
-0.4372688178944365
-0.3955094938726065
-0.11174431218524916
-0.19316719912053915
-0.10272752125833662
-0.11931165076496819
-0.2811769643122305
-0.010638821581627655
-0.3410852300094429
-0.2985968433089433
-0.31928623663711586
-0.29248411215451164
-0.32967784656598553
-0.40605166928818076
-0.42746724449300083
-0.6784472577370007
-0.37676525400745264
-0.7180749733343037
-0.4941946093405887
-0.4089484140276909
-0.8157332390546799
-0.5018170177936554
-0.8667708318680525
-0.5656411945819855
-0.5029961243271828
-0.6223516035825014
-0.6956534907221794
-0.5102085620164871
-0.5017372295260429
-0.2592885494232178
-0.5102180354297161
-0.8464399948716164
-0.5418830960988998
-0.6353183537721634
0.4842836558818817
0.10294315218925476
0.10894137620925903
0.3201102614402771
0.0653444230556488
0.29335442185401917
0.014802519232034683
0.18088406324386597
0.12382291257381439
0.22369906306266785
0.24475756287574768
0.23801077902317047
0.15737904750776854
0.3797448298219847
0.3583718050603405
0.6354253323797818
0.7273348538044286
0.6093641040071685
0.09395542948452995
0.7658453787864222
0.723153649951956
0.5598506599823706
0.7329825740139513
0.6531385316238569
0.5652940700826307
0.6658805250668454
0.5419188756343445
0.5309533368239892
0.31912008083378374
0.4158569012789812
0.37469187460242354
0.2713242875316067
-1.0869954964004138
-0.39983458675109684
-0.7001810224798171
-0.42515384033322334
-0.63860282022506
-0.8586674928665161
0.47484928369522095
0.039180852472782135
0.1251606047153473
0.11688321828842163
0.2834724485874176
0.22999058663845062
0.06946990638971329
-0.04310307838022709
0.18268164992332458
0.38112175464630127
0.012502744793891907
0.17791137099266052
0.2110174000263214
0.07456016540527344
0.1597760021686554
0.2885771691799164
0.12374268472194672
0.1842249184846878
0.07879781723022461
0.13366949558258057
-1.2199975848197937
-0.9932415187358856
-0.7508051246404648
-0.5846134656768049
-0.6379604843972426
-0.38196146152292954
-0.22918720036848805
-0.32639964182164
-0.33619120321506046
-0.2742145154995663
-0.3134212372200691
-0.010022858356570907
-0.28015818839584883
-0.2708638112152557
-0.38101429748049187
-0.22300064980333179
-0.2444089077787034
-0.22470275094612946
-0.37140558599318985
-0.3314478060681443
-0.27149180772488823
-0.46386482234441023
-0.22461940886582943
-0.5435555413861392
0.6800776461305444
0.0453121156978844
0.050389636194760445
0.2880869209766388
0.19800816476345062
0.18460527062416077
0.29156944155693054
0.19945937395095825
0.1172962486743927
0.0991574078798294
-0.007348373532295227
0.28220418095588684
0.08265537023544312
0.10053372383117676
0.18821221590042114
0.012107178568840027
0.13086551427841187
0.29563406109809875
0.22572249174118042
0.12750859558582306
0.25513511896133423
0.288815438747406
0.1804513931274414
0.14311793446540833
0.09948322176933289
0.1033032238483429
0.2628520727157593
-1.0280940234661102
-0.6143794134259224
-0.4674731746877142
-0.5252135987930485
-0.6339033852845117
-0.44794523825450244
-0.49261689284443005
-0.007534842854064472
-0.20986249631388743
-0.1848255801304426
-0.25550189515772115
-0.27405650720105423
-0.03692239788495233
-0.352240325695789
-0.23837546874713778
-0.33202803855505314
-0.25465622998539383
-0.22433163778807208
-0.43082838098328324
-0.45441280545645724
-0.5006191478639828
0.7439592127210073
0.06403472344800093
0.2805169146557656
0.2568772209006532
0.07714835899300487
0.14779435098171234
-0.010703042149543762
-0.029762879014015198
0.03774489462375641
0.3813852369785309
0.12154756486415863
0.05119137465953827
0.13159263134002686
0.23227578401565552
0.12206712365150452
0.12264944612979889
0.07730071246623993
0.11740018427371979
0.20292404294013977
0.14782436192035675
0.19917502999305725
0.06741955876350403
0.18808719515800476
0.17306673526763916
0.16237416863441467
0.2421959936618805
0.24324390292167664
0.07006143033504486
0.09731966257095337
0.15226058661937714
-0.04254275560379028
0.20416666144195383
0.27473871133592487
0.2964226010850113
0.5166982769429342
0.5144377078201767
0.42346470087762356
0.6261684284013109
0.7264115066388299
0.398483751893431
0.6488839626473115
0.7846863390799468
0.45570517631310536
0.6953323418030971
0.42551954229264655
0.3535205013954168
0.5054768812874249
0.43288809808595397
0.3413373131106093
0.5110653374773453
0.42733255522207964
0.38960042961519886
-1.1163845185106953
-0.6769266993166672
-0.5065622905394032
-0.3942253366112709
-0.8872570693492889
-0.49037839472293854
0.4866488575935364
0.15324997901916504
0.0042305588722229
0.23134195804595947
0.18024027347564697
-0.07607907056808472
0.24840307235717773
0.19823452830314636
0.12759627401828766
0.18570145964622498
0.10072474181652069
0.21591487526893616
0.25771597027778625
0.062146976590156555
0.06568929553031921
0.2098359763622284
0.06517530977725983
0.07133384048938751
0.1503496617078781
0.1700107455253601
-0.035683585330843925
0.08398766815662384
-0.010537669062614441
0.34014082944995594
0.3211112878691624
0.38396565553814616
0.421355271838771
0.4396033493987348
0.6697703560829873
0.39956816270719886
0.3032172318586619
0.885409891712108
0.5604226232139533
0.6592707510330722
0.5187970181918531
0.36832152403019625
0.5945062130424198
0.7373461541916343
0.33553689577639934
0.4522750638674713
0.49716105363496016
0.389117779325993
0.1923071871362091
0.3985858351401442
-1.031289824953678
-0.6783942839414493
-0.7959089437499642
-0.7773175314068794
0.455136239528656
0.16021761298179626
-0.3037031441926956
0.2789275646209717
0.019812054932117462
0.16324932873249054
0.12397916615009308
0.1903880387544632
-0.20581178553402424
0.31811201572418213
0.1561359465122223
0.16523616015911102
0.23485922813415527
0.19305387139320374
0.1927885264158249
0.14339357614517212
0.28773102164268494
0.1288909614086151
0.22468870878219604
-0.04292762279510498
0.20955128967761993
0.11103464663028717
0.02637619525194168
-0.9816909730434418
-1.0045658499002457
-0.4338509539475576
-0.7057373188429323
-0.57532395596763
-0.37559497111146406
-0.24558509535946166
-0.4014670088358001
-0.21877143988630932
-0.04162115778898601
-0.33663023050102436
-0.11062091992933454
-0.4233205544734989
-0.21311585068453298
-0.1682345441562798
-0.40706185560395847
-0.2420698922531337
-0.23907379566291176
-0.389075722424579
-0.47392081396777663
0.9266355220928005
0.14485354363321662
0.42337065787845257
0.3186980307957133
0.2017472024271068
0.09064583480358124
0.20550468564033508
0.20675726234912872
0.00445566326379776
0.17678895592689514
0.07499310374259949
0.27135029435157776
0.08714929223060608
0.18440662324428558
0.07371073961257935
0.17770542204380035
0.2302224040031433
0.17669405043125153
0.06770794093608856
0.13531216979026794
0.04882532358169556
0.05770697444677353
0.15630227327346802
0.20481891930103302
0.1660623550415039
0.10968981683254242
0.15854854881763458
-0.0003248453140258789
0.07772362977266312
0.068158358335495
0.05541741102933884
0.25566717982292175
0.3375850155402208
0.3326445809564109
0.23842202516478972
0.4525268203663135
-0.8868254470881336
-0.09354503721065743
-0.30801391520382937
1.2136138951528839
0.35798017496412593
0.6060223025975636
0.5187459642659299
0.5059769052064111
-0.6987117249780677
-0.2447706158259768
-0.3867591157089215
-0.30852104089475096
-0.46518732503541316
-0.3956409002187881
-0.17194019489372203
-0.30207324243836164
0.6753765415546245
-0.1634046342818915
0.11169220029934951
0.1911219358444214
0.11921250820159912
0.17376068234443665
0.3096374571323395
0.1409006416797638
0.09297673404216766
0.23087993264198303
0.23645135760307312
0.1794952154159546
0.13417212665081024
0.16298477351665497
0.18334843218326569
0.0928788036108017
0.08493547141551971
0.30544787645339966
-0.11934196949005127
0.2929701805114746
0.13320839405059814
0.12285526096820831
0.22686484456062317
0.0710398256778717
0.05772757530212402
0.23123323917388916
0.22051867842674255
0.03504839539527893
-0.040815725922584534
0.10379530489444733
-0.936300944139028
-0.5110817159653174
-0.34551665913469304
-0.32386899540374825
-0.5515900028944469
-0.10727163880016566
-0.5064598424662686
-0.2585914947156073
-0.030984738257103683
-0.3258651391221119
-0.1354550523786564
-0.25013863703479855
-0.10869189509979948
-0.13684286428770753
-0.49529649440645607
-0.4208559349409384
1.0366049445645222
0.4488356630307184
0.3616925134991872
0.5010387804010448
0.31303123994315235
0.18282903868931083
-0.11003587240520635
0.1668582409620285
0.0038181543350219727
0.036154940724372864
0.18002355098724365
0.04342260956764221
0.19538041949272156
0.19652536511421204
0.07454465329647064
0.2238929569721222
0.197142094373703
0.17377455532550812
0.13288551568984985
0.12249068915843964
0.19771265983581543
0.2463875710964203
0.05291450023651123
0.2278268039226532
0.1671968400478363
0.22207453846931458
0.039428114891052246
0.15493515133857727
-0.09393646568059921
0.1637827455997467
0.10338470339775085
-0.1738874614238739
0.11859844624996185
0.29348185658454895
-1.1102164040588758
-0.3451344039750629
-0.38444986830984074
-0.2757219219627113
-0.22099156659582886
-0.329767482051174
-0.12072922246290019
-0.2573991119266107
-0.081881424001227
-0.13820007885045416
-0.4765404923747032
-0.4601604353866783
-0.2418155479835573
-0.40800114107788676
-0.22307537619449147
1.0241742501782896
0.5258835061651321
0.35320474160803733
0.16173028614212004
0.06238291373530952
0.3173162118119743
0.24036151218552937
0.1154031960465457
-0.018493831157684326
0.22027796506881714
0.26802772283554077
0.08325546979904175
0.11306384205818176
0.2547110617160797
0.20582932233810425
0.0723574161529541
0.023273147642612457
0.25537192821502686
0.20031195878982544
0.03926554322242737
0.2589184045791626
0.02856207638978958
0.1889459490776062
0.06555536389350891
0.07761041820049286
0.3108934164047241
0.05659899115562439
-0.0038330107927322388
0.10758477449417114
0.21631774306297302
0.14675632119178772
0.12227535992860794
0.11194922029972076
0.012367911636829376
0.3276548086324952
-0.0686808427668536
0.4083768482903159
0.2822166894240858
0.24493134066060662
0.6022747768476907
0.5586619555149476
0.6055192505721656
0.6619987948913805
0.5276903364081241
0.5977811526152079
0.8229630603537932
0.5272969868940505
0.5321641601865542
0.7404759300425521
-0.7970857909726013
-0.5374287299391933
-0.33368558834064554
-0.49452356362973626
-0.6182734569690505
-0.7986783052779195
-0.7071251122041504
0.5638403151123808
0.028936270606907233
0.05575668811798096
0.17168784141540527
0.2581784129142761
0.12574370205402374
0.16493985056877136
0.16920623183250427
0.13977587223052979
0.2914215624332428
0.20911552011966705
-0.026994876563549042
0.25727593898773193
0.11212596297264099
0.08554711937904358
0.2719809114933014
0.1568884551525116
0.09193223714828491
0.1609097570180893
0.3065393567085266
0.11403028666973114
0.16747349500656128
-0.12586690112948418
0.2289356291294098
0.07506489753723145
0.25616180896759033
-0.025615625083446503
-1.2079913020133972
-0.45151323418502654
-0.720441488692156
-0.48118245939623816
-0.39777567598424557
-0.4677695397147459
-0.43512511782634766
0.04342420388078616
-0.21157172374816602
-0.23705246155183202
-0.19539332095769357
-0.0979538700420548
-0.34363686926877657
-0.3470162669890131
-0.41848981086842574
-0.39499083733564
-0.2813543061736008
-0.13292215049138978
-0.22835855294770607
0.9012733597468827
0.2785385064929433
0.21768610976423208
0.13016732753042548
0.25044378359809655
0.035136063423993336
0.1543128341436386
0.08624430000782013
0.1753300130367279
0.13526330888271332
0.011302053928375244
0.24462097883224487
0.007407296448945999
-0.055469246581196785
0.15154260396957397
-0.22567946836352348
0.16089782118797302
0.2888447940349579
0.18319958448410034
0.13444697856903076
0.16321010887622833
0.16748832166194916
0.18556657433509827
0.26263362169265747
0.21689504384994507
0.1449827402830124
0.2178829312324524
0.1375977098941803
0.03346244990825653
0.12430371344089508
-1.0452455282211304
-0.6287042759358883
-0.5031934676994525
-0.6395624394787822
-0.332149921180041
-0.4067777827375713
-0.2803769164311577
-0.5276766542150333
-0.05176608231750146
-0.24237858078753727
-0.29139703514825954
-0.22806449910910542
-0.3473596483942192
-0.3452129609116843
-0.28268113957378804
-0.22061029860195258
-0.3049801668309564
-0.4800462764702481
-0.46642062266173157
-0.527464135863764
0.8954586672886546
0.24166927199745936
0.14051784783720733
0.2085654505387688
0.21976555326498243
0.14601889126056466
0.08040940761566162
0.25798678398132324
-0.027414992451667786
0.24422666430473328
0.04910522699356079
-0.13567382842302322
0.15517675876617432
0.12200765311717987
0.1641721874475479
0.23374593257904053
0.04608289897441864
0.19876039028167725
0.19691643118858337
0.20578713715076447
-0.0346897691488266
0.1344878077507019
0.17815953493118286
0.21268445253372192
-0.029862940311431885
0.09015950560569763
0.29753389954566956
-0.002272479236125946
0.2725112736225128
0.09553715586662292
0.04777286946773529
0.12652406096458435
0.20472950489452585
0.336693980115687
0.3652668172266636
0.17101054358573664
0.5611150279984723
0.46554560382148724
0.39633065200469597
0.4319252892305865
0.5133987907072014
0.4339289402898261
0.5851813093131244
0.43919555964908286
0.7014802449579585
0.2825298042114901
0.3622169481767554
0.40947123171402455
0.32709791004698696
0.5420775620450544
0.3278166431816334
0.24424521644639674
0.14143790576557136
0.11232251848620123
0.19877322046265666
-0.09502171818166971
0.177951842546463
0.012337610125541687
0.14869242906570435
0.07580091059207916
-0.03414756804704666
0.20318497717380524
0.048444464802742004
0.029626652598381042
0.09625472873449326
0.27399250864982605
0.1550329327583313
0.2560916841030121
0.16022345423698425
0.03153692185878754
-0.054120685905218124
0.23547568917274475
0.2848967909812927
-1.2033199071884155
-0.7230477891862392
-0.6067372038960457
-0.6365998238325119
-0.8428483456373215
-0.6496424451470375
-0.7995807528495789
-0.6496491990983486
-0.6498904249165207
-0.6668303798740542
-0.4712552361210473
-0.354966645187703
-0.39265417305450234
-0.47877073409332843
-0.2989216769132983
-0.449706868734813
0.0308026342640334
-0.38858501806787127
-0.05885121790077752
-0.3748123197920784
-0.18608627406306244
-0.06161509711817115
-0.25364206011744306
-0.08077124265130875
-0.5037226243687897
-0.0790037515920553
-0.3808556154372262
-0.4894257575381221
-0.5737085734613329
-0.646007018134676
-0.4733404052349297
-0.6434126435743031
0.47378790378570557
-0.18776476383209229
0.161295086145401
0.0416465625166893
0.20282065868377686
0.039701879024505615
0.4242003560066223
0.05795273184776306
0.2343527376651764
0.13611191511154175
0.22091418504714966
0.34153082966804504
0.22737759351730347
0.2163504958152771
0.1440785527229309
0.08609168231487274
0.2632145583629608
0.07750476896762848
0.2837323546409607
0.0018434487283229828
-0.0005997270345687866
0.3151046633720398
0.031139113008975983
0.1679517775774002
0.1432894766330719
-1.094159483909607
-0.5132369101047516
-0.6629896297831386
-0.6840198116271093
-0.19863737800834935
-0.4281732582090842
-0.321445381114491
-0.46113218198165695
-0.12570001473258985
-0.3505782339875473
-0.22647957828919496
-0.39668399173463886
-0.2599082782922081
-0.47350989994883663
-0.1518399518682355
-0.528250821682209
-0.09397921068826198
-0.08719743377139821
-0.47029061679630935
-0.3689146394868719
0.8255296701829489
0.3931913505037813
0.36871670237684195
0.06138258022234594
0.1981022336134528
0.042815327644348145
0.12254902720451355
0.2435390055179596
-0.08431950211524963
0.24396303296089172
0.09645712375640869
0.22919371724128723
0.20632952451705933
0.14042890071868896
0.3989836573600769
0.3534895181655884
0.22406475245952606
0.14438775181770325
0.2751072645187378
0.13421040773391724
0.11694550514221191
0.08006566762924194
0.18799495697021484
0.2294916808605194
0.199106365442276
0.21966338157653809
0.16753047704696655
0.37948715686798096
-0.03540053963661194
0.06200765073299408
-0.16018247231841087
0.03347937762737274
0.4222033384402849
0.20064401912767138
0.3557507198838639
0.5321739793085855
0.3773185572439922
0.6349328317751439
0.3736573579951764
0.7544547812641985
0.5839437074001605
0.6060351418055436
0.5593478289783026
0.46334058253819865
0.6795440741959374
0.5512216922057046
0.5167654551285212
0.5722491926054223
0.3259311068740578
0.4575845059460113
0.5642681060142346
0.30065595852989646
0.13584303075634696
0.15671647897678515
-1.241168752511999
-0.639418251812458
-0.6847379505634308
-0.8799216449260712
-0.47211091220378876
0.39292028546333313
0.2483607530593872
0.17773351073265076
0.16655974090099335
0.19183775782585144
0.09248343110084534
0.34779080748558044
0.32962846755981445
0.2931715250015259
0.1443161815404892
0.05701586604118347
0.10113105177879333
0.21701961755752563
0.17588001489639282
0.14096325635910034
0.12421421706676483
0.14741480350494385
0.2762574553489685
0.013405002653598785
0.21102190017700195
0.055946819484233856
-1.2968584299087524
-0.7009737486951053
-0.4078127686471895
-0.570301996368417
-0.41653982811159423
-0.4390258529687763
-0.4195663378543405
-0.2816908204320012
-0.1741499603048151
-0.21533955781763514
-0.2126448748323454
-0.10877761374429229
-0.11715262248604474
-0.14739849334668487
-0.3292631638623432
-0.32028299442410924
-0.4326465274141029
-0.3677837069290607
-0.21860550667994227
0.9098721289797844
0.2646337792191112
0.22348618445567875
0.2808046544515275
0.21545023089003318
0.26621228404429853
-0.07140111923217773
0.24185195565223694
0.133928120136261
0.06758702546358109
0.25175559520721436
0.13304489850997925
0.10067912936210632
0.12363532185554504
0.2632759213447571
0.22328007221221924
-0.007354632019996643
0.286861389875412
0.06756480038166046
0.3513404130935669
0.2955804169178009
0.14258764684200287
-0.0508926585316658
0.21387097239494324
0.3293803632259369
0.17982949316501617
0.26146256923675537
0.07608990371227264
0.21043269336223602
-1.1663917303085327
-0.6249378621578217
-0.9308769702911377
-0.7325714751195622
-0.5052456274608302
-0.576431031358877
-0.39180486387966695
-0.4885829524597009
-0.1703959747734518
-0.06366532562895622
-0.11954778945147893
-0.13448196371223897
-0.4411592513252328
-0.4050066454979532
-0.010320721366986585
0.06523690198477117
-0.05888033531570913
-0.2674809084266523
-0.34679107433971446
-0.06675844902633099
-0.36378917919811615
-0.3284572579125309
-0.5575982210716031
-0.593045645552831
-0.27200847069305
-0.7194251002020607
-0.3935789844834958
0.41063305735588074
-0.05759256333112717
0.20016855001449585
0.19788038730621338
0.0884367823600769
0.18977726995944977
0.11162284016609192
0.2191939353942871
0.19739483296871185
0.12355692684650421
-0.03603863716125488
0.15513554215431213
0.2786049246788025
0.16359174251556396
-0.25173361599445343
0.22858861088752747
0.29993772506713867
0.3241128623485565
0.2133946269750595
0.20097237825393677
0.3822286128997803
0.04101906716823578
0.1074943095445633
0.11044059693813324
-1.142759621143341
-0.7556132078170776
-0.6009814318026596
-0.4669020445087493
-0.6235306171664827
-0.1789112548200132
-0.34215070399078185
-0.07326238030039167
-0.3554042142702061
-0.2560767226652494
-0.1364813184609951
-0.11203364212504441
-0.09284170451436513
-0.3448536765884743
-0.22001484398025106
-0.19489666173371345
-0.44362099456408766
-0.24229343065223674
-0.3509244026129278
-0.24485724591455416
-0.33285816872228835
-0.5807665655386616
-0.4030277717703489
0.6733560182040883
0.053587698583747234
0.18519137874401703
0.1819426715373993
0.0631234347820282
0.23636898398399353
-0.1018785450141877
0.22534936666488647
0.12117907404899597
0.25031641125679016
0.24405109882354736
0.06892594695091248
0.318288117647171
0.0292883962392807
0.2519490122795105
0.09358645975589752
-0.0596635602414608
0.35271185636520386
0.15794746577739716
0.2759982645511627
0.08054344356060028
0.0864890068769455
0.06343974173069
0.11531476676464081
0.028960809111595154
0.21207812428474426
0.16525202989578247
-0.018830180168151855
0.11470888555049896
0.147559817703853
-1.0586065631669066
-0.27651047623539105
-0.265712978916155
-0.3348128221601538
-0.3014907651099301
-0.0836893446443917
-0.3319589650601368
-0.20611881407768984
-0.12640780073972058
-0.21294514123059083
-0.13982321916646034
-0.25416198505902154
-0.3828912937904836
-0.0843883951185953
-0.4105243998687059
-0.2742393565663871
0.8710824887370705
0.3576750896095774
0.09809967868576691
0.2884137002164369
0.23636187129905395
0.264567470811555
0.11205158961248135
0.08472475409507751
0.027503415942192078
0.22675755620002747
0.08591336011886597
0.3109745681285858
-0.07370775938034058
0.18208304047584534
0.1416877806186676
0.2615102231502533
0.12157820165157318
0.024352043867111206
0.19460484385490417
0.06938305497169495
0.08691004663705826
0.1860359013080597
0.08307742327451706
0.07675358653068542
0.07763469219207764
0.19408676028251648
0.022975511848926544
0.1466347724199295
0.0752868503332138
0.05600619316101074
0.12407244741916656
0.09401704370975494
0.2454480528831482
0.2071491953037332
0.4459750001526396
0.38548868118211177
0.3160613882607323
0.494856774170312
0.6006175752536136
0.47485146266653244
0.6083168885569726
0.5744759050472866
0.5419593865214217
0.49249640161819774
0.688821311812712
0.6444386411685233
0.5018101327030728
0.397213860018661
0.5423784598067404
0.5014728539377806
-0.9090903050660342
-0.30026416892512164
-0.3704583235678331
-0.3676777716424972
-0.4102881729125106
-0.7833745132755116
-0.7408029213547707
-0.6082572564482689
0.45269671082496643
-0.015556901693344116
0.03235989063978195
0.0904759019613266
0.06512545421719551
0.27849236130714417
-0.012472450733184814
0.18213941156864166
0.14263176918029785
0.297929048538208
0.2907966673374176
0.11433961987495422
0.1516926884651184
0.20643341541290283
0.028602108359336853
0.04065914452075958
-0.08467413671314716
0.09016053378582001
0.1605146825313568
0.1400105506181717
0.2626437544822693
-0.016831764951348305
0.14642541110515594
0.18033698201179504
0.1404547542333603
-1.2071940092028428
-0.254572491067229
-0.512721979926406
-0.501315373416229
-0.18687003086204723
-0.43035483015067855
-0.2569747498765593
-0.11817447529902647
-0.28505466937056223
-0.1133006634093412
-0.26962723186926774
-0.2787632089070281
-0.3092421998763306
-0.45612052305965867
-0.2537461004480165
-0.6047257720522158
1.0000476402824017
0.5616017079805884
0.22218195585441652
0.30742884801833475
0.16634473949195905
0.26562042160739896
0.09518429070215395
0.17695140838623047
0.07087703049182892
0.16088929772377014
0.11983984708786011
0.08482420444488525
0.276237428188324
0.20824214816093445
0.24877721071243286
-0.004597693681716919
0.318189799785614
0.22759950160980225
0.10743337869644165
0.2714519798755646
0.14959566295146942
0.05239821970462799
0.1349882334470749
0.18152853846549988
0.18479375541210175
0.037292107939720154
0.13898339867591858
0.1827615648508072
0.20970991253852844
-0.08890692889690399
0.368367075920105
0.24247035384178162
0.01915822923183441
0.19238662719726562
-1.1206848501545974
-0.3842910685542795
-0.4116065497374973
-0.4174054458287129
-0.3325551427886214
-0.32605172057981047
-0.09967265439057515
-0.2356803802178482
-0.15083400417438797
-0.1768666462397862
-0.14474174836161025
0.07915906809448958
0.03556138839904799
-0.3717100463496612
-0.4584318698968526
1.0427653520310978
0.38132272863563577
0.488462899339585
0.24311836229790557
0.2793827608018917
0.34491116833243063
0.045259010204518835
0.2327238053065065
0.1424667090177536
0.18659424781799316
0.04378340393304825
0.1470317244529724
0.23323595523834229
0.14197739958763123
0.22516372799873352
0.15594731271266937
0.19479945302009583
0.1970071643590927
0.1481463611125946
0.3043696880340576
0.21564307808876038
0.21831092238426208
0.2677787244319916
0.2079111635684967
0.09056849777698517
0.0893988311290741
0.10008910298347473
0.17941679060459137
0.2249842882156372
0.07729385793209076
0.2711414098739624
0.028997525572776794
0.17843177914619446
0.2067304253578186
0.19552303850650787
0.24752069877858707
0.3592483746747923
0.5017764322478544
0.5541813210080644
0.5784747116679252
0.6099266618996682
0.5642368175472363
0.5632643050210612
0.4893031889447438
0.5897531390196616
0.5367932239382203
0.47811167120634657
-0.5339137350221747
-0.4191992582091807
0.9746133381050135
0.2889783164915274
-0.741422465204641
-0.3504217126089848
-0.3996044870880239
-0.5827065133386501
-0.5866126300752118
-0.6597424017113604
0.5645611894845255
0.07199010252952576
-0.09759819135069847
0.030901819467544556
0.24748587608337402
0.1670248955488205
0.14980198442935944
0.1391480714082718
0.2311795949935913
0.31828418374061584
-0.017799511551856995
0.14409485459327698
0.32055971026420593
0.17700257897377014
0.08432784676551819
0.1289573311805725
0.1594516485929489
0.22004520893096924
0.028504028916358948
0.27580738067626953
0.027460978366434574
0.0638243556022644
0.33727505803108215
0.23167064785957336
-0.10272954404354095
0.13344073295593262
0.23271888494491577
0.11978779733181
0.27572017119266967
0.3866029833778529
0.2420584533654061
-0.6801485041652162
-0.1806708298847064
-0.28939480025635356
-0.28755918263029345
-0.3947698494422832
-0.4851782495724334
-0.20857086936483016
-0.40443819717059004
-0.08701739246490081
0.8929357602480582
0.5131792128930971
0.5084829470762905
0.4787206675246921
0.39331589406166123
0.5750901407261689
0.4740567335264012
0.1749957716516375
0.17504807328914523
-0.13037615501134447
0.14385166634197155
0.05040791630744934
0.19973507523536682
0.05430346727371216
0.2617206871509552
0.041766032576560974
0.04300551116466522
0.028149127960205078
0.26269468665122986
0.23714855313301086
0.21844419836997986
0.1945921778678894
0.23309099674224854
0.2498064935207367
0.10265189409255981
-0.051161669194698334
0.049215152859687805
0.05175706744194031
0.25073277950286865
0.09814378619194031
0.13952100276947021
0.11761319637298584
0.23771452903747559
0.3298775851726532
0.014657177031040192
0.1959683746099472
-1.1885590255260468
-0.49355678579874984
-0.34679981246837055
-0.09080705420956736
-0.47023277088049326
-0.533785647200077
-0.1226298290489034
-0.172190397618061
-0.4102185715683645
-0.2390251876223446
-0.3283269955892152
-0.2680608408262485
-0.3524940778932345
-0.12493673704350106
-0.2889385408649686
-0.06816889533883519
-0.4254115777587959
-0.5295303089734238
1.0150637623292935
0.4557282157014315
0.05874975363602619
0.35695581768953705
0.42094157324235926
0.002844824315735628
0.26353535175981235
0.06485871970653534
-0.11807366251014173
0.0767587423324585
0.08170700073242188
0.33345526456832886
0.07612919807434082
0.18829424679279327
0.0030742809176445007
0.10959985852241516
0.13019727170467377
0.13352955877780914
0.023577779531478882
0.3145918548107147
0.1899392157793045
-0.004430830478668213
0.17760707437992096
-0.002648700028657913
0.19404560327529907
0.22991204261779785
0.25450628995895386
0.10412082076072693
0.21988263726234436
0.24697861075401306
0.2255556881427765
0.21836218237876892
-1.289419412612915
-0.6763611214153544
-0.5406946410889079
-0.4021268365496183
-0.6691316927054403
-0.49325484977619705
-0.22329318184663316
-0.18138980365868795
0.04932448028085212
-0.35422135336403004
-0.10990547422160024
-0.26686878456414964
-0.19992954856538436
-0.21596146290714013
-0.4761140058438894
-0.3752968363907161
-0.3473732771324358
-0.6350267197993021
0.882493345452499
0.4073324693931266
0.35076258907006574
0.25307017018497785
0.18287393898012472
0.1412150580300987
0.10507729708798935
-0.06287519447505474
0.1805029660463333
0.11652106046676636
0.18544164299964905
-0.09396412968635559
0.1372249871492386
0.04658597707748413
0.2581191062927246
0.08916600048542023
0.1845846176147461
0.13332004845142365
0.13452056050300598
0.09736257791519165
0.3186314105987549
0.0919094979763031
0.24683505296707153
0.10605433583259583
0.13619297742843628
0.027031689882278442
0.17712002992630005
0.05848874896764755
0.21909669041633606
0.09282621741294861
0.10713458806276321
0.251178115606308
0.0647263377904892
0.1713438262711467
0.3804026591044166
0.5441880811228247
0.32742445468872594
0.47579201377110447
0.34342842386910055
0.7080411729454246
0.6036773947854611
0.9267002087822984
0.550800000824293
0.7766483345490514
0.43812850742082743
0.3819487413400223
0.39229657893297953
0.40771765389441095
0.2151604259210136
0.37787264072275506
0.42453250212965876
0.35957972516671277
0.33034077357577657
0.2778674202165213
0.02751794220062337
0.17466520435846716
0.2665104218627602
-1.3028131127357483
-0.5874699801206589
-0.6420290786772966
-0.6725784977898002
-0.6851208072621375
-0.7535948008298874
-0.44994816184043884
-0.5712410472333431
-0.888101115822792
-0.482221532613039
-0.7460951507091522
-0.4089020565152168
-0.784336119890213
-0.7386621981859207
0.46970340609550476
-0.029605664312839508
0.2850233018398285
0.08032971620559692
0.20228326320648193
-1.1628177762031555
-0.48190923035144806
-0.6788262967020273
-0.6175035983324051
-0.4720444977283478
-0.7392664235085249
-0.7779272645711899
-0.6711636269633743
-0.5040084734405914
-0.525730911593278
-0.5483625944647481
-0.171441448031024
-0.5561560514890841
-0.4630263770724523
