-0.5
-0.5
-0.5
-0.5
-0.5
-0.5
-0.5
-0.5
-0.5
-0.5
-0.5
-0.5
-0.5
-0.4979120409587037
-0.45572076978401455
-0.3076685527993246
-0.29104967765017087
-0.2060545814233784
-0.1820046128513172
-0.16714905999093643
-0.15145334953751227
-0.13363420910763796
-0.11425322247713776
-0.09424969995682586
-0.07460974310600643
-0.05627406276428765
-0.04009792551873992
-0.02682488413360351
-0.01706678934866368
-0.01128889558590307
-0.009800059803433903
-0.01274814456902923
-0.02012062398164549
-0.023883672799460298
-0.014308010843158747
0.03045382239051997
0.04782870324365951
0.048468275656830095
0.039307139518097056
0.02481326472697143
-0.06603849249051458
-0.19786742624411846
-0.3315246076212939
-0.4558840951809511
-0.5
-0.5
-0.5
-0.5
-0.5
-0.5
-0.5
-0.5
-0.5
-0.5
-0.5
-0.5
-0.5
-0.5
-0.5
-0.5
-0.5
-0.5
-0.5
-0.5
-0.5
-0.5
-0.5
-0.5
-0.5
-0.5
-0.5
-0.5
-0.5
-0.34589232430335803
-0.22764505224857573
-0.1291290872340637
-0.03808575294199734
0.045737660136318525
0.12033985444968698
0.18355948146515622
0.21454680666535442
0.2160227408312151
0.20020104944194594
0.17495260356108966
0.1452762000813964
0.11428006257911594
0.08383570227440862
0.05501253922608473
0.028365943665550675
-0.0035344810637590873
-0.08802351048478263
-0.18248643755734073
-0.27574538848350294
-0.3633404613698206
-0.44243458059410595
-0.5
-0.5
-0.5
-0.5
-0.5
-0.5
-0.5
-0.5
-0.5
-0.5
-0.5
-0.5
-0.5
-0.5
-0.5
-0.5
-0.5
-0.5
-0.5
-0.5
-0.5
-0.5
-0.5
-0.5
-0.5
-0.5
-0.5
-0.385583764698896
-0.2689761324272263
-0.1755373453015719
-0.08904438073395282
-0.00833238373711731
0.06482719145901883
0.12831519159629656
0.1802534405134375
0.1964562540674213
0.19006989700940458
0.17076394888178814
0.14473668002297047
0.11589465666177423
0.08663940966793326
0.058391063944364996
0.03193601131350832
0.007656990761044868
-0.015837721623680856
-0.09817349810290077
-0.19174392037731147
-0.28433187879905564
-0.3712653725491609
-0.4496697249601069
-0.5
-0.5
-0.5
-0.5
-0.5
-0.5
-0.5
-0.5
-0.5
-0.5
-0.5
-0.5
-0.5
-0.5
-0.5
-0.5
-0.5
-0.5
-0.5
-0.5
-0.5
-0.5
-0.5
-0.5
-0.5
-0.5
-0.5
-0.36803685331332125
-0.2579563544388366
-0.16619434996496268
-0.08065245584384367
-0.0009951965957497033
0.07087143913031357
0.13284440838726308
0.1807864408291049
0.1936043662997653
0.1853629151458409
0.16517442329239318
0.1388702353228376
0.11011679284150944
0.08115979927117611
0.053319430257197875
0.027319025728727575
0.0035025110530084724
-0.03449350655320088
-0.11988510227642868
-0.21356365979776842
-0.3051168830488335
-0.39029662845404556
-0.46637799129539304
-0.5
-0.5
-0.5
-0.5
-0.8775845393538475
-1.2614827454090118
-1.1366209387779236
-0.9943027496337891
-1.1829162389039993
-1.1133491694927216
-1.0557690858840942
-1.3064100742340088
-1.107448399066925
-0.9309376403689384
-1.1261766254901886
-1.2608531713485718
-1.0513702034950256
-0.911543071269989
-1.2822737395763397
-1.120182603597641
-1.1912592053413391
-1.2161801159381866
-1.2661758363246918
-1.1707421243190765
-1.0747747421264648
-1.0793613642454147
-1.0221883803606033
-1.0824675650347753
-0.811193721336065
-0.7439905667121578
-0.5039804458800519
-0.3980782527882396
-0.28319702568253013
-0.13978358346286557
-0.17491098323569276
-0.290117272877354
-0.11093201035206435
0.042964741171623744
-0.19137760223878697
-0.4437527794399201
-0.22598387924501795
-0.10507058156429949
-0.4330772838021866
-0.526963615361906
-0.5001837228089959
-0.6029711808348415
-0.7341333886772702
-0.873150863127576
-0.7835386315934011
-1.0385226027153203
-1.068280816078186
-1.1659661531448364
-1.1075636148452759
-1.0429769456386566
-1.1911775469779968
-1.1746156513690948
-1.2286412417888641
-1.099076122045517
-1.0589296370744705
-1.0304074585437775
-1.183250680565834
-1.0825660228729248
-1.0394398123025894
-1.2795265316963196
-1.0194006860256195
-1.2355055510997772
-1.025319665670395
-1.1247929632663727
-1.0753617584705353
-1.123272255063057
-1.1437208950519562
-1.0458769798278809
-1.0242713689804077
-1.1360633373260498
-1.1892491281032562
-1.1833679676055908
-0.7907845483034172
-1.0236993078323922
-0.5100565388409836
-0.6554908053144023
-0.6652619109784941
-0.39789050146714156
-0.2345770299391633
-0.35414365353038124
-0.1535427692488458
-0.0868020814964725
-0.08529456441075
-0.05358560388428546
-0.3732678131639532
-0.18496335950355258
-0.4737607438443534
-0.26572773142313655
-0.23747947697232097
-0.48488418116123894
-0.4972650722580096
-0.6630566030068181
-0.8778062367677771
-0.8620963144194815
-0.9165792405775851
-1.0735424868429482
-0.902495265007019
-1.204861044883728
-1.078769475221634
-1.1151742339134216
-1.0152198672294617
-0.9386292770504951
-1.2738300561904907
-0.9657630920410156
-1.0484669208526611
-0.9533673226833344
-0.9488450884819031
-1.1603217124938965
-1.0671995878219604
-1.1014452278614044
-1.2628848552703857
-0.9683567583560944
-1.0240196585655212
-1.1658337116241455
-1.0830542147159576
-1.1422061026096344
-1.1399826407432556
-1.102807641029358
-0.7070332765579224
-1.2076765894889832
-1.06096151471138
-1.0820157527923584
-1.0812029591943217
-0.8300526133881988
-0.8156283650815467
-0.7298857922056204
-0.3292619747510221
-0.27125594109881745
-0.31238400173926983
-0.3571647462719252
0.024829843223329595
-0.1971374354626133
-0.2854248771101674
-0.2043247947891086
0.044918105587307355
-0.22355692914239
-0.33925936873734464
-0.19889912258401987
-0.21884540580608125
-0.32102380615310583
-0.49034842769848985
-0.7524495481863309
-0.5726939232549662
-0.8711240884750101
-1.0592162567532917
-1.0249321421047524
-1.0838957726955414
-0.9412133395671844
-0.9132494628429413
-0.9658833146095276
-1.0375621318817139
-1.133763164281845
-1.1641472280025482
-0.9317846596240997
-1.1059962809085846
-1.1523007154464722
-1.0963416695594788
-0.9524166882038116
-1.0293689966201782
-1.2000231742858887
-0.9982924461364746
-1.0918036997318268
-1.2125432193279266
-0.8202231973409653
-1.179412305355072
-0.9342139959335327
-1.1512487828731537
-0.9704149663448334
-1.1060235500335693
-0.9910836517810822
-1.0104178190231323
-0.9236167222261429
-0.9831931904417244
-0.8092675512227203
-0.6549382873919996
-0.4255833454377472
-0.30627210707378316
-0.2393042729214202
-0.35294972427262905
-0.0431334060288695
0.061983395356555726
-0.2740699495326264
-0.08029394044495441
0.1754024393914937
-0.1462154835580577
-0.08521486835851588
-0.258151753448721
-0.19021070113183902
-0.43502793810213314
-0.3776163239083565
-0.5850063694876236
-0.6281691475825633
-0.7977578511516282
-0.6701635005315141
-0.9043662152037159
-0.9968326389789581
-1.0401827096939087
-0.791613981127739
-1.0114101320505142
-1.1523552536964417
-0.9853973090648651
-1.0657134354114532
-0.8995418101549149
-0.9723436832427979
-0.9797605574131012
-0.9840961694717407
-0.932967945933342
-1.0771863162517548
-1.004117637872696
-0.8549778908491135
-1.0627334117889404
-1.0464451909065247
-0.8929037600755692
-0.9754441380500793
-0.8842354118824005
-1.11653932929039
-1.0049369633197784
-1.145990937948227
-0.9908570051193237
-1.026091143488884
-0.5746596157550812
-0.7369116395711899
-0.8844013674419263
-0.7628277027695785
-0.5907171329038672
-0.4918756638894938
-0.39691211785928027
-0.35338295309514056
-0.22444889067442053
-0.24251040168022142
0.1359861097747227
-0.14387716063060707
0.05574803107183213
-0.057047995430346665
-0.07488375159630112
-0.04229066398316961
-0.11952732320367565
-0.03571494848217449
-0.16803653373257987
-0.4503108426066291
-0.26913209064185345
-0.31539004824080175
-0.710948647105802
-0.8679111390206762
-0.9105820851579427
-0.9319289773702621
-1.0146517157554626
-0.8430274873971939
-0.9732950031757355
-1.2200462818145752
-0.9144076406955719
-0.9552936255931854
-0.8878853768110275
-1.0197317004203796
-0.8609830588102341
-0.8868085443973541
-0.9895438551902771
-0.6967844814062119
-0.899444967508316
-1.0068334937095642
-0.8095057010650635
-0.9029153138399124
-0.9675724506378174
-0.8013828843832016
-0.8823627233505249
-0.734936311841011
-0.8749330341815948
-0.9956512749195099
-1.0929158329963684
-0.8163070529699326
-0.9619369059801102
-0.8088942915201187
-0.8528265142166231
-0.7280526050207089
-0.6692207268846968
-0.5442780993652963
-0.3728258703055629
-0.27840953684812664
0.08069430841883496
-0.023094945450319204
-0.1529416359085196
-0.023350342019486492
0.13264366640006742
-0.06850620040020705
0.035493607952202466
-0.17170398102325268
-0.23103746553945437
-0.4494933509193525
-0.29757385586363383
-0.25212911599771237
-0.4339772619162944
-0.4584298978342869
-0.5125157527190055
-0.6104873077588037
-0.6831138510372678
-0.9697023779153824
-1.0030458122491837
-0.840053915977478
-1.07158163189888
-1.0617972314357758
-1.0156023502349854
-0.9768939912319183
-0.9112507998943329
-0.93415567278862
-0.7279316484928131
-0.7546823173761368
-0.7858588397502899
-0.8054553717374802
-0.8519170880317688
-0.8903411477804184
-0.8328040242195129
-1.039945811033249
-0.8800574839115143
-0.7109150220640004
-0.8979061245918274
-0.9162428677082062
-0.8039432018995285
-0.8781350180506706
-0.9256055057048798
-0.9513077139854431
-0.9891499280929565
-0.9653742164373398
-0.6569658556444078
-0.656871315843764
-0.5409060928251512
-0.43015583855602463
-0.2835214178784471
-0.2807188470332723
-0.11077759441225188
-0.024988408518067495
0.007047572979211658
0.16396587798677875
-0.14883322151909129
-0.23142982446659865
-0.046694379716200274
0.21186026049092221
-0.07749223290244123
-0.196975934153529
-0.17559867960049313
-0.3524415307286291
-0.5325343021494217
-0.6513804606383347
-0.5761792514183176
-0.5807329969806131
-0.8390527310581124
-0.9601735174655914
-1.1025298237800598
-0.9571307599544525
-0.8653908222913742
-0.8488927930593491
-0.9551052451133728
-0.8824301660060883
-1.0413218289613724
-0.9389718174934387
-0.7765605449676514
-0.7241274267435074
-0.7034244649112225
-0.8145797103643417
-0.7871381118893623
-0.7496988773345947
-0.8863240033388138
-0.8146422207355499
-1.0066937506198883
-0.920655146241188
-0.571458250284195
-0.9687003493309021
-0.9215783029794693
-0.8254707604646683
-0.8453002423048019
-0.9961403012275696
-0.9187158644199371
-0.7456478327512741
-0.7165874372755945
-0.5657418730191861
-0.31535598254267183
-0.3619738925986591
-0.1352899062520574
-0.2716385892184884
-0.09789069457376198
-0.3663893262814176
-0.06561043501943586
0.09868090519152162
0.019841072032669382
-0.1849532876813641
0.07220308280923649
0.06441167145903437
0.04293907379248185
-0.4067363543353706
-0.2624448309812455
-0.34504078362038126
-0.3793354875801232
-0.6072407685083279
-0.6184350179348331
-0.815795626321011
-0.8021520962144328
-0.9014121890068054
-0.7726432681083679
-1.0775414854288101
-0.7487034201622009
-0.9055430442094803
-1.0696418583393097
-0.8540095537900925
-0.7650357037782669
-0.884280763566494
-0.6869772337377071
-0.7009320706129074
-0.5888457670807838
-0.8834864348173141
-0.7400671243667603
-0.8924678135663271
-1.0216944515705109
-0.8143262416124344
-0.931261882185936
-0.49907638132572174
-0.8873483338393271
-0.7441209778189659
-0.9216384589672089
-0.7928507626056671
-0.8813855350017548
-0.7685330212116241
-0.9419550001621246
-0.7988119162148586
-0.7002786683993691
-0.45353111348079594
-0.35212816498655103
-0.4558723762579998
-0.001311334190619351
-0.39690314719085895
-0.2840073677404663
0.09114277940986548
0.04477377624984513
-0.27215449404700254
0.008596005628013992
-0.07211685721827144
-0.27970531948082045
-0.2313849094447512
-0.14638189671584556
-0.12600562758241263
-0.32296273936928876
-0.6009321104920612
-0.3613631362789595
-0.6757029625582551
-0.6082769052905815
-0.8202749292298755
-0.7914778302640216
-0.8330845944583416
-1.0023582577705383
-0.8153672516345978
-0.9680335372686386
-0.9650301039218903
-0.9680660963058472
-0.9719067960977554
-0.7947522550821304
-0.9880941808223724
-0.8062777370214462
-0.8174963295459747
-0.8700921684503555
-0.8023366779088974
-0.7374279797077179
-0.8290282189846039
-0.6875495463609695
-0.7420244216918945
-0.8330225311219692
-0.7351832687854767
-0.8974496349692345
-0.7801709081977606
-0.8641102388501167
-0.6154521405696869
-0.6650913171470165
-0.9556843638420105
-0.940333753824234
-0.7497848571758244
-0.9627376784795276
-0.5853010627478317
-0.5595686693885311
-0.23628723827240233
-0.2624854048803671
-0.24534419402626118
-0.18580782513591276
-0.12826011320111785
-0.13253749080278898
-0.01573189459062707
-0.2023405849751314
-0.1617800997423149
-0.1269712994380876
-0.09918920327783542
-0.10288545180615627
-0.35086379875915885
-0.5009457357491499
-0.42373689731226116
-0.6916793475511247
-0.4569463810790128
-0.6722489606013369
-0.5829505059572633
-0.8489845891016505
-0.9805661141872406
-0.866581991314888
-0.8178351819515228
-0.9574051648378372
-0.8766753673553467
-1.0321490466594696
-0.7982529401779175
-0.9209637343883514
-0.8372061252593994
-0.8519803881645203
-0.6831927541643381
-0.9175429493188858
-0.7662833705544472
-0.8091446608304977
-0.8089151531457901
-0.8701455742120743
-0.7862473651766777
-0.7172386180609465
-0.8183267116546631
-0.7457614541053772
-0.707666665315628
-0.7094469498842955
-0.9967447221279144
-1.107884705066681
-0.85863196849823
-0.948571689426899
-0.711156918028145
-0.7166949259410675
-0.7560249456823235
-0.45199984980383234
-0.11313758501130122
-0.45509298119149066
-0.39452994935635655
0.0017501185632466942
0.11818807235596374
-0.04027002391694301
-0.06013888122435518
-0.06466873237471849
0.09750997817005813
-0.26934436344225354
-0.3417428122548083
-0.38946900618406144
-0.30802424043769505
-0.23299089015429286
-0.35695267476201303
-0.6585979540597506
-0.6634575311111708
-0.5639323109531388
-1.065348112142669
-0.8213317710262049
-1.1081636548042297
-1.126325398683548
-0.8657153248786926
-0.6488002240657806
-0.7357795229181647
-0.9634780287742615
-1.0343993306159973
-0.7786006033420563
-0.9328300803899765
-0.8691622838377953
-0.6850079596042633
-0.708995196968317
-0.8412050157785416
-0.6738234013319016
-0.8104845806956291
-0.8375359904021025
-0.7481134012341499
-0.7066437304019928
-0.9691886603832245
-0.9139773324131966
-0.8260329589247704
-0.9090431183576584
-0.879992788657546
-1.0485904812812805
-0.850731372833252
-0.8116617351770401
-0.689050167042613
-0.6306746801323895
-0.3677139107512243
-0.31431752414725694
-0.03045822356228528
-0.4549672097402109
-0.281098512081597
-0.36685402810615386
0.18485035706908903
-0.10934396950750014
-0.16784017204717439
-0.16286713752385262
-0.0712090716736955
-0.028135372566140182
-0.26829144160931606
-0.15955669913114856
-0.40109680833556904
-0.4000878164738225
-0.20218645718777473
-0.6609898459376844
-0.7379933777229936
-0.7564435358341576
-0.9391871246314492
-0.827919602394104
-0.958722211420536
-1.0475447922945023
-0.8402990996837616
-0.9565853625535965
-0.678755909204483
-0.8332217484712601
-0.7021690607070923
-0.7965879775583744
-0.6989786103367805
-0.9309577196836472
-0.6908258125185966
-0.6996796503663063
-0.7715800255537033
-0.4926777444779873
-0.8478558659553528
-0.6321077011525631
-1.041018009185791
-0.8658692240715027
-0.9203760921955109
-0.8945833146572113
-0.7345765754580498
-1.107100009918213
-0.8939411081373692
-1.0169782191514969
-0.9028797149658203
-0.8075539395213127
-0.7934010578998207
-0.810227350318825
-0.6716130804132582
-0.2662872367977733
-0.315279654107439
-0.2826444599044905
-0.01300200033711818
-0.20731394037788498
-0.22778026721148348
0.12985102569347795
-0.06147766382924069
-0.18681899359398402
-0.1007345847788893
-0.3182306141904816
-0.24197653836284772
-0.1817366070485189
-0.36286272135221553
-0.3214930545833533
-0.278827905117636
-0.5486674482173828
-0.7316579740687615
-0.5520534855330931
-0.45053380163079954
-0.8801831677556038
-1.0922729969024658
-1.0075657665729523
-0.930742010474205
-1.0307061076164246
-0.7073656320571899
-0.8856399655342102
-0.9317648410797119
-0.8784571960568428
-0.9033645242452621
-0.6989201009273529
-0.8389274626970291
-0.5505564510822296
-0.9867560267448425
-0.8710218518972397
-0.6392408907413483
-0.8629588931798935
-0.8817352503538132
-0.6978213489055634
-0.8338886052370071
-0.6284213066101074
-0.4569060876965523
-0.8838161379098892
-0.9565832316875458
-0.6927157640457153
-0.9486410915851593
-0.8474798798561096
-0.8532320067402444
-0.7261409921907216
-0.5745000948784185
-0.5001603008470901
-0.2880455681282805
-0.14477621901025783
-0.2164416375783531
-0.08916371656792055
-0.09022652198318215
0.03315793680578072
-0.11714368285790222
-0.09874685082700385
-0.22846767186959005
-0.18402768027637828
-0.24680691870019245
-0.2294055904510256
-0.36269780372597415
-0.2077866662446517
-0.577056049176367
-0.6933623403820293
-0.7948899701522618
-0.7569420418452377
-0.8621049986418922
-0.6541618630290031
-0.9356245994567871
-0.8803323581814766
-0.9504269659519196
-0.9375268518924713
-0.8587720394134521
-0.9883467331528664
-0.9597744047641754
-0.9162297323346138
-0.48811477422714233
-0.7724211886525154
-0.7234028577804565
-0.6890737414360046
-0.6889598295092583
-0.8006401006132364
-0.715827903477475
-0.7808587998151779
-0.7702865526080132
-0.7457123585045338
-0.899655893445015
-0.8056527078151703
-0.783128596842289
-0.6356300562620163
-0.8519314527511597
-0.8429012298583984
-0.9547999799251556
-0.9241157323122025
-0.9507983047766979
-0.7969095342855551
-0.6012661852464282
-0.5158821713097239
-0.46151118563815463
-0.2507014296451855
-0.27871268584196207
-0.30631616406295836
-0.007866102320559398
-0.10607131760828914
0.028337297679886908
-0.1251077589948033
-0.3138528401190459
-0.22741236971231604
-0.3623660670893969
-0.4752584390709699
-0.07784178749307313
-0.5932259685384187
-0.2983555957855351
-0.695586268136265
-0.7779566785004002
-0.8101764252151918
-0.6918400878577213
-0.9793038964271545
-0.6488532014191151
-0.9254076257348061
-1.1198358237743378
-0.8482872247695923
-0.7397530674934387
-0.7908875644207001
-0.950883150100708
-0.8525653332471848
-0.7199112214148045
-0.7841007709503174
-0.8416292369365692
-0.7985676527023315
-0.769785113632679
-0.622605636715889
-0.7366847693920135
-0.9691569805145264
-0.6857239827513695
-0.5695781707763672
-0.7432294748723507
-0.8693546801805496
-0.9199527353048325
-0.8285755068063736
-0.7204631194472313
-0.7849821671843529
-0.8701590597629547
-0.9743760898709297
-0.5910465336198367
-0.5138188365249172
-0.5737045243386358
-0.643205517451604
-0.3573404771168417
-0.15687682882071852
-0.48047938291092285
-0.1739737438384117
-0.013128555556573773
0.0063623026876007405
-0.15082151923985931
-0.22710048259209625
-0.3679329767436563
-0.2528097900854426
-0.34322423097451904
-0.2843033537869728
-0.4325914958403646
-0.3477806061987677
-0.5305432701561217
-0.5094478795928461
-0.8158521670425793
-0.8001237879143556
-0.7759158465491532
-0.8861652761697769
-0.8456938862800598
-1.0151858180761337
-0.9932044744491577
-0.8054160475730896
-0.8114459961652756
-0.8900153115391731
-0.9022201299667358
-0.9822761863470078
-0.7711605131626129
-0.8678238689899445
-0.7353494018316269
-0.7259579114615917
-0.8536789491772652
-0.893412172794342
-0.785335436463356
-0.7465316951274872
-0.5732666701078415
-0.783298822119832
-1.0026354491710663
-0.9360503107309341
-0.8790504485368729
-0.807492159307003
-0.9564197361469269
-0.7388126328587532
-0.8967009782791138
-0.7944615334272385
-0.738311811157205
-0.6650007301796441
-0.4946682734177603
-0.47394403781580285
-0.28873950218439826
-0.1550662434203347
-0.1955133687093219
-0.13604747281728702
-0.12485179787710421
-0.007824462292580714
-0.005130594828469781
0.05160025208027108
-0.2006944088921081
-0.051342791142981126
-0.2532934121747914
-0.254916767954096
-0.15716670557274104
-0.03660244992063383
-0.36234026917163886
-0.6889477244614453
-0.8751470797822136
-0.7329504922198194
-0.49337820982060726
-0.9839366674423218
-0.9116975869983435
-0.7080653188750148
-0.9411288797855377
-0.9569910168647766
-0.8824805542826653
-0.7439759895205498
-1.0056805610656738
-0.9376896619796753
-0.5042656287550926
-0.7788753882050514
-0.6314660124480724
-0.9584534466266632
-0.8106176238507032
-0.7665991187095642
-0.8223932683467865
-0.7168256342411041
-0.8699496984481812
-0.8510935455560684
-0.9164577722549438
-0.9140909165143967
-0.8914137408137321
-0.9989398419857025
-0.6249421536922455
-0.7118847817182541
-1.1315995752811432
-0.9015469290794916
-0.6638034734934379
-0.5935639935884609
-0.29721622093810085
-0.35953857762303437
-0.41859033617093155
-0.13366745328013396
-0.04731631315471874
-0.16070747577252564
-0.11790161071000538
-0.08507961860977908
-0.3844186637981616
-0.26801171493713594
-0.2775958241719658
-0.24418869280761646
-0.21019859614480418
-0.3908581559948371
-0.40648660284701293
-0.4468587922244371
-0.6079939036830251
-0.6141726900244506
-0.559962251056006
-0.6001274747916647
-1.1437254694606962
-0.984462782740593
-1.0102342814207077
-0.6091317236423492
-1.0121377110481262
-0.8049845844507217
-0.45935602486133575
-0.7232794724404812
-0.8505865037441254
-0.5364154577255249
-0.7621886879205704
-0.8954109847545624
-0.8024377226829529
-0.646089717745781
-0.9223994016647339
-0.792799836024642
-0.8090977072715759
-0.7817317098379135
-0.6937483251094818
-0.8298110067844391
-0.7810599207878113
-0.8259982913732529
-0.7385472021996975
-0.978085920214653
-0.8343754187226295
-0.8823222517967224
-0.8617585301399231
-0.6503799086649908
-0.6788152805315779
-0.6552964382745778
-0.24456135822804576
-0.26326526481294066
-0.13481096126234415
-0.12706014350016115
-0.04650927886544798
0.21121990161546178
0.08597668444426165
-0.2579179162852947
-0.03675725034505184
-0.06408757877958726
-0.2205836584494386
-0.16333251960400286
-0.37318104604745805
-0.3504073770603354
-0.34284565776207976
-0.5645624092213287
-0.513842325314757
-0.5259004179722703
-0.6278095189678614
-0.8957573831962856
-1.0051112227249386
-0.9726625382900238
-0.7430079579353333
-0.6314371600747108
-1.0278360396623611
-0.9902108907699585
-0.8658008575439453
-0.6809828504920006
-0.9506285935640335
-1.0185231938958168
-0.7114019840955734
-0.8004003167152405
-0.8237330615520477
-0.8232513219118118
-0.9364990144968033
-0.9075089991092682
-0.9257000088691711
-1.0471795499324799
-0.912907063961029
-0.8311163485050201
-0.7107513546943665
-0.6717464402318001
-0.8343702256679535
-0.8553164601325989
-0.8754359632730484
-0.9595912992954254
-1.0484175086021423
-0.9677036998820767
-0.6232617090430509
-0.8860696231831939
-0.4457446108367594
-0.46313799736366096
-0.19199723908221789
-0.12120404538569884
-0.001089363422254741
-0.1177976957593706
-0.07370745400670986
-0.27798466384011433
-0.13483941563756596
0.17905637183949163
-0.20002768623967793
-0.4317171563597696
-0.17866022593906628
-0.3628542049991199
-0.2661614944044663
-0.17883681192664808
-0.5516948031569172
-0.7992445560679091
-0.6998189202867426
-0.8969867662317045
-1.1441850066184998
-0.8312751203775406
-0.876806914806366
-0.8857562812045217
-0.8821696639060974
-0.8879479169845581
-0.6832635700702667
-0.9238891750574112
-0.8172939419746399
-0.9110248237848282
-0.9849857240915298
-0.8678149655461311
-0.8963078483939171
-0.8889593034982681
-0.7136384844779968
-0.8734560310840607
-0.8758653551340103
-0.8913489580154419
-0.8670752197504044
-0.8792518824338913
-0.6054458767175674
-0.8452469632029533
-0.8192476183176041
-1.0440602600574493
-0.9967788606882095
-0.9141889661550522
-0.9018743485212326
-0.8075056216663283
-0.7883154857687323
-0.6713187717102223
-0.4007544624720768
-0.4112127154917075
-0.2689904592094845
-0.20182312867806196
-0.2638393247396955
-0.3028663992992595
-0.2617027390159723
-0.16050714338637384
-0.11924758936058599
-0.059492763004657334
-0.34365249006868437
-0.4398845034850606
-0.4759134750838082
-0.17612556288033332
-0.47346162516977897
-0.3755117488860959
-0.397260813669655
-0.5419665526770472
-0.643287273290053
-0.7870866389346349
-0.9155138432979584
-0.7491580545902252
-0.7071487903594971
-0.6839100942015648
-0.9858199954032898
-0.7801151275634766
-0.7797598391771317
-0.8048713654279709
-0.8390861451625824
-0.8868968635797501
-0.656529501080513
-0.7919969111680984
-0.7797316759824753
-0.7591696009039879
-0.6337718516588211
-0.8103516809642315
-0.7360548079013824
-0.7291891276836395
-0.9628248512744904
-0.6961960941553116
-0.7328826487064362
-0.9935023784637451
-0.8512280136346817
-0.9632887691259384
-0.9305200576782227
-0.8046983480453491
-0.8038072064518929
-0.8245198849524343
-0.4522779232273374
-0.6735999698487877
-0.41220419294487903
-0.3397211600547772
-0.3822929124668182
-0.3707528214411252
-0.28961653793734454
-0.19659804845838902
0.3175003094861364
0.011253233351804837
-0.056985823128745894
-0.3039488216522954
0.032878605980741216
-0.06168685722204792
-0.11259902576731207
-0.3599954412180425
-0.19408074093053385
-0.8407562762573527
-0.5930326832216228
-0.5862837921741184
-0.624559769838397
-0.9101865685090595
-1.0233460366725922
-0.8190531879663467
-0.8510586321353912
-1.089849829673767
-0.762559562921524
-0.6521631255745888
-0.9306010752916336
-0.6840426251292229
-0.9918614625930786
-0.6629348397254944
-0.9224223494529724
-0.7917029708623886
-0.7634839965030551
-0.8106156140565872
-0.707189291715622
-0.7580795660614967
-0.8416300266981125
-0.6168322861194611
-0.7476490885019302
-0.9548014402389526
-0.5845167934894562
-0.7378449589014053
-0.8549961745738983
-0.6911561563611031
-0.953857421875
-0.979063868522644
-0.8911252915859222
-0.8086410290881324
-0.6852122866781041
-0.47857191464216225
-0.33182035876912197
-0.09920795700525065
-0.35171975370241504
-0.2669599615824345
0.03981178011813635
0.17430299652350112
-0.12455073691314167
-0.0044677038538414315
0.0937686252454294
-0.05599195828405468
-0.030762409542419267
-0.18172409669143286
-0.25751472371927464
-0.4427900600448835
-0.17895501545993758
-0.4611792143281082
-0.6966536167124331
-0.5319607964594422
-0.6291871356287805
-0.6820772091315236
-0.9246132299304008
-0.9470255374908447
-0.9233384430408478
-0.8616513898596168
-1.0215522944927216
-0.6684509217739105
-0.8306666016578674
-0.6602287068963051
-0.6601293832063675
-1.0545319616794586
-0.8212566282600164
-0.8322045430541039
-0.8919063806533813
-0.9375119358301163
-0.7111362963914871
-0.9268425554037094
-0.8527879267930984
-0.8790587931871414
-0.7180679067969322
-0.7787422761321068
-0.9598814696073532
-0.9113785624504089
-0.8152294456958771
-0.8856582939624786
-0.8605598732829094
-0.873937338590622
-0.8705489486455917
-0.7678147184888402
-0.6547009926983094
-0.3263396482583713
-0.5008963330641223
-0.4028526078740211
-0.2179824171097855
-0.11739420636759279
-0.27391256238045103
-0.06627646338592519
0.09695816277529146
-0.24688214009236986
-0.18875876721737728
-0.2489459286077571
-0.3510920029797113
-0.3880127956154338
-0.23457315540085633
-0.4289948157043153
-0.3895879924100864
-0.678845132596215
-0.6238853788723551
-0.5661020503527578
-0.726097586542874
-1.032725054105009
-1.0118913799524307
-0.9987714290618896
-0.7290241196751595
-0.7349177487194538
-0.9595656096935272
-0.6813468337059021
-0.7675890624523163
-0.9814449548721313
-0.821674294769764
-0.9062752723693848
-0.8706855922937393
-0.6995824575424194
-0.9695293009281158
-0.9543084800243378
-0.8429936766624451
-0.817707359790802
-0.713829692453146
-0.8982224613428116
-0.8754829913377762
-0.5892269611358643
-0.7738080024719238
-0.7899252499919385
-0.865311399102211
-0.9164588674902916
-0.9962296783924103
-0.6988207586109638
-0.8795115947723389
-0.7772708175175458
-0.5974878441656435
-0.48278317455177283
-0.3801081464710745
-0.37312523577161616
-0.38139082184839024
-0.08064490758154086
-0.06382728856438502
0.04007934151935144
-0.13316950460525323
-0.18356408227823184
-0.10129855875288774
-0.24756931784478187
-0.10604762960409542
-0.2570357693308891
-0.45023429245745417
-0.45445307816445946
-0.553096652284682
-0.3740581381421523
-0.5917724144031451
-0.6762844807145438
-0.8126348323801093
-0.9299897178329979
-0.877529039978981
-0.8346406072378159
-0.9597488343715668
-0.8914273828268051
-0.8961409032344818
-0.76329505443573
-0.8101175427436829
-0.8741813972592354
-0.8289605677127838
-0.7152282297611237
-0.6086772307753563
-0.7958246674388647
-0.7572599202394485
-0.8084073513746262
-0.6930394917726517
-0.9956498146057129
-0.9212998747825623
-0.8561704307794571
-0.8353302627801895
-0.8244986832141876
-0.7950394079089165
-0.9324823468923569
-0.8203044682741165
-0.7956106662750244
-0.9408668577671051
-0.7057152986526489
-0.7893309493738483
-0.8108892129830748
-0.41108603220298046
-0.5375692252464042
-0.3674406053428577
-0.17229830898101484
0.010683861392194904
-0.13094341572509605
-0.16215697726294542
0.10062152200785235
0.09092497177716319
-0.16959570560365944
-0.08596691714727012
-0.14790216159818192
-0.33060987026693933
-0.36186886642820504
-0.2710441281508589
-0.3490340533995967
-0.6595583652847421
-0.6839886263581636
-0.5755327367070305
-0.6020587888659008
-0.8551945245540553
-0.7656620420452585
-0.9140938371419907
-1.0105023235082626
-0.7244949042797089
-0.8901239931583405
-0.822061762213707
-0.8207843052223325
-0.8482716977596283
-0.8572045937180519
-0.6628538146615028
-0.8517590165138245
-0.8593079298734665
-0.8664590269327164
-0.774221807718277
-0.6142558231949806
-0.7653433978557587
-0.840800330042839
-0.7872277796268463
-0.7531454414129257
-0.9800910204648972
-0.8182870596647263
-0.7994029000401497
-0.7375031262636185
-0.7308676838874817
-0.8048394806683064
-0.8697662651538849
-1.0109613239765167
-0.6702515903945238
-0.9321061378000111
-0.5913852819107231
-0.3328268023268212
0.04742303221007227
-0.28551905203925265
-0.3227248311916675
-0.4492728856163468
-0.2063422692006902
-0.08122440235612527
-0.221883257912042
-0.3213454477796994
-0.4737171562303162
-0.1382297897017466
-0.22253506354575547
-0.2889506731248902
-0.2228371251596516
-0.4476637833610539
-0.38752797788646587
-0.4990414582195407
-0.6512961445358113
-1.0176305626792477
-0.7276480218332635
-0.9127977698739175
-0.9467597454786301
-1.0523625016212463
-0.9354636147618294
-0.9132905006408691
-0.9181481599807739
-0.8692496716976166
-0.7832203507423401
-0.8414358198642731
-0.8382735252380371
-0.5468287598341703
-0.7643085569143295
-0.6978062093257904
-0.9006983935832977
-0.679295226931572
-0.740090399980545
-0.9981008470058441
-0.6455128565430641
-0.8531888127326965
-0.35088579915463924
-0.6827436052262783
-0.835441991686821
-0.8406858146190643
-0.8099966794252396
-0.9203976094722748
-0.857939325273037
-0.8197856247425079
-0.7561451248013542
-0.5814342993598041
-0.6312419017288562
-0.496182247308848
-0.478553564377388
-0.333029560620384
-0.1961978086027304
0.026799306398308298
-0.024085712333070552
-0.09350247985503446
0.057729960142550274
-0.0857350192100097
-0.3161404028522883
-0.2812367913950763
-0.35393581147802455
-0.16350832071207755
-0.27102568959421736
-0.3051229171607438
-0.24732728903293982
-0.4486181573859859
-0.7757732679222378
-0.7167313256612473
-0.9012117988396735
-1.1288667917251587
-0.9736054539680481
-0.8008818104863167
-0.9621379375457764
-0.7357652634382248
-0.9933594763278961
-0.6860435754060745
-0.8989647626876831
-0.4964203455019742
-0.9147590100765228
-0.7937259569298476
-0.6812171721830964
-0.7849813275970519
-0.9891313761472702
-0.7638012394309044
-0.7967137321829796
-0.7951168268918991
-0.9577679708600044
-0.6193127706646919
-0.9362444430589676
-1.0784340798854828
-0.8805088996887207
-0.8421202898025513
-0.9285234808921814
-0.8395327627658844
-0.982109472155571
-0.9997993409633636
-0.6058425296531036
-0.4474180456276611
-0.5778770808583079
-0.41302073541213646
-0.30803515265152803
-0.3583345603868747
-0.018199810684413675
-0.023322949603784338
-0.30434245349996103
-0.09242809547693431
-0.0992385789174427
-0.159102780351553
-0.20180398421921142
-0.3681645237178989
-0.46049592767237923
-0.3810219908780125
-0.29613905030166987
-0.45713729151061205
-0.4125282183350238
-0.3884695529921968
-0.5970893212644304
-0.5310615575784137
-0.826831991767347
-1.0131047368049622
-0.8555793315172195
-0.8616203591227531
-0.9401767253875732
-0.8597548604011536
-0.9738630801439285
-0.7440730035305023
-0.8698711693286896
-0.9539273232221603
-0.8221702575683594
-0.8819852322340012
-0.8412037640810013
-0.8437805771827698
-0.8378913328051567
-0.8178870379924774
-0.6751942820847034
-0.7800750434398651
-0.7751322984695435
-0.6688355356454849
-0.7729986235499382
-0.7765633799135685
-0.8143155127763748
-0.9602009281516075
-1.0090289562940598
-0.894810538738966
-0.9089749120175838
-1.0140256881713867
-0.8633713533003499
-0.684014986995926
-0.6831149942113207
-0.5208157884692642
-0.06462840745276455
-0.2304849692304045
-0.2012107287180266
-0.32782439805149943
-0.033015057297500094
-0.10514125981088684
-0.12130358793852158
-0.08016898798619676
-0.2249459002016867
-0.15190707019317773
-0.11150507325617331
-0.2740777274603111
-0.20806026098006103
-0.46268017568235786
-0.4543165969114814
-0.4774636163720738
-0.5746181619505097
-0.7620844471788359
-0.9041330780081611
-0.8780675232410431
-0.8953548073768616
-0.9617718122899532
-1.034883052110672
-1.069634109735489
-0.9574613571166992
-0.8582280874252319
-0.8051836946979165
-0.8715546727180481
-0.9614820331335068
-0.9631348848342896
-0.8969447612762451
-0.8864981830120087
-0.9161967039108276
-0.7757547795772552
-0.6363014578819275
-0.6829229444265366
-0.8390727639198303
-0.7778197526931763
-0.8181111365556717
-0.8195794448256493
-1.1376593261957169
-0.8427225202322006
-0.84225844591856
-1.0026473850011826
-0.9071817994117737
-0.9552141204476357
-0.856257431114783
-0.6874857200492244
-0.6572389401750216
-0.40328834461405216
-0.3876508279611751
-0.21454447699719892
-0.30100000856780507
-0.15873093830418372
0.16152880759693822
-0.1763817431935858
-0.029069807151771876
-0.11380958808810993
-0.29950752313675244
-0.2178554194689727
-0.19802033377093908
-0.26708743289038184
-0.2581558828783095
-0.4741685892477443
-0.384043013308083
-0.545802455661008
-0.7565821651418109
-0.8575720352377859
-0.7551306155472528
-0.989033043384552
-0.8588936030864716
-0.9499092698097229
-0.6693526040762663
-0.753504291176796
-0.9281882494688034
-0.8167044371366501
-0.8570297211408615
-0.6820999979972839
-0.7012034505605698
-0.8473255932331085
-0.8590020835399628
-0.9904665797948837
-0.7491134107112885
-0.7572936713695526
-0.8603623881936073
-0.6737608909606934
-0.6999178864061832
-0.8118900060653687
-0.7132772505283356
-0.8467356711626053
-0.8044397830963135
-0.9332479238510132
-0.6220103353261948
-0.7345868945121765
-0.9209140688180923
-1.0607521831989288
-0.7797553474990302
-0.7770150083199439
-0.43154936678892597
-0.3644367098058414
-0.3508640201877945
-0.23629553320529217
-0.06786473048378694
-0.019939294955199305
-0.10949290190620675
-0.010599706194483138
0.030458893305125634
-0.21358043293876683
-0.14528399487137944
-0.2980084189416593
-0.23836390481782932
-0.40939705234289114
-0.38119604756258507
0.01640023930194051
-0.3446495912748573
-0.5294030214761074
-0.7531179496015493
-0.5891543754012225
-1.1906971522943528
-0.6423307284712791
-0.8575503453612328
-0.827614963054657
-0.8977115899324417
-0.9407334923744202
-0.8998909741640091
-0.8716858476400375
-0.793531134724617
-0.6854580789804459
-0.674061942845583
-0.8737428486347198
-0.866346538066864
-0.6655530631542206
-0.562624603509903
-0.6946290731430054
-0.48321158438920975
-0.9352919459342957
-0.8778895139694214
-0.6441802710760385
-0.8364754095673561
-0.8167505338788033
-0.7830995321273804
-0.9832890331745148
-1.0470010936260223
-1.0421584397554398
-0.9669269025325775
-0.7661046013236046
-0.7652438011908489
-0.8098737748720095
-0.40050788014317573
-0.3894599705042728
-0.40673280235794285
-0.042112522953707154
-0.31631156436318364
-0.04496279744219989
-0.17479731897543782
-0.018187886553210686
-0.1595576556984727
-0.14968776984882404
-0.1719753236865088
-0.3112563663142949
-0.5870669912754158
-0.2728130855784303
-0.1919070147417875
-0.46012669268944245
-0.6024310582214157
-0.5577782744840476
-0.7495873297200843
-0.7878472980539648
-0.9787199757963456
-1.0041562840342522
-1.0563989132642746
-0.8564673662185669
-1.0287329852581024
-0.7114160219207406
-0.8024487495422363
-1.005553811788559
-0.8606066703796387
-0.8505091965198517
-0.6209576651453972
-0.7903545647859573
-0.8704041540622711
-0.7083915323019028
-0.7635317444801331
-0.8734548389911652
-0.8077432811260223
-0.7074389271438122
-0.7255814373493195
-0.5851751863956451
-0.7362575922161341
-0.8170766681432724
-1.030790388584137
-0.8244177103042603
-0.9002462844364345
-0.8223334923386574
-0.863985225558281
-1.0298290273651196
-0.7660191840041576
-0.7910764707084661
-0.5293761904753809
-0.6326764959353259
-0.49728467068674054
-0.20270856042702667
-0.15725240342890734
-0.19344474198423045
0.08241883814007056
-0.11201804983674801
-0.0695785284453404
-0.03827489270588724
-0.1867487862833469
-0.16336879811628102
-0.26516597833488276
-0.48407345687082426
-0.2555456144616982
-0.5056307345363092
-0.49711755248760847
-0.6764335522075533
-0.6521151425434187
-0.8429776593863724
-1.1460933841315932
-1.0951943099498749
-1.0178895592689514
-0.9387503117322922
-0.7471204400062561
-0.8283667266368866
-0.9808842092752457
-0.7484347149729729
-0.9267973303794861
-0.9045197069644928
-0.8071410953998566
-0.8659445345401764
-0.9424928724765778
-0.914105698466301
-0.8827847689390182
-0.7751474604010582
-0.8822589814662933
-0.8698538094758987
-1.00650954246521
-0.7890852689743042
-0.9171299189329147
-0.9020778685808182
-1.0253105163574219
-0.7986689805984497
-0.8346324115991592
-0.8069314323365688
-1.0367344319820404
-0.9448959113806876
-0.6390414513241875
-0.5416922642254502
-0.49789149141010636
-0.3613692041481506
-0.13389426313669694
-0.12909378315757203
-0.1197399714657813
0.012043137952697736
0.3289896760816351
-0.27124931418473497
0.038514682190843974
-0.09461557654381525
-0.19791351642574861
-0.10859118267118728
-0.08516316641250954
-0.2356143540767387
-0.37932803861585235
-0.06215237300744186
-0.27475142872716835
-0.6488133624192216
-0.8020359374869962
-0.904490311777372
-0.864096270272281
-0.8845314681529999
-0.9205926209688187
-1.0547732710838318
-1.0184063017368317
-0.909225694835186
-0.8247620314359665
-0.6948783211410046
-0.8471615761518478
-1.0077373385429382
-0.805214911699295
-0.8870274722576141
-0.7208953299559653
-0.8527700752019882
-0.8122586030513048
-0.9670411646366119
-0.9535036832094193
-1.0909892618656158
-0.890275314450264
-0.7014590539038181
-0.980137437582016
-0.9862294495105743
-0.8755610585212708
-0.803204208612442
-0.9675036370754242
-0.8519305884838104
-0.9121993966400623
-0.9481690188783393
-0.5629414960708199
-0.48438872591621496
-0.32040630635502154
-0.25014194031965464
-0.10423767602240475
0.06098039286093071
-0.27166867750337176
-0.10747239736434366
-0.08073206628133223
-0.11857495948862418
0.150935409949723
0.04927634875338738
0.05549836863496582
-0.36446454910864867
-0.08679744012158408
-0.4309689487253423
-0.10703106665972423
-0.39706165356322365
-0.597731779527026
-0.4391514799466877
-0.6615190229643061
-0.6349808809195547
-0.7930526733398438
-0.7076958864927292
-0.8939828723669052
-0.729091078042984
-0.9173077195882797
-1.0076007544994354
-0.8578751534223557
-0.7987314760684967
-0.9990783035755157
