0.5
0.5
0.5
0.5
0.5
0.5
0.5
0.5
0.5
0.5
0.5
0.5
0.5
0.5
0.5
0.5
0.44009256284170084
0.298218696863794
0.26160183551409516
0.2427495045405062
0.22414546013560693
0.20295223991392436
0.17944171723281982
0.15455244700853016
0.1293521967819507
0.10489913947978152
0.08218807268101685
0.06211694754497765
0.0454608465026754
0.03285125275123579
0.02476055496624119
0.021492026141043563
0.02317543001800454
0.02976824424108876
0.034057641702052
-0.000661364998293501
-0.023713687581666476
-0.028697793300205166
-0.02291740519235641
-0.01109718258249881
0.030700546830121855
0.14313495541864008
0.2658711887428786
0.3834848402475878
0.490218792953102
0.5
0.5
0.5
0.5
0.5
0.5
0.5
0.5
0.5
0.5
0.5
0.5
0.5
0.5
0.5
0.5
0.5
0.5
0.5
0.5
0.5
0.5
0.5
0.5
0.5
0.5
0.5
0.5
0.3728417374436803
0.24796079291668532
0.1490120155725192
0.05835589528977908
-0.02538956413008231
-0.10044912944816053
-0.16468395556255644
-0.2036082651600707
-0.21018610931818937
-0.19759296297562112
-0.17434126575793485
-0.14585704724380077
-0.11553236294914437
-0.08542669983523488
-0.056733453383741694
-0.030089303445030136
-0.005778642933834566
0.07413444310585054
0.16769399398296891
0.2612019357188763
0.3496475782302306
0.43004328107835776
0.5
0.5
0.5
0.5
0.5
0.5
0.5
0.5
0.5
0.5
0.5
0.5
0.5
0.5
0.5
0.5
0.5
0.5
0.5
0.5
0.5
0.5
0.5
0.5
0.5
0.5
0.5
0.4006735416684774
0.279523041538047
0.18531062266149112
0.0985747587175358
0.01748464804521882
-0.0563096536951353
-0.12068992463265471
-0.17374793361475105
-0.19404801026563034
-0.19015720659174373
-0.17230493643161282
-0.1470608667036809
-0.11857706633654497
-0.08941657209177822
-0.06110506971025198
-0.03449733601180316
-0.010019866528738874
0.01216915662126361
0.09086193419347932
0.18365969239106245
0.2762759153078276
0.36359576198431637
0.44263538159497584
0.5
0.5
0.5
0.5
0.5
0.5
0.5
0.5
0.5
0.5
0.5
0.5
0.5
0.5
0.5
0.5
0.5
0.5
0.5
0.5
0.5
0.5
0.5
0.5
0.5
0.5
0.5
0.3760012505056206
0.263386844444532
0.17114119260243682
0.08541287115558743
0.005507209854022865
-0.06673429677466203
-0.12920826357879922
-0.17938253776816904
-0.193563992283319
-0.1861205647160783
-0.16636579225559045
-0.1402640646690937
-0.11156938899936497
-0.08258473781093723
-0.0546674193702954
-0.028564562174494657
-0.004635072252701988
0.030084963078291838
0.11481545823324701
0.20850518233492543
0.30032858666188844
0.3859398907953505
0.46257927867630855
0.5
0.5
0.5
0.5
0.6132805049419403
0.4778614863753319
0.45634274184703827
0.42711102962493896
0.7118449211120605
0.2113569676876068
0.3674285337328911
0.562375858426094
0.668586403131485
0.4907825291156769
0.3851645737886429
0.6900826841592789
0.49662806186825037
0.6680830717086792
0.4110993444919586
0.6046767830848694
0.3972385451197624
0.24028382450342178
0.3914165049791336
0.4587766081094742
0.5736583769321442
0.4940934479236603
0.1816688533872366
0.5191204559292716
0.19949036921776336
0.1319525433123846
0.21563005044240824
-0.06998454829550149
-0.2033213031342197
-0.06339362634718892
-0.054268096286506085
-0.012593481803547135
-0.12966961703569513
-0.31645492479269166
-0.18572440197037443
-0.23296220299221904
-0.5096630909125641
0.09392743824993854
0.011284641412155128
-0.040721765154310696
0.14907755936199002
0.09796296115682718
0.20143589489557057
0.16732722962259405
0.4408788326920293
0.4899503533430527
0.5616853982210159
0.3074755221605301
0.2973048985004425
0.5152835547924042
0.47912389039993286
0.9167919754981995
0.42817914485931396
0.574412614107132
0.4827024042606354
0.45981714129447937
0.4217272358946502
0.8456349968910217
0.6894160732626915
0.5901004374027252
0.5773394145071507
0.36125599034130573
0.46950946748256683
0.5803806781768799
0.5513419955968857
0.556840755045414
0.4355018883943558
0.5401866286993027
0.3479597419500351
0.45216405391693115
0.32057077437639236
0.5832262076437473
0.5670548078022601
0.46273005439264114
0.28495370062319036
0.19467822912852373
-0.25108307118988693
-0.3679551078585641
-0.053020299587854036
-0.06333786871677727
-0.2256436697270463
-0.34899629846182745
-0.23561531708850247
-0.11718638099680301
-0.22553138389442384
0.04892806128721028
-0.2353991580998991
-0.14452909728380559
0.06027601014446615
0.10578418948018625
-0.28269007879396374
0.14546788983367098
0.2385705527048918
0.2796990085293618
0.5167278145248813
0.5990927841707456
0.2987346723675728
0.6590263098478317
0.3014632761478424
0.47764638625085354
0.4592812806367874
0.5090759471058846
1.0386811196804047
0.506205715239048
0.5275882333517075
0.5935627073049545
0.3448755703866482
0.5630049146711826
0.6022694855928421
0.42376744747161865
0.6313682496547699
0.5978245735168457
0.46120889484882355
0.6787906587123871
0.4032849669456482
0.4041970819234848
0.4988702330738306
0.5844500213861465
0.4586370438337326
0.447762668132782
0.5854767262935638
0.17683633044362068
0.32959709224622225
0.3353798283938023
0.17635611145047286
0.14278135232648353
0.15759630855816914
-0.0947650059785412
-0.24656655656717785
-0.21148486258557952
0.051816936821670545
-0.29971895609332233
-0.21362513455159216
-0.13008927597199138
-0.18858183572081466
0.15960226415266
0.04507163550130078
0.056183080766454174
-0.05490746233191124
-0.016124427512960116
0.2133679190770113
0.07147978173819564
0.27270403818823735
0.27638987482482713
0.2925522134938754
0.5454208052830668
0.4565575122833252
0.3859853222966194
0.5707440376281738
0.39500220119953156
0.5292288362979889
0.3266187757253647
0.6620098054409027
0.5280376970767975
0.4171849489212036
0.5427048541605473
0.43898630142211914
0.4004672281444073
0.32234392687678337
0.37906593084335327
0.371042194776237
0.647480309009552
0.449011892080307
0.3554593548178673
0.46827106177806854
0.7012473195791245
0.487848162651062
0.41136813163757324
0.4803292006254196
0.4813289940357208
0.21341605484485626
0.28571007773280144
0.7342652749609397
0.5955305260117157
0.08998764837777906
0.223699727558496
0.006439264213385809
-0.03724662614062879
0.048775150780777654
-0.33163759824454186
-0.31034957214823145
-0.2825046876447238
-0.17613132375144913
-0.28753682838425343
0.008094709593593263
-0.11089504969032637
-0.3307171105494807
-0.003765859659045856
-0.0017866217279322028
0.036836570156236204
0.1412541221324709
0.18295293360288267
0.001230266523482515
0.5594564137230321
0.4832886310134733
0.4279634915292263
0.6297457218170166
0.4848192185163498
0.4309779703617096
0.7227963507175446
0.36106598377227783
0.927875429391861
0.5931669622659683
0.4104713350534439
0.44895853847265244
0.5942946523427963
0.48648975044488907
0.6305786222219467
0.04023401439189911
0.6179864704608917
0.4917771518230438
0.44937820732593536
0.5499795600771904
0.4608547892421484
0.4688125401735306
0.7208675742149353
0.49333420395851135
0.4050823673605919
0.4802396893501282
0.49366120994091034
0.6850738525390625
0.6075480878353119
0.2847051628392511
0.22063566251944056
0.029827276838883976
0.18189803653860442
0.0742294393242745
0.21517025003368762
-0.16426320636181735
-0.12600937357070707
0.0284925609004123
-0.27694691112421765
-0.35107304600631706
-0.22345268729451628
-0.23417116127932947
-0.02244068929845422
-0.09895427545598279
-0.19240803648535454
-0.06530983702399928
-0.1470529092832536
-0.164940052886126
0.062359697936119285
0.03310774544431072
0.05092455554041453
0.6711838454152179
0.6024881899356842
0.5595046877861023
0.5308777540922165
0.5156830996274948
0.6621935069561005
0.43889474868774414
0.49621035158634186
0.36395156383514404
0.4608023576438427
0.7889401912689209
0.5799732208251953
0.7254889011383057
0.5184334889054298
0.6103706955909729
0.7123344540596008
0.5261483788490295
0.5478132516145706
0.5708837360143661
0.716709166765213
0.7285686135292053
0.4648228883743286
0.601338654756546
0.5639033913612366
0.46393516659736633
0.4514951556921005
0.8215436488389969
0.33114704489707947
0.35922983191651514
0.36869750621998265
0.2974384032316277
0.3304924751411798
0.004175646021862545
-0.2924527485171884
0.06253553789778366
-0.2867609574424016
-0.2557133561256042
-0.25669179957660704
-0.3090423138993249
-0.161140891818231
-0.26349641475885355
-0.26101275728109097
-0.2227732800489577
-0.05569707068971941
0.17063085922021448
-0.17610647308799915
-0.003991597348464659
0.034554343704693014
0.5238087166155332
0.26590134877014976
0.5084914817709711
0.7471251785755157
0.49444885551929474
0.6078085154294968
0.6155602931976318
0.5299645662307739
0.1154156296979636
0.4615802764892578
0.7450585663318634
0.4636951871216297
0.6064340770244598
0.5294506466016173
0.604843333363533
0.45517459139227867
0.6967314332723618
0.39905647933483124
0.6537939608097076
0.42852509021759033
0.7348407953977585
0.5456605702638626
0.5126861594617367
0.7670999467372894
0.3787361904978752
0.6305543407797813
0.6448747664690018
0.47690829634666443
0.5176848471164703
0.5948390066623688
0.5431887336308319
0.31474856017638503
0.2536921401797608
0.20937484767711673
0.18718720871084715
0.05665412328189301
-0.15118237455454608
-0.21250887071836366
-0.20967549926952667
-0.28380793596131637
-0.31711556665879037
-0.13488017168340383
-0.013660244147827294
-0.1628059510250205
-0.13737756419812885
0.0550157416849858
0.023439014253366808
-0.1640098764720288
-0.022804358314382378
0.5322661680389716
0.1018840836177532
0.39156192011797203
0.5727326281149624
0.6687763631343842
0.4097054898738861
0.725956603884697
0.6647979766130447
0.6033206582069397
0.4440096467733383
0.7611851692199707
0.42858028411865234
0.6306611448526382
0.7386245727539062
0.5467302948236465
0.8270414769649506
0.6415760964155197
0.4923141375184059
0.5410806983709335
0.7682138234376907
0.3833043798804283
0.7666230797767639
0.2760774493217468
0.6310868933796883
0.5984800308942795
0.431752048432827
0.6071421205997467
0.6161220222711563
0.573604017496109
0.44523100554943085
0.5301569066941738
0.3980391970876384
0.23142322034241525
0.22852249143097947
0.16290321941534902
0.0064085974936173296
-0.06652326084774585
-0.08508024933180003
-0.3142918325393653
-0.07759152058178498
-0.3080841103871239
-0.39604426776171253
-0.2870950695799839
-0.06378752242159946
0.17344021102335416
-0.1830397414656686
-0.38040674919220097
-0.043473424215214274
0.059788847127157874
0.35763637242927254
0.2562453976129417
0.4078753462149573
0.46666383500622355
0.6464869846967582
0.36547011137008667
0.34209102392196655
0.8200710117816925
0.6832728087902069
0.6143698394298553
0.25058168172836304
0.5490745604038239
0.7382675558328629
0.4956657290458679
0.4501171261072159
0.8071199357509613
0.6463813781738281
0.5251720026135445
0.38117216527462006
0.5091147720813751
0.8969590663909912
0.5291639678180218
0.6176529228687286
0.42369102127850056
0.504303552210331
0.22664285451173782
0.49114756286144257
0.6256699562072754
0.45172475278377533
0.47789913415908813
0.4877697080373764
0.6100533716391722
0.368105691049743
0.20488872864282692
0.04676253807691577
-0.18397632760597632
0.05925487867948631
-0.31596441923920326
-0.14656188188131936
-0.41677578990724584
-0.2685266220499892
0.008246043611772724
-0.2825136509862869
-0.052466616937468014
-0.32411433700430226
-0.48998469906401976
-0.10378294075588768
-0.14631872446390626
-0.19131828620540303
-0.11140271592377454
0.08165051599206385
-0.009500503260006843
0.4475687547426631
0.30949082362627733
0.5952895756638059
0.351713040843606
0.49062512069940567
0.24937127530574799
0.11222629249095917
0.4925665818154812
0.5845103561878204
0.5411538034677505
0.5648296028375626
0.5298363268375397
0.4366361051797867
0.43456581234931946
0.5254058837890625
0.5045124180614948
0.5073127746582031
0.45964691042900085
0.7088711708784103
0.5885676443576813
0.5275104641914368
0.7648035734891891
0.7194863259792328
0.5793100595474243
0.7109573483467102
0.537210002541542
0.5960541069507599
0.6014007478952408
0.8185337781906128
0.4674087779293784
0.36214945632674295
0.31035594839120445
0.26072412020839536
-0.3779751053210172
-0.2225708532330849
0.1753400155659791
-0.19009189801234183
-0.29241880569482526
-0.22708287281756634
0.015900254739854458
-0.38209686765510265
-0.03295160447269807
-0.2477169399172846
0.026134423438527565
-0.11415252815370247
0.0668886932967172
-0.18215176696577662
0.26154701432038485
0.189414524456474
0.47124737049742704
0.2734473074528878
0.5083949417451125
0.4600607151718323
0.47194579243659973
0.7337673008441925
0.22278358414769173
0.4974784404039383
0.39775930996984243
0.43127796053886414
0.5314768753014505
0.688644215464592
0.5513148903846741
0.33052393421530724
0.4801770746707916
0.47991780936717987
0.6901271939277649
0.48963557183742523
0.6556076109409332
0.3917160928249359
0.35684481728821993
0.4806048721075058
0.42950811237096786
0.2971445396542549
0.45324525237083435
0.33987701684236526
0.5737832635641098
0.3612245097756386
0.436263021081686
0.3962886929512024
0.4156096971089985
0.5895226149095175
0.2971549115026079
0.3061855177564525
0.06826408365368553
0.4725015236088149
-0.1158476999212581
-0.13524824303353444
-0.08018201376418199
-0.1815203829410995
-0.27643617451657865
-0.3267556351561648
-0.3714291031081738
-0.31050914130603635
-0.3831762137334913
-0.18272307112032937
-0.03459063041004429
-0.15748734027547984
-0.12936764145461443
0.28563150045481905
0.25550564424572864
0.45085853286084665
0.49191809328481867
0.4258568661602528
0.4556484520435333
0.7217253297567368
0.5901056230068207
0.486386239528656
0.08801932632923126
0.4138624593615532
0.32669973373413086
0.5785981565713882
0.5355358868837357
0.5880328416824341
0.6144641935825348
0.39981070533394814
0.7257962673902512
0.9231829047203064
0.5513601116836071
0.40507010370492935
0.5398854613304138
0.6443994343280792
0.650752916932106
0.664689302444458
0.4136263281106949
0.6152883023023605
0.5142442435026169
0.5772663950920105
0.5408997237682343
1.016742080450058
0.5761846672173235
0.5328351116560944
0.25219036931354033
0.05619050252394436
0.03767422563246703
-0.10884563245692946
-0.1617010123380792
-0.08423134020442935
-0.0873837085853435
-0.34943150077980223
-0.10208722471615983
-0.23276340329796785
-0.20568746502997737
-0.1389693984737581
-0.21181414657289954
-0.21639142526055832
-0.1801391114171682
-0.10036683046518424
0.03897289389731434
0.0458148605360727
0.24266847600561198
0.44111279726188707
0.5875268994383159
0.5089045464992523
0.5937774926424026
0.33359313383698463
0.6274368166923523
0.47004734352231026
0.49075281620025635
0.3931456059217453
0.560909815132618
0.524056002497673
0.8547552525997162
0.5175190567970276
0.4220728501677513
0.5337072089314461
0.7616458386182785
0.41163982823491096
0.44677700474858284
0.5248943865299225
0.5259630158543587
0.4891032725572586
0.5117784589529037
0.5391954332590103
0.7647467702627182
0.6252947747707367
0.48699240386486053
0.4327884763479233
0.44307342171669006
0.3547525769099593
0.42307853102798454
-0.04800930923135982
0.49609084432496786
0.17711798588132843
-0.07100614173757863
-0.028700601066490306
-0.10160468166323333
-0.22614307806291845
-0.15628903165361852
-0.35910802480514314
-0.410483410761893
-0.1846607223382536
-0.07276551111818363
-0.16531747536284824
-0.09713894510679788
0.019242960719684565
-0.012267472802978352
-0.31233780462706495
-0.19833805857877934
0.13730213737320734
0.2902015972230988
0.3116207915220315
0.42408781893043146
0.3761795908212662
0.4976906031370163
0.4317846819758415
0.5549523830413818
0.4479341432452202
0.8060233294963837
0.5601445734500885
0.7641938924789429
0.6764991879463196
0.10233806073665619
0.3803454041481018
0.6678318828344345
0.6172043979167938
0.3703489452600479
0.9364401400089264
0.455608606338501
0.328067883849144
0.4636172354221344
0.5163849294185638
0.4221709817647934
0.42191436886787415
0.6289453506469727
0.5164673775434494
0.466505728662014
0.4109901711344719
0.5166450589895248
0.5656791478395462
0.75720952043534
0.21906311617156538
0.06919804790282225
-0.06702091593553783
0.11990148830677444
-0.06469804466382145
-0.27822057194071337
-0.21774036808667396
-0.021936527952112317
-0.17222888421764815
-0.27016156734885577
-0.22994941461093388
-0.3059624519621109
-0.3488314051022233
-0.15815032070333512
-0.060907404610627824
0.03907300000445868
0.33330963455582474
-0.22886457571377272
-0.23125300296324358
0.011927866054598057
0.037211932559897465
0.3733572389051522
0.08991430699825287
0.15948417410254478
0.460568368434906
0.3636282682418823
0.43406569957733154
0.5543840527534485
0.4672034978866577
0.09991680085659027
0.4974735826253891
0.6809908300638199
0.6582117676734924
0.7098135203123093
0.695021241903305
0.4941522153094411
0.4603573605418205
0.7398220598697662
0.4399522542953491
0.5654341951012611
0.4306844472885132
0.2694501206278801
0.49307653307914734
0.474808432161808
0.45779942721128464
0.5319677889347076
0.5487837493419647
0.4612313210964203
0.3378258543089032
0.6901996776086192
0.02012136471332515
-0.04149263025646238
0.26719533091450565
0.059821756629658995
0.17928315024570418
-0.16955727540160137
-0.033431782471014415
-0.3024671196671831
-0.3260391745020911
0.044713837487774355
-0.17178462278133366
-0.21539466343838443
-0.23055163912333654
-0.11342376642764596
0.005476142120342531
-0.36433684621370266
-0.25381714871285416
0.1572772051380572
0.03487376925445701
0.2046438408971798
0.3751893463951909
0.4415691943673066
0.4926018565893173
0.6215865314006805
0.39078518748283386
0.9630598723888397
0.5817420184612274
0.6306852698326111
0.6209746897220612
0.36401253193616867
0.6180477142333984
0.6016473472118378
0.5731535404920578
0.543068815022707
0.4364161342382431
0.4091426432132721
0.2529609426856041
0.3386710546910763
0.6416724026203156
0.40552636981010437
0.8201101720333099
0.6099089086055756
0.8444107472896576
0.6615674197673798
0.5537071228027344
0.5657380819320679
0.4600015729665756
0.5902528911828995
0.5086042582988739
0.5207082562244204
0.3473269147457355
0.23116177146272437
0.07371948223541513
0.06329984919250475
-0.0619570047008704
0.01958113030890829
-0.05702398252248364
-0.29809810552403126
-0.2585756126894585
-0.09654036914403319
-0.19617043021267322
-0.1284015449027689
-0.3606999489898636
-0.025872781210781626
0.010297212086134766
-0.06414971795751956
0.25052344385274294
0.05723917457200689
0.19797637116143285
0.06983061826800274
0.6846738661466322
0.7055246223203793
0.5380507260560989
0.6603681445121765
0.8278858661651611
0.4229453057050705
0.18651797669008374
0.3445190414786339
0.39736220240592957
0.572997959330678
0.4399150460958481
0.42849523574113846
0.7717994973063469
0.5412896573543549
0.5965400338172913
0.46297390293329954
0.22963441163301468
0.741845428943634
0.677329033613205
0.6844717860221863
0.4744049310684204
0.4653024822473526
0.5290660578757524
0.2213411182165146
0.7082475423812866
0.3530860096216202
0.7258747816085815
0.30637601017951965
0.5730537921190262
0.22914273617552428
0.2924922715158419
0.3860995288358988
0.14986478896893618
-0.12461504517918298
-0.05017149730064707
-0.04536110623493583
-0.17991798814382942
-0.28634502212352786
-0.2876146390826716
-0.16795601290281537
0.03928076591023222
-0.21447282050942562
0.011901244734453198
-0.10926391000950952
-0.1052696506899301
-0.12752374950509182
0.11706697547191153
0.08532545201921499
0.5673185063876746
0.2644661776515127
0.45828461574511037
0.507482276527628
0.452240914106369
0.720409482717514
0.4408344179391861
0.5418354719877243
0.5677327513694763
0.7204047739505768
0.47680987417697906
0.4497116543352604
0.4866123553365469
0.2693745754659176
0.6469419598579407
0.7389248609542847
0.11596676707267761
0.4842027612030506
0.5460981642827392
0.582460030913353
0.25752102956175804
0.7428143620491028
0.41303379461169243
0.517998319119215
0.6045311987400055
0.48325927555561066
0.3318735928332899
0.5134597271680832
0.5069683790206909
0.4050331749022007
0.6075182228299054
0.48022145463695176
0.403565791911963
0.17458733316014324
-0.011740910254080472
0.23461000394806986
0.06694206644651968
-0.2458202443438431
-0.10855324352631635
0.02803535560386894
-0.29996970645292587
-0.0995567828840982
-0.3014823253510983
-0.46640159140477166
-0.17414346784714962
-0.21142661537029994
-0.07025837189655526
-0.10735428082976839
0.03291880667503677
0.16617757935289018
0.25967179814111263
0.4365376876441358
0.3832595700363405
0.5868482755622716
0.5597512573003769
0.48206987977027893
0.5727011859416962
0.4427034705877304
0.4763820618391037
0.540881559252739
0.4184553660452366
0.40891048312187195
0.431101281195879
0.551429271697998
0.5836100578308105
0.8237021565437317
0.6623590886592865
0.8307546079158783
0.627288818359375
0.6256326362490654
0.5429320782423019
0.6121070832014084
0.6073691099882126
0.43967533111572266
0.3642200827598572
0.5022249072790146
0.609951913356781
0.5580835342407227
0.41847013682127
0.5375927910208702
0.619244689106394
0.49831819736440097
0.058080471660641564
0.10590937025063063
-0.14162654369619448
-0.21349154320126673
-0.04939831662788774
-0.16419883780559863
-0.1291570003591207
-0.3505880452072552
-0.3276693845702172
-0.23129987462993795
-0.1258522371859131
-0.3240799762407657
-0.1640524515900813
-0.15096806946205554
-0.019705267814272953
-0.10657674026079123
-0.16357955493791226
0.08141616313199901
0.2992956765854513
-0.15491341167259054
0.41498870892601863
0.5700694314245393
0.2948697507381439
0.6655655205249786
0.4405709356069565
0.8418445289134979
0.5615733861923218
0.7550842612981796
0.6034012138843536
0.8884014636278152
0.5410657823085785
0.4579411782324314
0.5118889063596725
0.7558692991733551
0.6421371251344681
0.567099004983902
0.22912928275763988
0.6781637668609619
0.642801970243454
0.20724386896472424
0.5165358409285545
0.38304464519023895
0.5042049586772919
0.1456782966852188
0.37742404639720917
0.40633923560380936
0.37783561646938324
0.22672995924949646
0.48297497692425806
0.4206865372781101
0.07553817385205308
-0.0875475330810348
0.29355997128337064
-0.0408396562482185
-0.34555911461383726
-0.0662455914731821
-0.029498715121659247
-0.1965280038783992
-0.2760661729336922
-0.1733368442594746
-0.24808146457181457
0.03207702807238666
-0.10496524619310987
0.12004361248143514
-0.08472419909875362
-0.26839156825243626
-0.11285962944630545
0.31187480821579466
0.338637177489475
0.4433362612541546
0.3900711550325376
0.4700866937637329
0.5149456858634949
0.6117461919784546
0.5570266097784042
0.4339492991566658
0.3911721035838127
0.2771679684519768
0.5624817609786987
0.37231769412755966
0.4110045628622174
0.6327995583415031
0.529492050409317
0.5122662037611008
0.5394280105829239
0.42674318701028824
0.6197506487369537
0.3248472176492214
0.43110667541623116
0.6069270167499781
0.7527737319469452
0.7894127070903778
0.49548677168786526
0.6802518963813782
0.5166329443454742
0.44081319868564606
0.3105769529938698
0.5960693657398224
0.47080126099578
0.15453531317629343
0.03156438016866303
-0.040279470431214714
0.1279699161852797
0.15389643769238748
-0.06839883993099316
-0.412411470651033
0.4007105694340447
-0.0021884816027826215
0.04273620158115088
-0.543713612893559
-0.1292987814875025
-0.183756544606819
-0.4524092242772749
-0.03592259419513233
-0.14158609068274697
0.10127313698477847
-0.0036706107546769506
0.2085665195969577
0.2694401621552998
0.35756057011930564
0.7102672610228569
0.40083402395248413
0.10154516994953156
0.5616376996040344
0.6279660016298294
0.38354742527008057
0.7769418060779572
0.5409941226243973
0.32282064855098724
0.34973417967557907
0.393097884953022
0.7089969366788864
0.6591097265481949
0.4125216342508793
0.4177454113960266
0.4133740924298763
0.6786758750677109
0.33936865255236626
0.8964244723320007
0.854049414396286
0.5831211358308792
0.743352621793747
0.5538086444139481
0.5448841452598572
0.5806614756584167
0.6841018497943878
0.45195168256759644
0.30999717116355896
0.4460948145323202
0.07574158801998682
0.2876388137681979
0.020895181358247694
-0.19419365561339297
-0.1913046270641946
-0.11056131311322803
-0.34204820502813327
-0.3403950370530876
-0.42016459783128624
-0.1902463325987095
0.1197787676584966
-0.09965312405335303
-0.4425357633602247
-0.06653350847401296
-0.30008226441812114
-0.2570907468607596
-0.09101597990326943
0.3047804147921108
0.2553580472025509
0.31041699343065504
0.24389538812498318
0.4968781684800153
0.5332553833723068
0.4790273755788803
0.6790920197963715
0.3891034573316574
0.4885666221380234
0.5048942342400551
0.25898440182209015
0.4876288315281272
0.7561912536621094
0.5957236886024475
0.3806705176830292
0.5065002143383026
0.6345399469137192
0.6044465899467468
0.5355828553438187
0.457428440451622
0.6996920220553875
0.47127974033355713
0.525665208697319
0.5362959951162338
0.5727377757430077
0.5024357885122299
0.5260560363531113
0.4080306254327297
0.7819337248802185
0.4358489513397217
0.3584280163049698
0.5254229318198405
0.40564007033680716
0.3677988302005287
0.13167227752319155
-0.4104052365145169
-0.09103800192700995
-0.31971407147889763
-0.28267794827277515
-0.007245012955434227
-0.3171107526331245
-0.14630589828697238
0.08325913886563652
-0.08289737000342434
-0.09715356206696268
-0.27379696033044676
-0.17753405816369094
-0.1079823540640773
-0.29048356907469397
-0.04439950691191863
0.28924895337114764
0.17094029642691488
0.276719783089523
0.7199688180117018
0.47330835461616516
0.5845565795898438
0.73747318983078
0.37074676156044006
0.6123430281877518
0.6590325981378555
0.504867434501648
0.6229446083307266
0.5406273230910301
0.7583734132349491
0.3672744818031788
0.34996646642684937
0.6152772009372711
0.7142475545406342
0.33229459822177887
0.48732227087020874
0.5640679448843002
0.5561845526099205
0.5657947435975075
0.38641346991062164
0.4485443979501724
0.5121401399374008
0.5917882472276688
0.5674591064453125
0.6620334833860397
0.6010853350162506
0.3883378505706787
0.35722344570252007
0.44895644846823923
0.1460412315816585
-0.0841368963123389
-0.21162612817405857
-0.16077382190210832
-0.13313986897734087
-0.1592327218809355
-0.0961599459234963
-0.4411894666643844
-0.21415285096666692
-0.28761319189811774
-0.3777039431434419
-0.3700836977280664
-0.17963443092487186
-0.16954813201646846
-0.007691402309142559
-0.1502796331108237
-0.10086145083964843
0.11861190162625473
0.0825623410987576
0.49220022750639414
0.2689700298814371
0.32445013523101807
0.5403948128223419
0.5246538501232862
0.5362637639045715
0.7085850685834885
0.6614571511745453
0.6781461536884308
0.40079570189118385
0.3563546985387802
0.5417831242084503
0.6820866018533707
0.44328155741095543
0.786652147769928
0.3434147387742996
0.3650434985756874
0.6387836784124374
0.5279670655727386
0.6171503104269505
0.47980684135109186
0.4331173822283745
0.5649079158902168
0.5793939232826233
0.5452812307048589
0.3197588473558426
0.6791602373123169
0.7138564586639404
0.818940594792366
0.3615452593452899
0.3124025540752664
0.01015900403198694
0.005528128776648267
0.021404336936401314
-0.39776972288485446
-0.08483875857638123
-0.2744241827716609
-0.15317059236695485
-0.03641060207301017
-0.2962100539222873
-0.4629144211246886
-0.2911311529935965
-0.3714739339471713
-0.0746856782078269
-0.2746839744221573
-0.2350121355132836
-0.22795447724255902
0.08583761286748659
0.16549771196576657
0.19884522200954147
0.4474401871861261
0.442675806153515
0.6523536145687103
0.43168846517801285
0.5707190707325935
0.39264170080423355
0.4864150807261467
0.5548089072108269
0.49834735691547394
0.5085879564285278
0.4369177520275116
0.53149080183357
0.5173308476805687
0.495816707611084
0.22034380957484245
0.5797035023570061
0.43625303637236357
0.5736403465270996
0.6515542268753052
0.6688038855791092
0.6173236519098282
0.6053146421909332
0.74959596991539
0.7778416872024536
0.4321335256099701
0.4822426363825798
0.2127685397863388
0.455997958779335
0.36502108904059655
0.39151063470715514
0.22778367848277814
0.30210992768219425
0.34738399286478455
0.13156603636388275
-0.25214371881759534
-0.36794410808029354
0.09677399006697418
-0.131248549180633
-0.21304927870161527
-0.5049308667158954
0.04996867693114049
-0.07704961983909686
-0.07065545299657294
-0.17931765263409427
-0.16686647343325478
-0.20353371365891282
0.2984209674918549
0.13210248482482223
0.028441796295236632
0.5426007163439904
0.2564832870350517
0.48854547496410106
0.5074312090873718
0.2733065113425255
0.2630894184112549
0.5034293979406357
0.7281869053840637
0.7803757786750793
0.5452535152435303
0.5599989891052246
0.7815541326999664
0.5673044621944427
0.8216033577919006
0.7129535526037216
0.49683888629078865
0.3992588222026825
0.9308032095432281
0.40607161074876785
0.6493120193481445
0.5204933285713196
0.4274240732192993
0.7258898317813873
0.4094659686088562
0.6311259269714355
0.5506905168294907
0.2601843848824501
0.6764956414699554
0.7974841296672821
0.3951028636692814
0.10586140002683708
0.24312656322212767
0.027040166751083672
-0.03810770060275598
-0.33066461620884036
-0.13629451672439652
-0.24830704948832416
-0.34464271317518835
-0.3967375662871224
-0.2509183529497202
-0.04753543512500924
-0.5585960118685995
-0.4267020519160072
-0.6813811613402982
-0.10913091268558794
-0.2535323627023457
-0.09371157060913449
-0.17929019432510018
0.1976617476705389
0.16768777936290824
0.3785212788840291
0.24615132909665283
0.5581776632651214
0.6974736750125885
0.3938586935400963
0.6183314919471741
0.3911269847303629
0.49649228155612946
0.6040172725915909
0.3962873602285981
0.7081712782382965
0.7929414510726929
0.6179720163345337
0.2666755970567465
0.23558726906776428
0.6181310713291168
0.6665263250470161
0.2961207330226898
0.3445146232843399
0.6061229556798935
0.44799117743968964
0.4461011625826359
0.5847374945878983
0.5517371371388435
0.367580845952034
0.48978181183338165
0.3595797270536423
0.4758239984512329
0.3978065550327301
0.5159307547424522
0.47367842236899227
0.36401189400854633
0.13636763332437024
-0.05501191209112072
-0.1367297843726485
-0.06581424462522067
-0.33980182706172846
-0.2890798107662327
-0.2854957326671419
-0.48739500597163166
-0.31591388966530287
-0.09351226242918709
-0.09425732368383555
-0.36743227320707084
-0.517813382207395
-0.26508574721015743
-0.1274834074109344
0.019621674339285355
0.18385283511805345
0.12457037311536029
0.18206015310474022
0.4767379990223424
0.5967884361743927
0.5568667054176331
0.3907181993126869
0.526336096227169
0.5348944067955017
0.7547932863235474
0.7312206476926804
0.4286174988374114
0.3420252464711666
0.47883014380931854
0.48269934952259064
0.6764780879020691
0.5464374758303165
0.0949912890791893
0.407692763954401
0.44574650190770626
0.3608515113592148
0.2411234825849533
0.30955528235062957
0.7092818319797516
0.6087109744548798
0.34682220220565796
0.5088848173618317
0.470170259475708
0.7545492649078369
0.594795361161232
0.5572752058506012
0.5194843401250812
0.28275000345300905
0.18979220733626756
0.02457485145674415
0.0941168020468991
-0.1125692459717198
-0.10646955859941809
-0.2968918211085011
-0.3899266671863745
-0.4673561380954362
-0.2492573738750865
-0.4123832457073624
-0.4376072826853554
-0.2994653962399053
-0.1660551044051931
-0.06886442056096342
0.4378566704859632
0.05189426727185803
0.11545667199285581
0.3707123476694636
0.14330009452287612
0.14889804037143123
0.38651646902018744
0.5089364796876907
0.7415786683559418
0.579736053943634
0.44776634871959686
0.0
