0.5
0.5
0.5
0.5
0.5
0.5
0.5
0.5
0.5
0.5
0.5
0.5
0.5
0.5
0.5
0.4652659437404256
0.4060109794240947
0.34079217622319913
0.30524281334381276
0.272615415890369
0.238385241456882
0.20269772234117245
0.16666964495949932
0.13158309698441428
0.0986852969578938
0.06911792068469497
0.04387733227556906
0.023785840096147925
0.0094703627694534
0.0013481075352614336
-0.0003806497713555457
0.004267322628876524
-0.00024354403813076075
-0.01824327860971464
-0.020510077045505115
-0.013492124044731879
-0.0013513088663716921
0.013263249709422442
0.032047542795183626
0.1361497162456412
0.25440876324212763
0.3691757315320687
0.4742391650479784
0.5
0.5
0.5
0.5
0.5
0.5
0.5
0.5
0.5
0.5
0.5
0.5
0.5
0.5
0.5
0.5
0.5
0.5
0.5
0.5
0.5
0.5
0.5
0.5
0.5
0.5
0.5
0.5
0.49518414821345974
0.32426790353936197
0.21459003834398976
0.11898915540958976
0.030051600299736525
-0.05153284655776824
-0.1236420849658284
-0.18416999910721432
-0.2084643424428354
-0.20629109367327714
-0.18875349639512862
-0.16299139040516442
-0.1335253545164049
-0.10315344109800273
-0.07354836350814109
-0.04565426801931449
-0.019949534151682546
0.003379877217486338
0.0837540354956603
0.1785730619355821
0.2732163978589747
0.3624590021536945
0.44325738835981165
0.5
0.5
0.5
0.5
0.5
0.5
0.5
0.5
0.5
0.5
0.5
0.5
0.5
0.5
0.5
0.5
0.5
0.5
0.5
0.5
0.5
0.5
0.5
0.5
0.5
0.5
0.5
0.4572199456809073
0.3128122638254939
0.21256705090511963
0.12273195514511742
0.0385726137309485
-0.03877122713661474
-0.10717926442765635
-0.16462520376704326
-0.1940769386992286
-0.19552946918179104
-0.18056848963185113
-0.1566603553503938
-0.1285471631017393
-0.09917771320285085
-0.07032770536524513
-0.04301198535916617
-0.017757760166958403
0.005215038445747833
0.059314280724142854
0.14802579153774098
0.24167332934765157
0.3318514073015467
0.4147885573548293
0.48793461177893654
0.5
0.5
0.5
0.5
0.5
0.5
0.5
0.5
0.5
0.5
0.5
0.5
0.5
0.5
0.5
0.5
0.5
0.5
0.5
0.5
0.5
0.5
0.5
0.5
0.5
0.5
0.480374545227581
0.3293683944482639
0.22818765962517645
0.13821154685386267
0.053697162728822634
-0.024406562439287738
-0.09398839781360724
-0.15298341055165632
-0.18867841445551636
-0.19400735105193523
-0.1813751363793612
-0.158792583858392
-0.1313625562748546
-0.10227195109834164
-0.07345276776172882
-0.04602171326864657
-0.020571717678557477
0.002635473033673008
0.05518001484320678
0.1435245495785643
0.2371532612580518
0.32748205994559854
0.41069575375233736
0.4842258098204033
0.5
0.5
0.5
0.5
-0.003092050552368164
0.2864273190498352
0.08019384741783142
0.27631106972694397
0.2465881109237671
0.2582322657108307
0.17070376873016357
0.2444043755531311
0.264082670211792
0.07073113322257996
0.5807865262031555
0.21466636657714844
0.14265090227127075
0.2804547846317291
0.2952148914337158
0.21348199248313904
0.11106786131858826
0.22310706973075867
0.3970419764518738
0.1562841534614563
0.27128273248672485
0.3144068419933319
0.05415987049994714
0.00889692276733528
-0.06847843057529251
-0.027424831526898785
-0.2952765523503126
-0.26082951264240417
-0.4895675155480992
-0.39412890264266653
-0.2656975149812616
-0.486773977640364
-0.4210740251360662
-0.4008647813678896
-0.30188922720047406
-0.3329791504024999
-0.2785412650867104
-0.21607522956749003
-0.033786735112728006
-0.3196093747303587
-0.22154878786157634
-0.26179903894239953
-0.05183320228938948
-0.05917134536948471
0.24309801149393312
0.22466171225538678
0.11021381616592407
0.2816949784755707
0.24142318964004517
0.08788904547691345
0.12891435623168945
0.16099220514297485
0.15454596281051636
0.19158270955085754
0.20681408047676086
0.05498117208480835
0.1256430745124817
0.14581477642059326
0.14623194932937622
0.08144992589950562
0.17590054869651794
0.1332184076309204
0.34010303020477295
0.0715244710445404
0.3182182013988495
0.34935155510902405
0.17703476548194885
0.10242524743080139
0.09902605414390564
0.24418389797210693
0.3199530243873596
0.17901474237442017
0.11522254426651357
0.02556745305465291
-0.13987330391391095
-0.2034224343987618
-0.23277272121037224
-0.20782776975820683
-0.44182192207134496
-0.3719715069664258
-0.4440546568368533
-0.48743468236699716
-0.4675792210491778
-0.5179423351227617
-0.33882396641133883
-0.4333399687989359
-0.38144854532523276
-0.3373135185013588
-0.3232562659707091
-0.14832164963472144
-0.2235965320806491
-0.17907355766909105
-0.04361727025824946
0.09567269726266403
0.2716182761219901
0.1326230486724495
0.145342618227005
0.18885231018066406
0.22909054160118103
0.26136383414268494
0.2478262186050415
0.17580434679985046
0.37061479687690735
0.21136781573295593
0.104013592004776
0.1274162232875824
0.12013259530067444
0.23299244046211243
0.24275058507919312
0.24898609519004822
0.21489006280899048
0.1073620617389679
0.1751972734928131
0.3804911673069
0.0938989520072937
0.16115695238113403
0.1420808732509613
0.2813236713409424
0.1658114194869995
0.20198404788970947
0.15547975897789001
0.1559664011001587
0.05294073003015243
-0.08813695254995507
-0.0565810367362784
-0.21018537375726054
-0.2631000614034492
-0.3965949066753318
-0.3832187150485358
-0.3772173138993081
-0.5970857331819018
-0.37265607497472686
-0.2897594578522339
-0.4763768609546185
-0.28621343943284383
-0.39145763716279947
-0.4023736280477612
-0.38031517855062114
-0.2364210352298044
-0.36046582712304776
-0.007445988895106781
-0.18320840425234464
-0.039322592772330855
0.06558908591090168
0.08827802305786359
0.09507981753985817
0.394568532705307
0.16006124019622803
0.058453530073165894
0.23058027029037476
0.24201256036758423
0.23723426461219788
0.11720135807991028
0.12534645199775696
0.18262675404548645
0.04054427146911621
0.15084362030029297
0.09065425395965576
0.1543426513671875
0.18903186917304993
0.09391924738883972
0.2542208135128021
0.1785912811756134
0.1662551462650299
0.13745424151420593
0.08921554684638977
0.2322697639465332
0.13570839166641235
0.13235974311828613
0.24276521801948547
0.12495115399360657
0.0600619912147522
0.13998640217441655
-0.12775426407235158
-0.11332571266749625
-0.13820621132693667
-0.14223093962135008
-0.28900372427995047
-0.32418616597359673
-0.35426584061914945
-0.5195062772969536
-0.5961448140820759
-0.47570225050525383
-0.5475888148444563
-0.3705307927667346
-0.27696364928799067
-0.23170687017716274
-0.1973382542654889
-0.3692229029005758
-0.23248645159402548
-0.11413702447876667
-0.12153600356484873
-0.07414014932308893
0.07071366337330992
0.10995386502057475
0.10581210255622864
0.06242626905441284
0.0187818706035614
0.2547600269317627
0.07770776748657227
0.11268764734268188
0.24633753299713135
0.13503381609916687
0.3898622989654541
0.0831632912158966
0.1559498906135559
0.12493106722831726
0.14375263452529907
0.08721810579299927
0.07947143912315369
0.19942182302474976
0.17478656768798828
0.10208413004875183
0.14426541328430176
0.08726570010185242
0.13137078285217285
0.09741654992103577
0.11346319317817688
0.12980642914772034
0.1761726438999176
0.06091007590293884
0.11362755298614502
0.14140905997180864
-0.006084933284179084
-0.08803726327985717
-0.07847047307935257
-0.3468722549306934
-0.30861024063282827
-0.38483829287876037
-0.4579614303187538
-0.5647059849418081
-0.40422681726077103
-0.44086765933455596
-0.3033269885463653
-0.45854708638753394
-0.5567003711508702
-0.28052154846875077
-0.46995963273314556
-0.3298906282864714
-0.29605085297163214
-0.02899943964255658
-0.0974751789233661
1.5448265730244604e-05
0.05693144875481149
0.11772506200473315
0.16457802057266235
0.2865539789199829
0.057341307401657104
0.22016867995262146
0.15062546730041504
0.19979539513587952
0.20511090755462646
0.09787583351135254
0.18507397174835205
0.13641345500946045
0.2297966182231903
0.11574161052703857
0.11513981223106384
0.11596459150314331
0.11251392960548401
0.23198345303535461
0.1166670024394989
0.1529022455215454
0.1998898684978485
0.18239808082580566
0.07139933109283447
0.2101615071296692
0.2553052306175232
0.16078504920005798
0.17210239171981812
0.1388494074344635
0.19564294815063477
-0.02885863163835589
-0.06822128990232401
-0.12634725036029282
-0.21493490600744147
-0.3242394857020756
-0.39500329819843094
-0.44260743018884996
-0.47090305272124366
-0.5122538431919003
-0.434255438353793
-0.4743354732190582
-0.3574928026967027
-0.38474199377604545
-0.28492731650543646
-0.1356167542681579
-0.31284365844718187
-0.35353458103626356
-0.23970745868345017
-0.12131153329461214
-0.15108916665598904
0.12081967587909681
0.03305338410689346
0.2845676537948492
0.04049259424209595
0.24511027336120605
0.15770649909973145
0.15407657623291016
0.07617941498756409
0.29629606008529663
0.2824230194091797
0.16148996353149414
0.25284910202026367
0.159324049949646
0.08041343092918396
0.22653445601463318
0.1782492697238922
0.1019851565361023
0.19299963116645813
0.09763392806053162
0.09140363335609436
0.15788137912750244
0.03538373112678528
0.25603628158569336
0.074625164270401
0.24765530228614807
0.09655985236167908
0.10903739929199219
0.06949785351753235
0.32961857318878174
0.11065030097961426
0.15794245547621832
-0.09856896881086008
-0.15180539653806246
-0.18327921357371402
-0.3749304294040627
-0.2478967066048834
-0.4782232754569733
-0.3845544490438356
-0.44699287691225764
-0.49034151747288834
-0.31016266808153836
-0.45764611379947606
-0.42516585241512905
-0.44878594825245743
-0.2475994427824102
-0.3468392846326207
-0.2828650792442817
-0.30578869294511857
-0.13073783258630317
-0.0420589077524291
-0.026952595071582763
-0.0056218330841683595
0.24039638746660974
0.09882992506027222
0.23259514570236206
0.1354156732559204
0.09706529974937439
0.06723567843437195
0.1181395947933197
0.1950276494026184
0.1149354875087738
0.194485604763031
0.15066498517990112
0.13136491179466248
0.22412800788879395
0.09331035614013672
0.2611266076564789
0.2002800703048706
0.2401207983493805
0.12435990571975708
0.19474127888679504
0.14745324850082397
0.14762720465660095
0.06802144646644592
0.21269181370735168
0.09163033962249756
0.15082299709320068
0.14818048477172852
0.24403443932533264
0.12939667701721191
-0.036810420338817096
-0.18898078591547623
-0.04471535770794133
-0.2484167083336325
-0.2995887440446855
-0.4010286266257662
-0.44963934926605986
-0.44050130460409487
-0.5738296991402088
-0.5895051842370325
-0.5254386688895384
-0.31828692816934057
-0.3197396958199983
0.09072646701693132
0.05907800554693621
0.07813704858921988
0.08590331477415347
0.22601992670967408
0.08350104008918102
0.24776096991436103
0.4725727910611624
0.5020537939067876
0.3023339029370274
0.6261498928070068
0.45410215854644775
0.6514174342155457
0.6594952344894409
0.6633104085922241
0.6245793700218201
0.3327410817146301
0.49321913719177246
0.7129099369049072
0.7831161618232727
0.42990225553512573
0.4626100957393646
0.4962846636772156
0.49851560592651367
0.5158594250679016
0.4735674262046814
0.7935230731964111
0.47364044189453125
0.6462519764900208
0.5466310977935791
0.7058762907981873
0.394074946641922
0.11927995085716248
0.12658146023750305
0.19238275289535522
0.23135113716125488
0.07087366360097125
-0.05498834912849182
0.41709709516248794
0.058563925966981734
0.033286890552253645
0.1687908252861634
-0.11021369382340862
-0.24483335966962305
-0.20730918108614804
-0.006628133077008935
-0.3945325876837559
-0.03070302199210384
-0.05867302906627847
-0.12459260536170647
-0.05661439253533185
0.12573842932089752
0.05814997504416197
0.0325640712263679
0.145682787570303
0.2047192235121303
0.22188035143031304
0.34319123036837657
-0.08532613556743734
0.24956113042540762
0.071169912815094
0.17055141925811768
0.12798261642456055
0.08423197269439697
0.13751202821731567
0.20416370034217834
0.0264948308467865
0.06890398263931274
0.10239315032958984
0.100075364112854
0.042447179555892944
0.1390378773212433
0.03520897030830383
0.07265147566795349
0.2180296778678894
0.16080260276794434
0.1683957576751709
0.17211568355560303
0.2147081196308136
0.12665975093841553
0.17553865909576416
0.08876305818557739
0.7372336387634277
0.5128539800643921
0.5370556712150574
0.5801995992660522
0.6999581758421035
0.2701760597994113
0.2972435688153386
0.00815438610797281
0.08159257842718709
0.18509666739429864
0.16874125520261818
-0.0526641341047378
-0.3001943798066461
0.030616196409325447
-0.1014218471555065
-0.3218699867191235
-0.036590344502696937
-0.11580905281633191
-0.02548333400578906
0.10395218651915339
-0.010166134166331608
-0.18278445619339317
0.04954255731668511
0.14348541738284365
0.26240509741950135
0.2605166090658628
0.6454549280921582
0.12817109580650204
0.06405133008956909
0.05748257040977478
0.10892745852470398
0.09494385123252869
0.1605226993560791
0.052932173013687134
0.13115790486335754
0.13770875334739685
0.18927806615829468
0.08330723643302917
0.1455170214176178
0.0739104151725769
0.11733812093734741
0.19266736507415771
0.06631946563720703
0.09556117653846741
0.12678280472755432
0.1479736566543579
0.10842213034629822
0.11420765519142151
0.5808492302894592
0.49316251277923584
0.5025776624679565
0.3692096471786499
0.5655024647712708
0.42679363489151
0.46179620415181444
0.1915758353725741
0.43435077721022985
0.18675452025770228
0.11213803174491677
-0.06022248092800042
-0.009593516105024902
-0.15104591788093447
-0.07563556362520796
-0.04877476056358687
-0.1784149353404424
0.07357667876414564
0.1111799745990113
0.02691876733892229
0.0010543990228949474
0.012287426394744227
-0.011904740669616998
-0.12074286608148577
0.03646031550178985
0.17915018071363698
0.18443139308039302
0.6025641273000473
0.16249761168915816
0.5998179573149496
0.31765344738960266
0.4119231700897217
0.4760316014289856
0.43227535486221313
0.5565657019615173
0.47043225169181824
0.4873243272304535
0.5387921333312988
0.4272126257419586
0.41942647099494934
0.6792911291122437
0.35283368825912476
0.4299640655517578
0.5480477809906006
0.3222702443599701
0.6362801790237427
0.6496767997741699
0.2981289029121399
0.6908588409423828
0.2245442271232605
0.47806236147880554
0.5361909866333008
0.030105680227279663
0.10416373610496521
0.10402524471282959
0.17501482367515564
0.0609044594243045
-0.0290631977767436
0.3564752981774016
0.0692346608945692
0.2809982185808778
-0.03840724724769862
0.016804138054860362
-0.335817333789013
-0.05822883668626877
0.001798203430518952
-0.17324354053851987
-0.11690098172102947
-0.0756718077026286
-0.12880315371803153
-0.02582620325420326
0.00441616595707095
-0.05598176208598016
0.23330183937919824
0.21250912957705892
0.21245833987710072
0.38439496685975
0.344342856769166
0.3656288922169161
0.6509075164794922
0.45090022683143616
0.5092002153396606
0.4558255076408386
0.5009264349937439
0.6175041198730469
0.5916194319725037
0.46148771047592163
0.6305281519889832
0.6531071066856384
0.6090208292007446
0.37205517292022705
0.39788633584976196
0.5357068777084351
0.4404977262020111
0.4712202250957489
0.5834527015686035
0.33128321170806885
0.49307939410209656
0.4673292934894562
0.5305169820785522
0.6231827139854431
0.5449056625366211
0.011804252862930298
0.08230659365653992
0.18949827551841736
0.05679246783256531
0.7077426027026342
0.1699399071100428
0.31179994057383786
0.35583629610798106
0.12826939287990308
-0.004408203110543796
-0.034940822382648506
-0.2585281750893903
-0.24735294545242537
-0.08800666825328929
-0.24284839157413607
-0.19585774429328462
0.06140041937843688
-0.15339827929897343
-0.037321350909995776
-0.08439659373836295
-0.28089431517610075
0.23793665101845674
0.1678177658022858
0.4501616492994468
0.3093510811214232
0.590464283846722
0.7455107099486475
0.1402370035648346
0.16650664806365967
0.010702043771743774
0.038045793771743774
0.14511218667030334
0.19025945663452148
0.08006617426872253
0.2678818106651306
0.1242707371711731
0.18878763914108276
0.09921315312385559
0.08607259392738342
0.11576381325721741
0.2514301538467407
0.12799301743507385
0.1576099991798401
0.14950501918792725
0.10621842741966248
0.08898109197616577
0.18510794639587402
0.6193128824234009
0.5409629940986633
0.4692760109901428
0.4620019793510437
0.6544433832168579
0.4015043377876282
0.5283733606338501
0.395589481761065
0.4490591931693098
0.26129015651580134
0.12099498360521044
0.03773806052482365
-0.054404114632238265
0.010137625889389157
-0.15138055831719488
-0.10361517858378722
-0.20028518029233544
-0.004960058843052506
-0.1840945165076291
-0.025174054335091234
0.018877110698978794
-0.12325614000198115
-0.041522168372679635
0.05082177378251507
-0.020584701404770644
0.33224451476568334
0.09794568299480338
0.43876115475258126
0.2931917772345676
0.5910065731971278
0.5596402883529663
0.46244630217552185
0.42879965901374817
0.4984830915927887
0.6030917167663574
0.29779577255249023
0.10190176963806152
0.10638973116874695
0.12725096940994263
0.5826493501663208
0.5263407826423645
0.4499429166316986
0.563522458076477
0.36707738041877747
0.0951930582523346
0.13555651903152466
0.09106206893920898
0.10934731364250183
0.03874042630195618
0.18758046627044678
0.37094512581825256
0.17752671241760254
0.5881309509277344
0.5186359286308289
0.6594346165657043
0.4160538911819458
0.41818341612815857
0.3657972698689431
0.3184848284335493
0.1938551315801854
0.14191725088033014
-0.18552108455292865
-0.042192359429145565
-0.2651351784240229
-0.2041588833389948
0.03419734355374804
-0.07028749908863252
-0.1789317137060632
-0.12679187246683765
-0.16678442285407058
-0.13166891241783085
0.09050842167160034
0.014352631107521385
0.2510079323325555
0.0697856009811294
0.32858879932282725
0.30814819014506656
0.2332089072370518
0.5624230449901388
0.37568136958894527
0.6029031872749329
0.5703740119934082
0.10553523898124695
0.24917548894882202
0.12294799089431763
0.10193434357643127
0.14866256713867188
-0.01145392656326294
0.06633821129798889
0.11165747046470642
0.06327319145202637
0.1570366621017456
0.08339652419090271
0.11463660001754761
0.06080225110054016
0.11299949884414673
0.15938937664031982
0.17239195108413696
0.7682263255119324
0.46025025844573975
0.5573976039886475
0.39192232489585876
0.5574280023574829
0.6207820773124695
0.6112127900123596
0.7362712025642395
0.38235267996788025
0.24623448342893123
0.45334183140862283
0.10271873422762667
-0.0032222504926715523
-0.05599900151378534
-0.24889235285224265
-0.054295895726075294
-0.16204692018511868
-0.21714220335497414
-0.11163649932160624
-0.18016930375939233
0.04272726163374152
-0.07790192044535471
-0.12814179619630706
0.07600644450624838
0.05262021248663762
0.15139713755901252
-0.010622600569480722
-0.016855152360369996
0.47730638543460724
0.246865905802581
0.5209594914056561
0.5715630695090864
0.4061717391014099
0.5659624338150024
0.12798982858657837
0.1392459273338318
0.1694868803024292
0.16704007983207703
0.15930888056755066
0.13890358805656433
0.16546621918678284
0.11637750267982483
0.19303593039512634
0.1263679563999176
0.1839066743850708
0.07350292801856995
0.062216341495513916
0.07529279589653015
0.08123758435249329
0.6154819130897522
0.4262779951095581
0.4551730453968048
0.6402693390846252
0.39728862047195435
0.4548144042491913
0.5884053111076355
0.3752742111682892
0.5192591547966003
0.38677990436553955
0.5339525376815197
0.17074978261671908
0.11529364921762625
0.052246530475399844
0.07649996688291305
-0.22346301068898278
-0.16051191973652867
-0.20268649247075432
-0.06849761401159271
-0.09223249582488535
-0.10671238692804985
-0.1882538260911253
-0.0647445780073661
0.07855236105881747
-0.0519556751343655
0.08613331920942124
0.09154892728160902
-0.07481834910461205
0.17015834277573444
0.15862158826476896
0.3086492079962899
0.3760115893098293
0.5643640676102275
0.4088050127029419
0.5460928678512573
0.42230451107025146
0.4532407820224762
0.6184487342834473
0.38723933696746826
0.39870941638946533
0.40009576082229614
0.4390237331390381
0.6188842058181763
0.30199676752090454
0.4927387535572052
0.40101921558380127
0.5326811075210571
0.47300228476524353
0.5374078154563904
0.13809582591056824
0.15967881679534912
0.1394428014755249
0.12140330672264099
0.12403824925422668
0.04174858331680298
0.16773736476898193
0.7092310190200806
0.3299829363822937
0.5524591207504272
0.5707335172476646
0.27902170506724877
0.05915574697241971
0.20291093346242517
-0.036175598581766055
0.10157550980885988
-0.26945264071599284
-0.007524054627856658
-0.010927638560641495
-0.21966468579046194
-0.1802506150429406
-0.08237046332107201
0.0356232812423638
-0.0974752106167428
0.00013619487558469423
-0.12229449795654956
0.05039975731529389
0.026622622399972706
0.1392474147489846
0.2943992991658913
0.12790620992458185
0.3350051936065064
0.4139816510029765
0.20856237299582697
0.10085204243659973
0.16365671157836914
0.02402755618095398
0.12195572257041931
0.13066691160202026
0.09275618195533752
0.08174675703048706
0.05076274275779724
0.1875053346157074
0.0778416097164154
0.045417457818984985
0.24231556057929993
0.17257094383239746
0.07896304130554199
0.025939613580703735
0.08711224794387817
0.09921684861183167
0.17820009589195251
0.15215075016021729
0.4280760586261749
0.4806756377220154
0.3819722533226013
0.4037351608276367
0.3927406370639801
0.7037603259086609
0.406770259141922
0.6334391363705728
0.29511851067277944
0.07234827237365016
0.10884367641357845
-0.01714971682526506
0.12470861446145631
-0.29861144371195547
-0.10923666568769486
0.006366063157926538
-0.10040180919890518
-0.18585762256185645
-0.0516097238143548
-0.14662796645283394
-0.008958357863129485
-0.08205926681861397
0.2373345980212933
0.09580866159165335
0.0688864554280662
0.040800381954032516
0.33337299010145033
0.4358972253680501
0.5056534305379726
0.6536940860330751
0.15211770972279726
0.18583044409751892
0.11134561896324158
0.059784114360809326
0.13318940997123718
0.06527039408683777
0.09214037656784058
0.05414706468582153
0.22933635115623474
0.22296825051307678
0.07224234938621521
0.13017022609710693
0.06243026256561279
0.10566273331642151
0.09793421626091003
0.23268070816993713
0.07136863470077515
0.23094722628593445
0.07520201802253723
0.20362967252731323
0.5679228901863098
0.28967535495758057
0.6699787378311157
0.615581214427948
0.5845474004745483
0.5287963151931763
0.45413491129875183
0.4813577380063599
0.4405775843420605
0.2364243332996801
0.13533862640084204
0.0421529110045904
-0.053646413009573735
-0.025461177136931745
-0.19582503403790574
-0.09569637973300682
0.02398828294744304
-0.1950216308877456
0.12519654865619667
0.04348590656362261
0.18933908633934216
-0.03886130899971152
0.1925775534047891
-0.08884453078401788
-0.02376414009274641
0.00935500051784921
0.22268782832468803
0.37256923158901994
0.2638288696030245
0.28299597745820576
0.3506218194961548
0.636161744594574
0.4245339632034302
0.7455183267593384
0.4334355592727661
0.5711485743522644
0.7308160662651062
0.34732234477996826
0.4462544918060303
0.4630683660507202
0.6848748326301575
0.43607136607170105
0.34688621759414673
0.41861408948898315
0.4650413990020752
0.5928401947021484
0.5344139933586121
0.3633003234863281
0.5847879648208618
0.5337468385696411
0.3397921323776245
0.5273007154464722
0.3293704390525818
0.45446088910102844
0.44538211822509766
0.5843355655670166
0.3820076882839203
0.4073752692539135
0.3734812670338332
0.14232373901435358
0.34592122720551977
0.02854900522143522
0.05058106865809209
0.06736544223339791
-0.04583937199981036
-0.14379451022586942
-0.13093529745614685
-0.09857384736788755
-0.19146353043218334
-0.1256678014397029
0.05343577314588954
0.14917248646527836
0.03408878166343787
-0.37135980839357385
-0.3423717927058765
-0.2606958194135371
-0.12803483337692306
-0.13653494669120708
0.007312837683609075
0.147337428022711
0.13869404792785645
0.050659507513046265
0.09171175956726074
0.03571918606758118
0.06855341792106628
0.056494444608688354
0.17790329456329346
0.021898478269577026
0.17602312564849854
0.10545212030410767
0.2859322428703308
0.1699053943157196
0.08756199479103088
0.15717604756355286
0.18848654627799988
0.07706904411315918
0.21279039978981018
0.05094727873802185
0.08661589026451111
0.12412726879119873
0.13822531700134277
0.08711498975753784
0.07741379737854004
0.1519259214401245
0.17167174816131592
0.6075732707977295
0.5110880732536316
0.4139449403184166
0.31766379750673623
0.014832758332153695
0.17981062016815574
0.15937981025774195
0.021456540209681907
-0.014784213055226814
0.025886030297163187
-0.24811070119537681
-0.035556849467470175
-0.05788166763964109
0.050422220591281985
0.07492955798255829
-0.07553753828332122
-0.07086303213921141
0.05537521556416303
0.0009087825976054065
0.26515830073496593
-0.13736011867404907
0.3537011846867497
0.11112788777022026
0.3190605961564227
0.584063285244101
0.11198899149894714
0.32039397954940796
0.3824272155761719
0.03983071446418762
0.32867464423179626
-0.02888309955596924
0.07426437735557556
0.10034826397895813
0.15008750557899475
0.13119778037071228
0.12829169631004333
0.11924746632575989
0.17480096220970154
0.14727240800857544
0.10438162088394165
0.05885952711105347
0.1650199294090271
0.18841129541397095
0.17307671904563904
0.1315494179725647
0.6045269966125488
0.26856938004493713
0.5058035254478455
0.48647165298461914
0.5810106992721558
0.607334315776825
0.4548751413822174
0.42909930001830665
0.20704398240449795
0.2710369884458894
-0.07131878708759815
-0.00867376901121042
0.07723546717182006
0.06386574046365245
-0.1749494631646913
-0.07870692142410285
-0.0855590662649286
-0.20381340657159241
-0.10679152301284356
0.10967071217157653
-0.17318271028383825
-0.021724075154464617
0.010505031612297766
0.045217194716118625
0.3556852692703591
0.2893060196602868
0.13815741946562127
0.3100618671957078
0.4009387527943614
0.5670366525725594
0.489469438791275
0.44445744156837463
0.637771725654602
0.5233414769172668
0.3049479126930237
0.551896333694458
0.43852561712265015
0.494855135679245
0.7332067489624023
0.4091844856739044
0.6268759965896606
0.65272456407547
0.6076075434684753
0.6297081112861633
0.3817708492279053
0.42313352227211
0.4463973045349121
0.27472203969955444
0.5070884227752686
0.32816562056541443
0.42613571882247925
0.5512592792510986
0.7397928237915039
0.48089614510536194
0.04397943615913391
0.23336845636367798
0.2642093002796173
-0.05660670993138722
0.008794199871773711
0.24643974350183673
-0.044008313734952564
0.012497586022993445
-0.03491352376194368
-0.11671477470463065
-0.149886223997712
-0.1276951098767215
0.052753077793876724
-0.16724621835920206
-0.05198002580120942
-0.005781545462832383
-0.16129452638789865
0.026991337726164244
0.09164056270681431
0.016520732089500667
0.16387051142916592
0.10791169178847826
0.38454936960149827
0.2367453773705659
0.5494311965329266
0.4009089981093815
0.06236240267753601
0.12200233340263367
0.05188140273094177
0.1462746262550354
0.07359415292739868
0.10408014059066772
0.03409382700920105
0.04806450009346008
0.11044317483901978
0.21710547804832458
0.08323055505752563
0.12853240966796875
0.07057580351829529
0.12187296152114868
0.10033825039863586
0.10650783777236938
0.09889242053031921
0.09047544002532959
0.16978618502616882
0.6914499402046204
0.559937596321106
0.5208622217178345
0.524652898311615
0.5875328183174133
0.5449050664901733
0.6736733317375183
0.3934798240661621
0.3520388774145031
0.30803640634191065
0.05081695674565784
0.13487776737021717
-0.09048709946039857
0.1471056588104488
-0.006230426858667593
-0.07103918087108907
-0.10617210663117427
-0.2004915997001241
0.06479482448772378
-0.13906545157807226
-0.0917023610557276
0.02690110672660173
-0.09634783824298776
0.14717382099280374
0.13506919295230824
0.08482236631952322
0.24808173429925512
0.4745801035125362
0.44891407161939184
0.006973904720642021
0.09976583130068695
0.1044180691242218
0.04730004072189331
0.10689765214920044
0.13392096757888794
0.14710074663162231
0.06698301434516907
0.08478111028671265
0.16554903984069824
0.04000663757324219
0.24686023592948914
0.062549889087677
0.1057436466217041
0.09761345386505127
0.24973177909851074
0.31553396582603455
0.08986368775367737
0.06314903497695923
0.14837253093719482
0.12198153138160706
0.2579788863658905
0.14488697052001953
0.0821179449558258
0.1694486141204834
0.30399656295776367
0.15599945187568665
0.74748694896698
0.2722000540270763
0.4184454723604553
0.3418829854174745
0.33689817678058476
0.0898062477670889
0.09683540666915569
0.026941342265553114
-0.16757334856610995
-0.10090047844995809
-0.07007374659486743
0.07228077881092754
-0.12217865630681712
-0.10162854109011676
-0.09787144160334205
-0.008459331817982974
0.002265148934079586
0.1493655675728256
-0.04662297338365817
0.22677421120060015
0.24433887413690336
0.492226849885834
0.5674857266244697
0.3719184414249097
0.08115517952255535
0.29286181926727295
0.1837984025478363
0.022819310426712036
0.11247700452804565
0.048243701457977295
0.12663549184799194
0.11784040927886963
0.061372190713882446
0.16541409492492676
0.10838437080383301
0.19642102718353271
0.1318783164024353
0.09946691989898682
0.09580296277999878
0.1204008162021637
0.11996722221374512
0.15872615575790405
0.0923677384853363
0.19749242067337036
0.165691077709198
0.05260193347930908
0.1532403528690338
0.7501119375228882
0.6370853185653687
0.607484757900238
0.49570325016975403
0.4503337534889414
0.3313431178150388
0.22936552624467488
0.0948878722969616
-0.159622458542385
-0.045455709929711485
-0.044175684112276015
-0.21113407681931173
0.09073104372022167
-0.07381230778932368
-0.28201753810822383
-0.21551806158082187
0.10352674464992517
-0.1496860843426966
0.048965228043133524
0.07706778405969594
0.08177214248687348
-0.008778024960409858
0.3517256139855795
0.3340480161346815
0.32380050304348157
0.32908524578408865
0.49416398507043197
0.5547801915610773
0.3435298204421997
0.4314655661582947
0.1271902322769165
0.06990647315979004
0.38715726137161255
0.1520894467830658
0.1100534200668335
0.09930583834648132
0.10697188973426819
0.056874603033065796
0.16951298713684082
0.03005477786064148
0.14415475726127625
0.05286836624145508
0.14437153935432434
0.2661118507385254
0.09407839179039001
0.13179504871368408
0.48360246419906616
0.4858163595199585
0.6432846188545227
0.5428053736686707
0.5306187868118286
0.5171172618865967
0.33002060651779175
0.43409284949302673
0.4714409530841389
0.37815856627249517
0.18943604787246948
0.16482220860949798
0.012050493402285367
0.025823242560243043
0.03617416007138563
-0.15565413361662672
-0.05005065665370967
-0.2736846624906333
-0.11798219440851387
-0.043130043882231184
0.007574801254101926
-0.15666600178355983
0.2265173829242495
-0.029747223829186153
-0.03050764427230923
0.02599856229912717
0.06525230193943565
0.3744408403331104
0.16938201710388978
0.4513166856101717
0.4111333162982691
0.6274699568748474
0.5288733839988708
0.5966994762420654
0.4619288444519043
0.6237631440162659
0.559657633304596
0.5008746981620789
0.42275577783584595
0.547595202922821
0.4171311557292938
0.5079635381698608
0.6211570501327515
0.4838639199733734
0.4518034756183624
0.4727996289730072
0.48849692940711975
0.5892055034637451
0.5000599026679993
0.2972310483455658
0.12059006094932556
0.09920459985733032
0.09029325842857361
0.1581806242465973
0.12097302079200745
0.1614360809326172
0.10732126235961914
0.08434689044952393
0.618856592645086
0.37513116767483046
0.23132694389567754
0.20423634129288792
0.2947333776463161
-0.16319144859180168
-0.10226731300972713
-0.13637329419889466
-0.2220935326922544
-0.010402634891450324
-0.23467193844321743
-0.11791021038982996
-0.03687727250038886
-0.13230798460062376
-0.014954960553094976
-0.07018161982258331
-0.031217548926046446
-0.12321635592040381
0.03842809585156448
0.21398068642643064
0.1794378692790054
0.4128887519568069
0.572813610655553
0.46451789140701294
0.5351623296737671
0.04363596439361572
0.11091533303260803
0.09196782112121582
0.16001340746879578
0.19579842686653137
0.09101438522338867
0.14061474800109863
0.12786301970481873
0.0932404100894928
0.1518355906009674
0.10373112559318542
0.016686558723449707
0.05834314227104187
0.2270311713218689
0.10738474130630493
0.08901733160018921
0.5657966136932373
0.4704021215438843
0.44860708713531494
0.7004616260528564
0.5012842416763306
0.3584686517715454
0.5199225544929504
0.43439003825187683
0.679061770439148
0.25909725907515685
0.17264364258398507
0.31991100665454075
-0.07465233039284064
-0.09932649319679221
0.046261987830252815
-0.018251569197665574
-0.10909486649341948
0.014324389234928514
-0.18600712871046032
0.09179338420533734
-0.18061462099475312
0.18549637981709965
0.08596028634773556
-0.20364874157182533
0.1184068909151832
0.07236403287304549
0.05596861223332289
-0.013535496311479933
0.25221407637656656
0.5221342606354689
0.2479701791191702
0.628408562749537
0.41739970445632935
0.3725433051586151
-0.0005484223365783691
0.0878629982471466
0.1266501545906067
0.12027564644813538
0.046451181173324585
0.17716622352600098
0.07568439841270447
0.07958289980888367
0.10937640070915222
0.2318204939365387
0.04431498050689697
0.1023688018321991
0.13323843479156494
0.12143036723136902
0.12308910489082336
0.48441264033317566
0.5414882898330688
0.5599445700645447
0.5776300430297852
0.5684397220611572
0.5914726853370667
0.5333369970321655
0.3720434308052063
0.6553707122802734
0.37144893407821655
0.5361942125742072
0.305435328717525
0.26730672492022883
0.042705448997688744
0.10844262228357665
-0.012592213206476854
0.03460671956793482
-0.22287897094345133
-0.22244672151048606
-0.08786794853927382
-0.017139580319035175
-0.14467930424459163
-0.1636153103709156
0.022034343780984345
-0.18201020882958197
0.2821696134010768
-0.02750641240878926
-0.07241067482009039
0.31026658941903645
0.2705250720776181
0.31375626479108265
0.45080681272491063
0.4787243888996127
0.5691395401954651
0.4577733278274536
0.44070011377334595
0.4592101573944092
0.5560798645019531
0.5353343486785889
0.5050749778747559
0.44516676664352417
0.5753952860832214
0.581109344959259
0.6076616644859314
0.48192712664604187
0.4715748429298401
0.5681982040405273
0.05396106839179993
0.04596403241157532
0.6034833192825317
0.5043491125106812
0.07136788964271545
0.10961759090423584
0.06888815760612488
0.22851338982582092
0.13248443603515625
0.11114892363548279
0.6847264170646667
0.46428537368774414
0.7715333700180054
0.280287438129569
0.2392698370697981
0.35583858957361353
0.12907466524870442
0.06725602037281475
-0.015416658664097582
-0.09011951137693852
-0.09650391067724029
-0.17658416535129196
-0.08880704281350293
-0.04489190191965109
-0.22620232809344754
0.1325001992817152
-0.05494007344575258
-0.03643671056210496
-0.15157821613539713
0.11771341731419838
-0.011647813807885488
0.19258073419091787
0.254413420270981
0.39827513779708207
0.5132019609946923
0.36080839126529535
0.5112700462341309
0.4767076075077057
0.7089264392852783
0.6164754033088684
0.47213488817214966
0.0012961030006408691
0.17366483807563782
0.04027220606803894
0.07949161529541016
0.06737783551216125
-0.009714841842651367
0.11507397890090942
0.14638391137123108
0.019180268049240112
0.60530024766922
0.41468939185142517
0.33212852478027344
0.4638291299343109
0.3381686210632324
0.4637155532836914
0.5426770448684692
0.3966616690158844
0.47173842787742615
0.5416377186775208
0.5426825881004333
0.5664792656898499
0.3821036219596863
0.4503220719081599
0.2003512272878632
0.3531219528429396
0.36131697063632845
-0.053639638168903714
0.006827765330335023
-0.12801532720894404
-0.15815639855908692
-0.09113433947201177
-0.051693038564645355
-0.22266079460734256
0.00015627129996220734
-0.1449880770025609
0.05490572983471975
-0.08138077890036055
0.026168946290936135
0.25161395971622025
0.2382768562886176
0.2251503535537897
0.2272722909532751
0.427980671329886
0.4999839466573796
0.5079473741393034
-0.0047019124031066895
0.09468233585357666
0.18842318654060364
0.18644943833351135
0.05214253067970276
0.19311079382896423
0.058077871799468994
0.019807755947113037
0.09536844491958618
0.21714335680007935
0.0553039014339447
0.2007988691329956
0.053874820470809937
0.03166726231575012
0.09586933255195618
0.03672933578491211
0.2686457633972168
0.08082851767539978
0.5781559944152832
0.47350603342056274
0.4880006015300751
0.49540582299232483
0.5869308710098267
0.41399386525154114
0.546953022480011
0.5837242603302002
0.2727467438569352
0.36922872424453934
0.15589325556040529
-0.042913000717497485
0.36361487092544387
-0.15487820902420968
-0.09940565479158991
0.10678426034924249
-0.21672760499641208
-0.08991233780615682
-0.3068279464225929
-0.055721605619358905
-0.03796952487009153
-0.026186504945291178
-0.09198680773732781
0.026896587798400762
-0.048628141607817144
0.22367741371408117
0.01186682207116413
0.1588366055445143
0.36703400701939853
0.3329863898617098
0.38789923264190157
0.41372598778051506
0.055584996938705444
0.030812382698059082
0.04609614610671997
0.10742136836051941
0.12135347723960876
0.0573081374168396
0.07368507981300354
0.21833398938179016
0.03382372856140137
0.17886143922805786
0.13670915365219116
0.062006205320358276
0.0466456413269043
0.2418445348739624
0.16778883337974548
0.139918714761734
0.12442141771316528
0.21056735515594482
0.6582679748535156
0.525720477104187
0.43152713775634766
0.5895658135414124
0.6597384810447693
0.24013635516166687
0.7239165306091309
0.3049890995025635
0.39677811727887147
0.32146931444544435
0.0662974341146525
0.2533220705926523
-0.1328763548317191
-0.32460114888765057
-0.05267275665664406
0.018749389206550227
-0.2704795160447635
-0.28048227249905355
-0.179793552148916
-0.22769996626807953
-0.1473907253350929
-0.2554301357620442
0.058682242923134065
0.09330028448471506
0.004729688454245595
-0.03183513127405352
0.13473183881586304
0.34496022037275287
0.18506418466751678
0.4492794148932472
0.619564999975531
0.4412916054536116
0.7453068494796753
0.5307528376579285
0.397647500038147
0.47748851776123047
0.45794612169265747
0.47892260551452637
0.5421267747879028
0.5350428819656372
0.5059365034103394
0.5275688171386719
0.503871500492096
0.45772793889045715
0.723879337310791
0.3148708641529083
0.49099481105804443
0.42287272214889526
0.5406615734100342
0.46580612659454346
0.5144747495651245
0.40920108556747437
0.42509081959724426
0.6642597317695618
0.5468801856040955
0.2238611876964569
0.3723345994949341
0.025028586387634277
0.05850573981921614
-0.09998184741050287
-0.20610394786233133
-0.21770073119065142
-0.35983932087542625
-0.4762507822545894
-0.38495960669577367
-0.5782074357334175
-0.41121112557558204
-0.49283414696871364
-0.5491850401438927
-0.4542016520957909
-0.5114762797858752
-0.010541595114976432
0.03924271999276052
-0.07411537908470367
-0.09915769743534564
0.15522492932179766
-0.2923329685455874
-0.14628263263650282
-0.11695631165848808
-0.0139754169345081
-0.028794585461931754
0.1677519977092743
0.13453885912895203
0.10787349939346313
0.2724652886390686
0.08304423093795776
0.2608112692832947
0.1483539342880249
0.20386359095573425
0.005499213933944702
