0.5
0.5
0.5
0.5
0.5
0.5
0.5
0.5
0.5
0.5
0.5
0.5
0.5
0.5
0.5
0.5
0.5
0.5
0.5
0.5
0.5
0.5
0.5
0.5
0.5
0.5
0.5
0.5
0.5
0.5
0.5
0.5
0.5
0.5
0.5
0.5
0.5
0.5
0.5
0.5
0.5
0.5
0.5
0.5
0.5
0.4662796234554295
0.2967497886045737
0.1806360109632249
0.07640065851836841
-0.021836572433951318
-0.1127168384967927
-0.193650239451721
-0.26213519907784477
-0.29627915646004177
-0.2961113168956163
-0.2759125490691122
-0.24487753323148498
-0.2088383092311007
-0.17141430122101586
-0.13477833702436304
-0.10016572488714492
-0.06821155513715815
-0.039173293650647034
-0.013076888413430243
0.017692708627700837
0.0952842857711429
0.18209898039560246
0.26816465853705596
0.34940992158618395
0.42318976010284126
0.48740436347628663
0.5
0.5
0.5
0.5
0.5
0.5
0.5
0.5
0.5
0.5
0.5
0.5
0.5
0.5
0.5
0.5
0.5
0.5
0.5
0.5
0.5
0.5
0.5
0.5
0.5
0.5
0.3550568655181485
0.2512011106636489
0.16124657073443782
0.0767200760206414
-0.0019830658321728922
-0.07283275555442437
-0.13373000723122008
-0.17953858169451298
-0.19116380969544344
-0.1823299536343146
-0.1619249036728846
-0.13563289193869976
-0.10702468702988455
-0.0782844420498614
-0.05069333612073379
-0.024950547916972043
-0.0013855362281843808
0.03497154751353376
0.12118727730366496
0.21610537927826257
0.30885657383138254
0.3950725258973721
0.47198387660434993
0.5
0.5
0.5
0.5
0.5
0.5
0.5
0.5
0.5
0.5
0.5
0.5
0.5
0.5
0.5
0.5
0.5
0.5
0.5
0.5
0.5
0.5
0.5
0.5
0.5
0.5
0.5
0.3533748544025067
0.246984755530205
0.1556141376778984
0.07005729515934617
-0.009422341510951004
-0.08080738503222318
-0.14199320260005777
-0.18505787758959114
-0.1948451783396561
-0.18478090103520195
-0.16355271131189886
-0.13671053283084889
-0.10773505119713267
-0.0787500077386315
-0.050996075362018445
-0.025145279638630447
-0.001508883004923578
0.041529263946580186
0.12801187846321682
0.22175079726350505
0.3129536244738924
0.3975179308733582
0.47277088357201585
0.5
0.5
0.5
0.5
0.5
0.5
0.5
0.5
0.5
0.5
0.5
0.5
0.5
0.5
0.5
0.5
0.5
0.5
0.5
0.5
0.5
0.5
0.5
0.5
0.5
0.5
0.4983440758222003
0.3415072814021768
0.23919929742190793
0.232669626495821
0.3147692447515289
0.035064687884054146
0.13515613313982933
-0.06521248569835558
-0.055773027521928475
0.0017506969341203327
-0.2264205318655339
0.1677263826701565
0.0027471318356193652
0.03904555466501802
-0.2196412788028711
-0.04031686176788407
0.2363700776884824
0.08537583324013731
0.10984168654003446
0.27631560996293664
0.17297983197673666
0.5365751022320872
0.7185373868598883
0.5852120265456306
0.6348588466644287
0.6530638933181763
0.70402592420578
0.6910433769226074
0.6812456846237183
0.5944746732711792
0.6254342198371887
0.5189517140388489
0.6100040674209595
0.6332334280014038
0.8101378679275513
0.5217819809913635
0.5600920915603638
0.7060588002204895
0.5427508354187012
0.5598948001861572
0.5106421113014221
0.5073965787887573
0.7814430594444275
0.7733561992645264
0.6508581638336182
0.5492633581161499
0.7130892276763916
0.6657230854034424
0.4455188512802124
0.7212315797805786
0.49959963976172217
0.4583264383204553
0.34850709491409354
0.35471657460377076
0.3162086784117137
0.14182189833908676
0.00902800707067053
-0.031052665330094764
-0.014610647078877048
-0.06955268835465578
-0.04242312101185819
0.029927127286425992
0.022217539201348835
0.05737423858881996
0.05230961905493692
0.09124633927972581
0.2813887771368768
0.1457029005287283
0.21776528033483167
0.2765588497129246
0.49248405058552014
0.4729895594533793
0.6922284294578644
0.6746653999538679
0.6748080253601074
0.6978695392608643
0.7258976697921753
0.7113686800003052
0.7250984907150269
0.7701015472412109
0.41355299949645996
0.6577345132827759
0.7654428482055664
0.5429376363754272
0.7252689599990845
0.7636570930480957
0.64732825756073
0.631653904914856
0.6099575757980347
0.6680740714073181
0.5849123001098633
0.7661635875701904
0.7167142033576965
0.5639997124671936
0.7564572095870972
0.688959538936615
0.6712964177131653
0.7782238721847534
0.4028034508228302
0.7997313141822815
0.4337574350774243
0.12388752479720533
0.2735676509875326
0.1465970022911256
0.26605951356853186
0.16313994496485928
0.05888243957940309
-0.22011786309510095
0.08602714814993628
-0.16613168100976794
-0.13042737506218716
-0.001411620470250008
0.10054132955986417
-0.06959935946719187
-0.17769964599577692
0.26936195380325767
0.06371412479215255
0.19745605337910366
0.24299842718726228
0.19957601009141263
0.4499752537640504
0.38440043764821114
0.8171047418606432
0.44092057590967815
0.5366207957267761
0.5807017683982849
0.6024972796440125
0.569271445274353
0.5508068799972534
0.4590405821800232
0.5391483306884766
0.671665370464325
0.6601463556289673
0.7602104544639587
0.6620787382125854
0.7339778542518616
0.5499324798583984
0.6075902581214905
0.8186792135238647
0.788534939289093
0.7155932188034058
0.6846787929534912
0.5185708999633789
0.4962238073348999
0.6439905166625977
0.7233024835586548
0.44894707202911377
0.7854398488998413
0.8076052069664001
0.6706133484840393
0.46888572395864336
0.3074372047887267
0.3181384588039893
0.21344991266896884
0.3284593861902922
-0.06721554740778402
0.13949535370708488
-0.1763668253787941
-0.32356196046110186
-0.04738463365351664
-0.15209144045848677
0.11229066855950709
-0.11438786927571765
-0.07467237736155508
0.12327960280104122
0.028045016993077043
0.16773744640085508
0.3292475833282947
0.2942184144524931
0.214673732112313
0.5310661876685978
0.29078496912929985
0.5666975060521591
0.630248890175133
0.6228917241096497
0.5940494537353516
0.5515643358230591
0.6062781810760498
0.8313968777656555
0.516149640083313
0.4654900133609772
0.8593989610671997
0.559346616268158
0.6513239741325378
0.5826351642608643
0.65702885389328
0.6084346771240234
0.7620988488197327
0.7015920281410217
0.6327666640281677
0.7010987997055054
0.7516884207725525
0.6759925484657288
0.8424167633056641
0.7934809923171997
0.4793514013290405
0.48645493388175964
0.7249997854232788
0.5987256765365601
0.8296239376068115
0.5760547542080386
0.2232147478808042
0.27792970304181064
0.24056266913913288
0.25531213816978865
0.19938230522213163
0.04386280333744752
-0.1409153547392058
-0.01639832410508013
-0.17649300332698115
0.02816180672771129
0.05323663681290958
-0.0173323610682955
-0.031607313447943985
-0.07178225626508827
0.15828152055690092
-0.11324335216859471
0.02429767378329395
0.241960740509017
0.28710223199422413
0.295612111326759
0.5438969747588954
0.5706130975584797
0.618443489074707
0.7156407833099365
0.7224062085151672
0.7974931001663208
0.7348709106445312
0.6857187747955322
0.8441715240478516
0.6890095472335815
0.4797406494617462
0.6486234664916992
0.6726743578910828
0.6442012786865234
0.6980375647544861
0.6825186610221863
0.6138758659362793
0.6615200638771057
0.8186314105987549
0.644771933555603
0.604690670967102
0.5536189079284668
0.64677894115448
0.6717852354049683
0.6776377558708191
0.520851731300354
0.618110179901123
0.6186844706535339
0.7742466926574707
0.3873697646751557
0.3475047169874669
0.23648057863435307
0.2101787230449429
0.1646790678118546
-0.06026502985611981
0.043869739529141305
0.028577324804439863
-0.061456649181620415
0.16184451064015215
0.012979812245618505
-0.07594744928764097
0.15061104450132612
0.10031029422250237
0.02173197513078562
0.18708134115483488
0.06825964345615265
0.23451491628317056
0.34686680684690446
0.28023036129412693
0.46774090084789544
0.600300179338171
0.6421657164797001
0.3165418803691864
0.675300121307373
0.5977733135223389
0.6865959167480469
0.3372623026371002
0.5954748392105103
0.4611838459968567
0.7086488604545593
0.5801675915718079
0.7472854256629944
0.8123706579208374
0.6402550935745239
0.6336548328399658
0.48561081290245056
0.7135379910469055
0.692939817905426
0.5839492082595825
0.7933239340782166
0.6316138505935669
0.5549420714378357
0.5540241599082947
0.6420161724090576
0.7579802870750427
0.5815705060958862
0.6097826957702637
0.6049703359603882
0.500281572341919
0.5529393877518899
0.42420548634506594
0.3787798963604385
0.24166730644264617
0.08596432020722927
0.10981659140358013
-0.011952506425022213
-0.10527377506525337
-0.10449736223319028
-0.001981137624834539
0.066904240662786
0.08752919228744405
0.07541656159175603
0.11461997637976695
0.17371400028137007
0.18681843786227004
0.1847117571640503
0.27883905342512016
0.16414250240749595
0.475190864657395
0.5487609859735356
0.5997806038513843
0.6703614044027939
0.6640233993530273
0.8973802924156189
0.7688206434249878
0.6025540828704834
0.658616840839386
0.7272639274597168
0.5218296051025391
0.5773053765296936
0.7631882429122925
0.6301941275596619
0.6336605548858643
0.588584840297699
0.594973087310791
0.6824599504470825
0.7872192859649658
0.6253613233566284
0.6039752960205078
0.7383818030357361
0.6358160972595215
0.5258321762084961
0.7799072265625
0.5758410692214966
0.5343337655067444
0.6199134588241577
0.7259295582771301
0.762775719165802
0.7416005730628967
0.4768579831056944
0.35480772308909214
0.24475869002386796
0.29915009848472873
0.24205535687810265
0.06099097704308276
-0.15544416496522018
-0.11680577735449515
-0.026013173645693777
-0.23112125649591864
-0.11500834339610633
-0.25267583139218774
0.07925525458559579
0.04118244891666978
0.14589537855567547
-0.0031146871446130486
0.18524813720093514
0.14955343655632125
0.1991779126451122
0.35655284513454294
0.5039375306573062
0.5808875541170329
0.8041184985827043
0.7367311120033264
0.7202792763710022
0.6741199493408203
0.7970044612884521
0.7694405317306519
0.6977396607398987
0.7247901558876038
0.6757042407989502
0.6971784830093384
0.7124029397964478
0.6169204711914062
0.6236046552658081
0.4553321599960327
0.7296187281608582
0.6863040924072266
0.7083556056022644
0.35312211513519287
0.43005305528640747
0.5319597125053406
0.6185198426246643
0.4970307946205139
0.5010493397712708
0.7079299092292786
0.7476780414581299
0.7802527546882629
0.44755950570106506
0.6080526113510132
0.37810677639108653
0.3138483026581854
0.3411874409384317
0.2227277398451521
0.24529955578950247
0.030381402741360808
-0.08190380116635887
-0.08992055561923884
-0.06290301608450877
-0.04110083593278335
-0.06762399692306431
0.10608948336598867
-0.04241649735570974
0.044716568310856575
0.08306343805149008
0.283849051287425
0.12130198705522233
0.05889058762920485
0.2891004512557461
0.44116405904840883
0.47132446510931325
0.5542006922963786
0.6072253146105472
0.6103240847587585
0.6092668175697327
0.7566584348678589
0.6946791410446167
0.8930150866508484
0.6200242042541504
0.6206055283546448
0.4599001407623291
0.5502827167510986
0.6923326849937439
0.5034007430076599
0.8039583563804626
0.5598199963569641
0.45793527364730835
0.6627500057220459
0.5436873435974121
0.6731680035591125
0.738929271697998
0.5905089378356934
0.48209697008132935
0.6348907947540283
0.6988328099250793
0.6974729895591736
0.6829836368560791
0.5810160636901855
0.6208910942077637
0.5481160486345192
0.48973492166368504
0.27382631335640006
0.20272917338313784
0.0691920676854913
-0.01250730937124922
-0.07345064565439996
0.013140265077984381
0.042902987845344076
-0.0837022067652674
0.05713101816915267
-0.005773093580080602
0.08363412189670227
-0.06707323102832119
-0.09296254647043911
0.22549728889664888
0.08537298148182515
0.32519139627983645
0.1477127129801648
0.2603454977269293
0.18648973582865813
0.42783983982266505
0.5536179560671294
0.7331065339309497
0.5687284469604492
0.7294856309890747
0.5835784077644348
0.8209049701690674
0.5423111319541931
0.6938671469688416
0.631709098815918
0.7077122926712036
0.732246994972229
0.7289919853210449
0.6882561445236206
0.473932147026062
0.769316554069519
0.7703424692153931
0.7186754941940308
0.6338608264923096
0.4343380033969879
0.5780694484710693
0.6263828873634338
0.5389446020126343
0.7388383150100708
0.5757341384887695
0.6016331315040588
0.5690430998802185
0.5427248477935791
0.6866708397865295
0.49547514745834836
0.4982498140019962
0.5346674512266021
0.19290313674390785
0.0110079458417216
0.15263112077878616
0.10117402877361137
-0.10202680267848574
0.06452956276225785
0.00314700653935851
-0.15796430835666297
0.12224985763503982
0.1313805925807
0.15686455733249782
0.1391458875921454
0.12684148231306558
0.19283430261485102
-0.16263011771361024
0.289175738646595
0.28486683091693776
0.5071218625292573
0.3742398282697721
0.39597142247321027
0.7015026354506128
0.651199221611023
0.6023041009902954
0.5022769570350647
0.5448007583618164
0.7238327860832214
0.5662622451782227
0.6516522765159607
0.6138150095939636
0.7537393569946289
0.7028918266296387
0.7140011191368103
0.5535728335380554
0.4207266867160797
0.6286399364471436
0.4851962625980377
0.6976327300071716
0.7081164717674255
0.6793161034584045
0.49003350734710693
0.8143743872642517
0.8038214445114136
0.40259820222854614
0.6023336052894592
0.8320002555847168
0.615350067615509
0.45408526062965393
0.5650638713631859
0.42481858205193224
0.2868109622613388
0.39779120462695716
-0.0025791665350269333
0.09720368266731272
-0.042789886008649414
0.0032180963310247668
0.011293847610223229
0.09637597001230747
0.05099993971156802
0.1160161589527039
0.1127434226307884
-0.004144826016448833
0.09255013961878289
0.1416745260804323
0.2136774505550032
0.21841649652400508
0.24111913546555064
-0.01668507190043178
0.2554835170647918
0.7023947507472694
0.7023764596752375
0.7523878870200758
0.6252114176750183
0.7068068981170654
0.6048672795295715
0.7381302118301392
0.5541180968284607
0.8400976657867432
0.3987213373184204
0.6139207482337952
0.6418629288673401
0.5328637361526489
0.747761607170105
0.7644422054290771
0.8098349571228027
0.6672365069389343
0.6413282155990601
0.7817137837409973
0.5318439602851868
0.619208812713623
0.6384268403053284
0.6326615810394287
0.7326637506484985
0.36785268783569336
0.624096155166626
0.5857672691345215
0.8397122621536255
0.4311623275279999
0.5821636514711379
0.4518909772266533
0.216116232581828
0.23648360559790366
0.041586505387298967
-0.07446350642498356
0.05322281115017724
-0.19727341213038985
-0.11574386229166644
-0.08264433202571797
-0.11058364651407382
-0.030695903466465335
-0.1357032352375125
0.18354239953076357
0.02611863256507574
0.14644249632212536
0.07504901076492443
0.1215515056524713
0.2698447766314848
0.23124980166072212
0.4029774207246304
0.39389983356746844
0.4839345155277476
0.7255674004554749
0.511702835559845
0.5074571967124939
0.5464718341827393
0.8681434392929077
0.5449031591415405
0.6766079068183899
0.8450711369514465
0.4502083659172058
0.6298630237579346
0.5812810063362122
0.6803586483001709
0.3556482493877411
0.4015980660915375
0.6948662996292114
0.4948858916759491
0.6717009544372559
0.7385837435722351
0.6183985471725464
0.5121312141418457
0.4819830358028412
0.7019185423851013
0.8346170783042908
0.537018358707428
0.6389058828353882
0.5848104357719421
0.4995027780532837
0.5744602979385418
0.35176872993642266
0.22487180934935458
0.3321777195145815
0.05286652611002107
0.03489763010288316
-0.024629624266213956
0.05831554726990773
-0.26736904769023284
-0.0939668919721608
-0.017455142415205738
-0.11147762597060173
0.0004876383337675261
0.03055431602192238
0.022654326101425815
0.05796204164854357
-0.03438432018335147
0.1541188519520822
0.11552887035956833
0.3051157768301183
0.3321322890511711
0.40877925458813447
0.46016476109587745
0.5561745166778564
0.5746644139289856
0.9311836361885071
0.8230725526809692
0.6242628693580627
0.6871033906936646
0.702824592590332
0.6121537685394287
0.7745808362960815
0.6258480548858643
0.6804208755493164
0.7649372816085815
0.5851320624351501
0.7065668106079102
0.8048149347305298
0.6822322010993958
0.7137824892997742
0.5748345851898193
0.7480730414390564
0.667122483253479
0.6496186256408691
0.27254676818847656
0.49083244800567627
0.5311923027038574
0.49648043513298035
0.7631127238273621
0.681861162185669
0.4721681570272326
0.44843887798160376
0.41991285485385005
0.2830444913935052
0.13077381081152623
-0.01929653559925515
0.03798153761119627
0.05468018489739568
0.043474180689091924
-0.08784449216204471
-0.021406988154489714
0.05507415009052652
-0.029309297531435075
0.1856362445987546
-0.03986031577719562
0.07784233743290081
0.14997302229051068
0.17133082206734856
0.21002048417127417
0.13841644589267343
0.5290634263649934
0.39100403339852247
0.5317450887573467
0.7449067831039429
0.8259855508804321
0.6129429340362549
0.6432850956916809
0.6756426095962524
0.7097544074058533
0.6508625745773315
0.54240882396698
0.6357219219207764
0.7368952631950378
0.588803768157959
0.7583013772964478
0.5660839080810547
0.4788179397583008
0.5942649245262146
0.7564965486526489
0.5426903963088989
0.4971882402896881
0.6090533137321472
0.6706063747406006
0.3131764531135559
0.46017733216285706
0.6494110822677612
0.6910681128501892
0.6418952345848083
0.49956536293029785
0.5322476029396057
0.36576665881678194
0.3919214070173217
0.3803557839914441
0.20662621575508294
0.3160344069447032
0.08935559177287067
0.1256907634695681
0.07293132493779553
0.034157681467499534
-0.1790831294389409
0.02058739633892992
0.03184234336107905
0.05737799661996135
0.03270627223074385
0.0031290834478721052
0.10756703522221944
0.1320131806176601
0.09164732848959412
0.26287221529894345
0.6043082502235604
0.37861870815811843
0.4849746103756711
0.6794788397761531
0.5776638984680176
0.6906707286834717
0.765809178352356
0.6568608283996582
0.5097069144248962
0.7925984263420105
0.8140690326690674
0.8222965002059937
0.5488598942756653
0.7405436038970947
0.665740966796875
0.6730983853340149
0.6096044182777405
0.5159779787063599
0.7016395926475525
0.6301699876785278
0.5780072212219238
0.4223575294017792
0.694740891456604
0.9282355308532715
0.5473503470420837
0.7819483280181885
0.5794705748558044
0.5539922714233398
0.5057397484779358
0.6960765719413757
0.5879263877868652
0.6072827585456815
0.27060863896683884
0.2684417289385157
0.2277778303465075
0.19858816772180987
0.12421249895339359
0.024081326833728878
-0.015974749349358608
-0.24039135995565208
-0.05248898905776189
-0.20814615468456477
-0.02095370441391775
0.012677016110418493
0.06590789604602332
0.12107058117745739
0.15958969030572068
-0.007024782433999732
0.05543902826794922
0.13510907435698738
0.32220947253105103
0.5327149368514259
0.7131443719366495
0.8696154583851774
0.7974655628204346
0.6689888834953308
0.8464837074279785
0.6385889053344727
0.7643229961395264
0.7122194766998291
0.6297730803489685
0.6382613182067871
0.5524800419807434
0.6385104656219482
0.8049014806747437
0.4697211980819702
0.6994193196296692
0.4724489450454712
0.6612876057624817
0.6425796151161194
0.7238116264343262
0.6636061668395996
0.9169790744781494
0.5858254432678223
0.6519380807876587
0.7068384289741516
0.6226043105125427
0.721524178981781
0.601284384727478
0.7041853070259094
0.8064539827981337
0.5357125411358874
0.40240256912357064
0.41810499921995975
0.2763256847416214
0.16741402809956774
0.031827149612710826
-0.07583894482761178
-0.23892117801365587
-0.06612869190683746
0.020739569921051748
0.001273526065638797
-0.028898321760497447
-0.05627529043342405
0.012918476404280455
0.19653719425882143
0.015791294943002576
0.2007441746570492
0.19194816191879505
0.32311359395679945
0.25190753278996747
0.4215792866142656
0.615099450160546
0.6214139104499167
0.7101917266845703
0.7905981540679932
0.6040144562721252
0.612729549407959
0.7501031160354614
0.7254564762115479
0.5709526538848877
0.5220356583595276
0.7162185907363892
0.6764540672302246
0.7029239535331726
0.586924135684967
0.6293978691101074
0.717879593372345
0.7336499094963074
0.5558229684829712
0.48470982909202576
0.6188485622406006
0.5290625691413879
0.5515608191490173
0.6873698234558105
0.6921067237854004
0.7934862375259399
0.31890663504600525
0.7282192707061768
0.767903208732605
0.5962310850393632
0.4374707321632744
0.45165623939229205
0.3385948180361563
0.190059431700909
0.05442233649524775
0.024466536046436005
0.09227366009118765
-0.03971537995617347
-0.044665328827839246
0.10050183431575477
-0.06753087916483602
0.12447551420630532
0.2149037149226929
0.10268004685332466
-0.02669529646999702
0.18391039636110484
0.3222772820970155
0.16789631455183796
0.28063619442501436
0.47452528627535967
0.5838962950698726
0.7626349464680231
0.5484081419136294
0.4973609149456024
0.8353216648101807
0.6332817077636719
0.7010959982872009
0.7734723091125488
0.5368496775627136
0.6562899351119995
0.8279990553855896
0.5234060287475586
0.7370762825012207
0.7818063497543335
0.7307623028755188
0.7000589966773987
0.39653584361076355
0.7024014592170715
0.6026214957237244
0.5519614815711975
0.5159810185432434
0.5431325435638428
0.7788615226745605
0.6658928394317627
0.5985125303268433
0.517010509967804
0.3662603497505188
0.733360230922699
0.640703558921814
0.5341421516491882
0.19144376693202636
0.18772945640434563
0.5469158484204617
0.3644534705086063
0.09854144167710632
0.10336955148264515
0.034952240939088886
-0.12688169949202965
-0.049505959092309704
-0.04140055123283459
0.03088891740912092
-0.15754571388292105
0.17712136237468068
0.08040669580844317
0.15839966819029128
-0.003956891670265694
-0.0380869090399415
0.20373570929121176
0.3593649711169103
0.2859449089566141
0.41056105293640255
0.5931331110265002
0.5756699757470625
0.8231785297393799
0.5884808301925659
0.5370505452156067
0.7931336164474487
0.6650195121765137
0.6008219718933105
0.6006757020950317
0.6472554802894592
0.6318234205245972
0.704276442527771
0.6816673278808594
0.7916947603225708
0.5493295192718506
0.7228373289108276
0.579905092716217
0.6437333822250366
0.617861807346344
0.47727540135383606
0.5988658666610718
0.5220590233802795
0.70878005027771
0.8449638485908508
0.5867365002632141
0.5605841279029846
0.5791776776313782
0.6096095442771912
0.5779681456855165
0.626567979373057
0.3174420984919127
0.2796688351049096
0.11432440018138379
-0.00630781522349344
0.09222957903169637
0.06733803846827946
-0.18364637786889149
-0.11402348836868681
0.05937259563326003
0.016502599467902557
-0.1539331056127733
0.13968417861312554
0.11884641976458465
0.20075942684799275
0.06624497670167429
0.1971511754825096
0.2808464041686491
0.16288350229673898
0.5962993112298492
0.5473064142173943
0.5743859017059201
0.7340344190597534
0.6939500570297241
0.6165280342102051
0.705201268196106
0.5651687979698181
0.6356173753738403
0.7138045430183411
0.6091820001602173
0.5537415146827698
0.6611272692680359
0.6304495334625244
0.7222715020179749
0.48473411798477173
0.5399434566497803
0.46391579508781433
0.6276894211769104
0.7255030870437622
0.542553186416626
0.6943825483322144
0.6899575591087341
0.7228238582611084
0.7557657957077026
0.6631271839141846
0.6118384003639221
0.6629289984703064
0.8287945985794067
0.5925581455230713
0.5123493876626039
0.29449871185124565
0.1937899899403383
0.03240352682973374
0.1410189262184136
0.03250425301237991
0.23469722849631602
-0.10645758428847385
-0.06475986226024277
-0.037839165205255876
-0.05597562467476058
-0.18735376969420903
-0.12705886148352286
0.18892009023848044
0.11703903552310546
-0.06747515157930206
0.27392815395474435
0.11453427159385265
0.361423780348155
0.3295733527760329
0.2437622460663289
0.3409258453126233
0.43184952785534486
0.7088177800178528
0.6909542679786682
0.5911698937416077
0.821927547454834
0.6430179476737976
0.7410136461257935
0.7144855260848999
0.752609133720398
0.6577951908111572
0.5536569952964783
0.55228191614151
0.4820290505886078
0.5590916872024536
0.436149001121521
0.44533103704452515
0.6775143146514893
0.5687571167945862
0.5841294527053833
0.6835683584213257
0.7067851424217224
0.6650909781455994
0.504963755607605
0.49977976083755493
0.680021345615387
0.7667279243469238
0.6602651476860046
0.5796346664428711
0.6707864957724047
0.46175676155832335
0.38017573164769375
0.25128360291147306
0.18202895724856216
0.006265588773686659
-0.03330671290032394
0.08568720733921831
-0.043038722035239174
-0.20192057017868503
-0.23088858630611508
-0.06287665030677159
0.05233431787620979
0.022924467775243818
0.001787003291129241
0.051948885166915204
0.19421647478608617
0.26454286559513024
0.26380220694625567
0.37382720299628486
0.47003194343469457
0.6434858529291808
0.6989721653792681
0.6684895753860474
0.7806291580200195
0.6881174445152283
0.7610061168670654
0.5928661823272705
0.5123438239097595
0.7946290969848633
0.5834598541259766
0.6449921131134033
0.7182393074035645
0.46062156558036804
0.7666290998458862
0.5560891628265381
0.4392033815383911
0.5932228565216064
0.6032466292381287
0.7130559682846069
0.568733811378479
0.6144657731056213
0.5553293228149414
0.4417791962623596
0.57014399766922
0.6357409358024597
0.637229323387146
0.49700304865837097
0.8094650506973267
0.7730647921562195
0.6493286453045296
0.3301177162806599
0.1855746013025804
0.11419014118291043
0.11169762700144192
0.0719169384019338
-0.015372562930122124
0.026160057284155047
-0.028579247550471698
0.02241249498752973
0.15287899460859755
-0.0883855881598492
-0.0898471215382628
0.10309289986207815
0.16907532998111963
0.06939645461419497
0.15726484213793657
0.19702600743412713
0.4451602446595113
0.4327166389205105
0.4865867560010561
0.645990819384199
0.6273349663871792
0.6453683376312256
0.472212553024292
0.6054064035415649
0.4820183217525482
0.7170448303222656
0.7208718061447144
0.6109516024589539
0.5983193516731262
0.6828653216362
0.6000322103500366
0.45494914054870605
0.6073614358901978
0.7088552713394165
0.5245737433433533
0.7237470746040344
0.5765305757522583
0.3756261169910431
0.7011968493461609
0.6414627432823181
0.49155330657958984
0.5875949263572693
0.6132341027259827
0.7346760630607605
0.7926284074783325
0.577462911605835
0.6269382238388062
0.5007874369621277
0.5063882612848704
0.32559077134651204
0.3275433514594028
0.2503096954538048
0.16464439563275035
0.07229389256219465
-0.0480988503602513
-0.07684873615230536
0.01880858076544456
0.03744692663366744
0.1955836130241997
-0.08531898362382073
0.1396135221506779
0.035258977131833125
0.11591564052867653
0.045207012564195015
0.06924308399489909
0.23264506455952838
0.23532167119424624
0.4207605718753893
0.37405241414190327
0.5141566725999902
0.6265506595368863
0.5254884958267212
0.66543048620224
0.6845381259918213
0.675366997718811
0.5730955600738525
0.7764504551887512
0.7445718050003052
0.6467324495315552
0.5676640272140503
0.578709602355957
0.803418755531311
0.49931079149246216
0.6089490056037903
0.4699477255344391
0.5193967223167419
0.629166841506958
0.6290406584739685
0.3200415372848511
0.6375546455383301
0.5711506605148315
0.6206666827201843
0.7585657835006714
0.5610973834991455
0.5208876132965088
0.6357313990592957
0.6697281002998352
0.7767158586338736
0.4853935709073912
0.26570176477622703
0.3455996342946868
0.2316069519411984
0.12482945406199564
0.06493521225653676
-0.10570294799369762
0.0710795196848838
0.19541313049092268
-0.10622171483099396
-0.0041624102311482725
0.07295700322311183
0.047217755094139724
0.05645331399931619
0.007415392029263557
0.265165882829023
0.14940276062363544
0.40151075544511594
0.44563789907826945
0.4265091650324142
0.28375296212886675
0.5044252173999205
0.7605258341886707
0.6090586185455322
0.8163623809814453
0.6568111181259155
0.5768318176269531
0.7679907083511353
0.6934067010879517
0.7705830931663513
0.7313100695610046
0.8495290279388428
0.8056606650352478
0.5789438486099243
0.456070214509964
0.7126119136810303
0.5360474586486816
0.6347261667251587
0.6961336135864258
0.5455268025398254
0.6899831295013428
0.6761221885681152
0.8285013437271118
0.6202294230461121
0.6475347280502319
0.5995752215385437
0.4119700789451599
0.6414468288421631
0.6610389947891235
0.5798225041418015
0.42844358941117383
0.33868226263761436
0.25172279897726024
0.237779210509933
0.23266512346398294
-0.009639947250612124
0.047477527907754724
0.09553240599599033
0.14117491173122043
0.09767796760039149
-0.10080087218120559
0.01184109207756845
0.2020203480345374
0.06985723207985506
0.19540377156964983
0.3337270543756533
0.2264961393455011
0.40448282758030896
0.430888137988666
0.43527520318159674
0.3126973553019832
0.35090403130369757
0.5372693194613147
0.6557759046554565
0.7223963141441345
0.5516330003738403
0.7441293001174927
0.6404279470443726
0.5933465361595154
0.4982835054397583
0.6219001412391663
0.8473591804504395
0.562901496887207
0.7006708383560181
0.6079658269882202
0.6729501485824585
0.4845667779445648
0.5793204307556152
0.49243342876434326
0.7762856483459473
0.5779532194137573
0.7446953058242798
0.4968344569206238
0.4953455626964569
0.6227846145629883
0.4707683324813843
0.7741899490356445
0.5748181343078613
0.8322072625160217
0.6596824865738043
0.34996595808102543
0.36941695141406067
0.3541111142889688
0.07746004636471604
0.22101148603850995
0.06282276441375678
0.1740029311774195
0.09838702474538852
0.030485021439495608
-0.20298794998636116
-0.18127010357410556
-0.1551474841390048
-0.11727052912981861
0.327244361175974
0.10264547344072972
0.11414967747503091
0.25251902235750073
0.43595520482318006
0.2352901324535363
0.2518789517955288
0.5361212688552178
0.6648532238269744
0.5588422806189515
0.783610463142395
0.5456984043121338
0.6620137691497803
0.6759880781173706
0.6690550446510315
0.7861759662628174
0.6099644899368286
0.7877540588378906
0.6539515256881714
0.5981152057647705
0.8164577484130859
0.5578581094741821
0.7107481956481934
0.862743079662323
0.7172361016273499
0.5044704079627991
0.4969348907470703
0.567902684211731
0.5686686038970947
0.49275416135787964
0.7771614789962769
0.5647047162055969
0.4247787296772003
0.6865944862365723
0.7221980094909668
0.8402208089828491
0.5509186361696427
0.36299368546852184
0.373106859987439
0.30047076616927026
0.14885098555477172
0.06873686357148023
-0.09676000160271259
0.047215523706735874
-0.06037119600711027
-0.2278262118061939
-0.03857688661430314
0.06889500117796021
-0.16113165583564049
0.06415881290342884
0.07037935164651599
0.03761721705383425
0.22432973153144276
-0.06066236428050009
0.25424641406459786
0.45262152330672856
0.3392724405230988
0.5984100448924794
0.6818921367793485
0.7387404441833496
0.5725123286247253
0.6698927879333496
0.8118996620178223
0.6740498542785645
0.7079218029975891
0.6746560335159302
0.6746969819068909
0.6117457747459412
0.6279053092002869
0.8101305365562439
0.7210506200790405
0.7324429750442505
0.5916574597358704
0.6256476044654846
0.44203323125839233
0.7777290344238281
0.8416278958320618
0.6695683598518372
0.6666611433029175
0.8389735817909241
0.7659720182418823
0.631791353225708
0.6448706388473511
0.7104957103729248
0.6014320254325867
0.6295080184936523
0.5947123257489949
0.5446634915916262
0.0
