-0.5
-0.5
-0.5
-0.5
-0.5
-0.5
-0.5
-0.5
-0.5
-0.5
-0.5
-0.5
-0.5
-0.5
-0.5
-0.5
-0.5
-0.5
-0.5
-0.5
-0.5
-0.5
-0.5
-0.5
-0.5
-0.5
-0.5
-0.5
-0.5
-0.5
-0.5
-0.5
-0.5
-0.5
-0.5
-0.5
-0.5
-0.5
-0.5
-0.5
-0.5
-0.5
-0.5
-0.5
-0.5
-0.5
-0.45661208197862335
-0.293652044476327
-0.17832561596640029
-0.07306564520405345
0.02707979545868522
0.12044802855287418
0.204268823326622
0.27588292342425935
0.3217662187370691
0.32736670453363503
0.30920307551206105
0.277936184941614
0.24035104362429727
0.20067967656701435
0.16148259867203518
0.1242349143046938
0.0897149102904996
0.05826072510714886
0.02993902335550025
0.004655084536036136
-0.06956317068309725
-0.1543514166216785
-0.2393895652128495
-0.32053605644351396
-0.39511043841068266
-0.46096273496623147
-0.5
-0.5
-0.5
-0.5
-0.5
-0.5
-0.5
-0.5
-0.5
-0.5
-0.5
-0.5
-0.5
-0.5
-0.5
-0.5
-0.5
-0.5
-0.5
-0.5
-0.5
-0.5
-0.5
-0.5
-0.5
-0.46122517558393095
-0.325023871545419
-0.2293356191301134
-0.14283414698022567
-0.06122290319339185
0.014316469003548216
0.08168424856545053
0.13886722121525508
0.1776859495904204
0.1853081531123255
0.17438637210299224
0.15310090011714728
0.12667121273908222
0.09836497023342472
0.07017055254682802
0.04324440237585747
0.018207769507974092
-0.004657155585876704
-0.06979433973594029
-0.1610240247533769
-0.25502914543026495
-0.3447492336598133
-0.426722262336471
-0.49850119635829215
-0.5
-0.5
-0.5
-0.5
-0.5
-0.5
-0.5
-0.5
-0.5
-0.5
-0.5
-0.5
-0.5
-0.5
-0.5
-0.5
-0.5
-0.5
-0.5
-0.5
-0.5
-0.5
-0.5
-0.5
-0.5
-0.5
-0.40437363980436447
-0.2820263957007257
-0.18769011168534439
-0.1010282294169621
-0.020022325514441608
0.053720385254653946
0.11809293545908928
0.17119036258177145
0.19183701890419902
0.1882429533899176
0.17064565311827407
0.14562128189325452
0.11732720773706429
0.08833084089973442
0.06016151345501186
0.033677068319880044
0.009306597445981502
-0.013216722943149406
-0.09547839262127433
-0.18920878861415608
-0.2820467531441984
-0.36928335201082274
-0.448028340686901
-0.5
-0.5
-0.5
-0.5
-0.5
-0.5
-0.5
-0.5
-0.5
-0.5
-0.5
-0.5
-0.5
-0.5
-0.5
-0.5
-0.5
-0.5
-0.5
-0.5
-0.5
-0.5
-0.5
-0.5
-0.5
-0.5
-0.5
-0.36853939214026793
-0.2583934732192157
0.017378902503218607
0.05790040587163908
0.09580090676629904
0.07994580528510409
0.3158269973462393
0.4055410354588159
0.4714523049116386
0.08550903297618762
0.22451541876927106
0.27472454172688
0.20580998895766456
-0.044034249389612756
0.1510508961766791
0.06912222521444289
-0.06970971859755348
0.04737951990051181
0.21293571577034692
-0.16660940273754138
-0.22712629409224405
-0.11208591765491349
-0.5075236647481036
-0.3675932288169861
-0.07334962487220764
-0.3478983938694
-0.5207481384277344
-0.3384743630886078
-0.5711845457553864
-0.4440060257911682
-0.5852305889129639
-0.5357913672924042
-0.33124807476997375
-0.2530881464481354
-0.594259649515152
-0.4085974097251892
-0.5156665444374084
-0.5529192388057709
-0.27397143840789795
-0.5327531546354294
-0.36302846670150757
-0.37349918484687805
-0.37154078483581543
-0.335726797580719
-0.4024045467376709
-0.261307030916214
-0.4097246825695038
-0.4038116782903671
-0.2924592196941376
-0.23138026016116164
-0.2784766856865054
-0.15778104808912263
-0.03862297702548023
0.09606913722581772
0.2730005523374759
0.3208605673786932
0.025756819423919275
0.2644884044510867
0.13643878896327755
0.17927544988803146
0.3293104899516329
0.10800960106788127
0.024468327388772027
0.2414597104674696
0.17523437388433183
0.09673283478588657
0.03861185797999478
-0.09466471677751342
0.0879387157492621
-0.18770170117752172
-0.16702997284779386
-0.13514911808040586
-0.5343594846521114
-0.431559681892395
-0.33643677830696106
-0.3574272692203522
-0.3011804521083832
-0.5098259449005127
-0.4113949239253998
-0.45371678471565247
-0.29279425740242004
-0.5246138870716095
-0.3182186186313629
-0.5973642021417618
-0.47013992071151733
-0.45560920238494873
-0.27354395389556885
-0.4906972646713257
-0.20775023102760315
-0.42014217376708984
-0.31487005949020386
-0.33931148052215576
-0.6359267830848694
-0.36160847544670105
-0.37953877449035645
-0.3068254590034485
-0.4059675335884094
-0.3783288300037384
-0.323772132396698
-0.5803403076879505
-0.41958644971717207
-0.23269400077778724
-0.07364794150799991
0.10970054185934852
0.10579482575933163
0.06370339640512013
0.34210690506007324
0.2800578296773778
0.1603818288215203
0.13695475408875213
0.15206592691728393
0.34161234060562773
-0.02629889758243875
-0.07861598611379816
0.2423257806289313
-0.2573745815564805
0.4148163180077461
-0.087952172515537
-0.27785277915890516
-0.027607292312067322
-0.1787739076306244
-0.2814198858127944
-0.5814573323567837
-0.22701707482337952
-0.37261462211608887
-0.246436208486557
-0.4637746214866638
-0.7279293686151505
-0.26270830631256104
-0.4697304964065552
-0.3862803876399994
-0.4505803883075714
-0.7421697378158569
-0.6549933701753616
-0.3658415228128433
-0.4073581099510193
-0.5021090507507324
-0.4299643635749817
-0.21040359139442444
-0.3253898322582245
-0.37083518505096436
-0.11189952492713928
-0.5652122646570206
-0.24445250630378723
-0.4060685336589813
-0.5682286024093628
-0.1111813485622406
-0.4753856360912323
-0.3674435019493103
-0.2962417956027452
-0.29748295871829444
-0.05004358609441201
-0.17823780035469672
0.3034261127799269
0.06614264149044713
0.3379802233667717
0.04447188441235106
-0.006986102188665799
0.2676675039295565
0.11036990725346407
0.425438284202457
0.16256829674340167
0.0651842967675822
0.14883515121482982
0.09834121195232837
0.11622172771817829
0.42639619993444006
-0.12007855346978558
-0.14972453560327686
-0.22951207059242007
-0.4514276637168657
-0.21021489631328572
-0.38251864122565526
-0.2622746527194977
-0.521932065486908
-0.08837902545928955
-0.35685697197914124
-0.2614554166793823
-0.333160936832428
-0.6130187064409256
-0.535117119550705
-0.4002859592437744
-0.46130141615867615
-0.39427217841148376
-0.29051172733306885
-0.44159945845603943
-0.3005756735801697
-0.2586747109889984
-0.4903831481933594
-0.5695892572402954
-0.4709559679031372
-0.38277721405029297
-0.47683438658714294
-0.28850874304771423
-0.6580998599529266
-0.6009664833545685
-0.3566499948501587
-0.3266456425189972
-0.3905865550041199
-0.13019846864177131
-0.23913378033406285
-0.10040701537947438
-0.06345111729816116
-0.039879236527460615
0.10785106498280139
0.12771634659599362
0.22765147280889297
0.32870380607866734
-0.03904451399114106
0.2840243556971045
0.21132925592386065
0.10596617909916017
0.30393333873795936
0.10911444663583902
0.027728525306284557
-0.015832356607915044
-0.1090029690408526
0.2052649142292784
-0.284360955869026
-0.33174375264950173
-0.2380446398490642
-0.3299840363333548
-0.3640269339084625
-0.3563535213470459
-0.31628671288490295
-0.5034933388233185
-0.5311649143695831
-0.7079063802957535
-0.39396795630455017
-0.4860210418701172
-0.19093859195709229
-0.332002192735672
-0.2988073527812958
-0.2998025417327881
-0.40094268321990967
-0.3405773341655731
-0.3746446371078491
-0.47387345135211945
-0.3312840759754181
-0.49879464507102966
-0.43119049072265625
-0.47341063618659973
-0.4267168641090393
-0.4428945779800415
-0.39895865321159363
-0.45242294669151306
-0.5357761681079865
-0.2912563383579254
-0.133371502161026
-0.20411616570726787
-0.12882504092677993
0.027248196456106433
0.1257525253068209
0.2391104307872785
0.011651624386205928
0.2935527978579706
0.20103683715497955
0.07466844044001486
0.1358135174351639
0.3425876505055975
-0.11047564122772846
0.2603124245998182
0.18165059049716914
-0.06669792482015457
0.20993639632924854
0.2519146655887877
0.15957012225526873
0.1271891917954907
-0.1822250812163514
-0.2546400605982986
-0.3795555443463553
-0.23574801584027616
-0.7709428668022156
-0.27312344312667847
-0.3949122726917267
-0.1344386637210846
-0.7524304240942001
-0.49705591797828674
-0.5073375403881073
-0.4076173007488251
-0.5677455961704254
-0.4673365354537964
-0.35413873195648193
-0.2743668854236603
-0.5774544179439545
-0.4475414752960205
-0.3108603358268738
-0.43727749586105347
-0.4035413861274719
-0.3136715888977051
-0.3294770121574402
-0.23268628120422363
-0.6535516083240509
-0.35194718837738037
-0.5465729236602783
-0.20740565657615662
-0.4606057405471802
-0.463528037071228
-0.3168529272079468
-0.27941450901597387
-0.06660651704004095
-0.07120899509389156
0.1864858176384976
0.2974632737296529
0.16456580419624234
0.12073785547146665
0.31855308048034536
0.18436456741574503
0.19218130722845594
0.39305109990013687
0.17822249781878063
0.18674336061545627
0.08768685945336174
0.08365591532047312
-0.10792647869039751
0.03693212774061028
0.1517324457207569
-0.25235420495644867
0.08394119654607424
-0.37417585376385887
-0.30792491509458875
-0.16332181236562637
-0.3485328257083893
-0.27960288524627686
-0.2854872941970825
-0.3770701587200165
-0.47148895263671875
-0.2971533238887787
-0.6536000370979309
-0.3146497309207916
-0.30819839239120483
-0.485178142786026
-0.47159698605537415
-0.4686431586742401
-0.24819135665893555
-0.37859922647476196
-0.42247095704078674
-0.5618205070495605
-0.6210876107215881
-0.4318380653858185
-0.5495252013206482
-0.30907589197158813
-0.38886138796806335
-0.4561992585659027
-0.3604767918586731
-0.4211096167564392
-0.3783373534679413
-0.5834251046180725
-0.31116774678230286
-0.4401849310767241
-0.22443099987785664
-0.022323567394856636
0.01885597513310111
0.010841947716829337
0.13119470174830306
-0.00857972848918409
0.1759905569758824
0.5486580391758619
0.20132791339983525
0.17188325426729
0.24782423040690393
0.1947625221840159
0.09846689508997708
0.1052183659762963
-0.1831497068438509
0.05373196987334916
-0.01719314908551306
-0.037908126582419044
-0.11879756271404646
-0.3570966879749812
-0.25591547076684185
-0.10202909501704616
-0.28600284457206726
-0.673535168170929
-0.3412589132785797
-0.26226794719696045
-0.5089403688907623
-0.38448163866996765
-0.28685009479522705
-0.40282416343688965
-0.3535010516643524
-0.5852603167295456
-0.46179214119911194
-0.37331685423851013
-0.3681654632091522
-0.33897511661052704
-0.3225210905075073
-0.25285378098487854
-0.5204668939113617
-0.5758910477161407
-0.5223546922206879
-0.8032980561256409
-0.5697355270385742
-0.16554972529411316
-0.25694790482521057
-0.3177313506603241
-0.4116847515106201
-0.3751891553401947
-0.11821433901786804
-0.34940312496994363
-0.12499274287282591
-0.004070800739900904
0.03538099928167343
0.16085057774154077
0.14209596774968802
0.16663430626846032
0.3699630602129438
-0.03317753235881005
0.142916771652835
0.11711770144660894
0.2064222505082527
0.2008427901436941
0.06614914013346507
0.18225345515264535
0.1516354850739957
-0.13682809395002626
-0.009544416068539285
-0.11853676090158582
-0.09068209679583339
-0.16592963922929616
-0.3758918191548559
-0.263824600059161
-0.33022263646125793
-0.4971371591091156
-0.3732008635997772
-0.3441818058490753
-0.16718286275863647
-0.6244461834430695
-0.4581362307071686
-0.4111540913581848
-0.31460440158843994
-0.5103362798690796
-0.38999801874160767
-0.26701435446739197
-0.36915746331214905
-0.3625257909297943
-0.1674773395061493
-0.2545798718929291
-0.3696698844432831
-0.5270780324935913
-0.4528373181819916
-0.14739251136779785
-0.5812346041202545
-0.3436628729104996
-0.5471616983413696
-0.3178325891494751
-0.5349171757698059
-0.2788428068161011
-0.4916432822562605
-0.24167079361479749
0.09355797672725136
0.0003603448941622567
-0.17394985504162863
0.1391367563187298
0.2223951894424402
0.25041767200652476
0.3103655036492665
0.08894779531997965
0.3737517155526816
-0.0794158764016416
0.1849810096527268
0.1731816255131896
0.18900649002757286
0.22308593318359915
0.06490338294357978
-0.10253189590940415
-0.02347344542693469
-0.06776930145266602
-0.3154512816787707
0.02592710000876408
-0.43416430511606463
-0.10939934937352147
-0.35556745529174805
-0.26776400208473206
-0.24537670612335205
-0.35253894329071045
-0.5095837116241455
-0.19633114337921143
-0.6395764946937561
-0.7046837210655212
-0.5477668642997742
-0.29252204298973083
-0.25951486825942993
-0.5064405500888824
-0.26709455251693726
-0.4155959486961365
-0.45516806840896606
-0.3260188698768616
-0.6175450384616852
-0.21613943576812744
-0.2675029933452606
-0.34946098923683167
-0.24813878536224365
-0.6455643028020859
-0.48017528653144836
-0.3964984714984894
-0.5412905812263489
-0.5390775203704834
-0.2876587308268844
-0.05055813824746924
-0.018616185417262898
-0.18822472445108612
-0.023145179075616584
0.2578980266120158
0.04810113138923533
0.22639155691899138
0.3737184106485736
0.1683774909554352
0.12137691897589287
0.1530290789442218
0.17095347170987707
0.33628651550916455
0.22464266187364224
-0.019517367590603962
0.1595088838187083
-0.16938658825474107
0.013615820851378913
0.017513107193387112
-0.2974615662854778
-0.1533958668671952
-0.14005857942316124
-0.20496141906688226
-0.2075037658214569
-0.27363407611846924
-0.3849656581878662
-0.2489987015724182
-0.4749339818954468
-0.365603506565094
-0.5340112745761871
-0.2932366728782654
-0.4209660291671753
-0.35973361134529114
-0.37347328662872314
-0.44572263956069946
-0.47604572772979736
-0.3551602363586426
-0.6218852251768112
-0.38455742597579956
-0.5280455946922302
-0.4000341296195984
-0.5907809436321259
-0.3449845612049103
-0.44637012481689453
-0.31559187173843384
-0.3860960602760315
-0.21220198273658752
-0.39965152740478516
-0.509646087884903
-0.3181631180792517
-0.1760257455198091
-0.02840606416643726
0.12705513919782685
-0.1222018421430695
-0.032157916780834794
0.05175619442077206
0.22580981506392173
0.22415897865655454
0.31507669745005273
0.02059010117603699
0.13052846267484552
-0.07119483203234178
0.12629714628419875
0.24183585144778563
0.20288414446808722
0.029081714787476343
0.11058115960391085
0.10176625490668512
-0.17796691898705247
-0.23020383791167565
0.009458552585519142
-0.3503269042774617
-0.39633804822270247
-0.4406721889972687
-0.4018401801586151
-0.4209080934524536
-0.5545069873332977
-0.39697110652923584
-0.5602244734764099
-0.4041270315647125
-0.20311319828033447
-0.3441867232322693
-0.575541228055954
-0.4674082249403
-0.3753105700016022
-0.39133796095848083
-0.3590691089630127
-0.144319087266922
-0.33270391821861267
-0.3818463385105133
-0.4664107859134674
-0.4640690088272095
-0.4144386649131775
-0.2807503044605255
-0.45555515587329865
-0.18529987335205078
-0.605794757604599
-0.318970650434494
-0.5376483201980591
0.005359204050902844
-0.23132000308462752
-0.027131490774746858
0.040906050473376976
0.19807192836996812
0.0924455664058309
0.19931684871388056
0.08451888594729651
0.43435241346845166
0.31568042947600083
0.0823108228073931
0.13590163572633207
0.10745725062201894
0.08264987404457169
0.12471318223371564
0.10590178454242782
0.0716678319240146
-0.053853226460606696
0.11726024980772842
-0.18601131126827797
-0.3202399322260575
-0.42329020144716156
-0.29564610562758586
-0.3649359345436096
-0.4422053396701813
-0.5351670980453491
-0.4279032051563263
-0.47793471813201904
-0.15360432863235474
-0.4110683798789978
-0.3749341666698456
-0.5995055139064789
-0.37088271975517273
-0.4314136505126953
-0.29774731397628784
-0.601312443614006
-0.33694496750831604
-0.40301579236984253
-0.5491855144500732
-0.4247051477432251
-0.20635145902633667
-0.3665361702442169
-0.36422181129455566
-0.4241493344306946
-0.33369696140289307
-0.3138639032840729
-0.5681851804256439
-0.3742038905620575
-0.2763516902923584
-0.41136443614959717
-0.3818386793530044
-0.09051283206749683
-0.18502198132314285
0.051822589675452835
-0.08982336906791083
0.0969971004603607
0.059454257533113175
0.37944037270962283
0.13282859011097925
0.17414002121404637
0.1617017798958893
0.0240118849435641
0.11245079958037385
0.05014823368310295
0.1664069136513473
-0.020017493620799298
0.06774036594488186
0.0747741428720653
-0.012059009107435736
-0.1319843945203838
-0.10888490419799768
-0.33460889779350156
-0.3746472527607436
-0.47854313254356384
-0.4088469445705414
-0.3139056861400604
-0.35858625173568726
-0.2646194100379944
-0.3376777768135071
-0.4649696946144104
-0.5011759698390961
-0.36961492896080017
-0.27905142307281494
-0.38041022419929504
-0.3075800836086273
-0.1946377456188202
-0.3725539743900299
-0.3774130940437317
-0.44307389855384827
-0.28577688336372375
-0.4355534017086029
-0.44069916009902954
-0.4805360734462738
-0.5028088986873627
-0.5993986427783966
-0.20246925950050354
-0.5312027335166931
-0.32664549350738525
-0.34303146600723267
-0.3272838890552521
-0.4355113635200727
-0.21960960863612922
-0.13376803087126227
0.004384827857369322
0.04420532279288131
0.041273796403469065
0.05391329315158466
0.18502736095813932
0.3997226194009742
0.15098166712827177
0.15865482637704442
0.26547730499899624
-0.10811660693863179
0.2208148691190317
-0.05164767583758123
-0.013741380064209885
0.07482061422464747
-0.056356878375598884
-0.009943756842036744
-0.2655468617607166
-0.2530308833370106
-0.3329482324327019
-0.3672746364749495
-0.20407146215438843
-0.27974733710289
-0.4965602308511734
-0.4112577736377716
-0.40598247945308685
-0.4886021614074707
-0.3470083177089691
-0.4987761676311493
-0.4404793083667755
-0.3324797451496124
-0.4088315963745117
-0.44283081591129303
-0.7453973293304443
-0.21536999940872192
-0.4762199819087982
-0.46725913882255554
-0.6912762522697449
-0.3622843623161316
-0.3453419804573059
-0.42539867758750916
-0.37231937050819397
-0.771452322602272
-0.22540700435638428
-0.33309897780418396
-0.4851655960083008
-0.3826846182346344
-0.650451198220253
0.03758395356190014
-0.5157353475308575
-0.08963614290419758
0.06835977633012769
0.19081672709025982
0.18486840766093304
0.23667596262113677
0.46275459503103256
0.2569158983813885
0.03997664342948071
0.22280252495917352
-0.06577846828485245
0.13615287605154147
0.08994948201886344
0.05309345585300684
0.12214493754729172
-0.16654210202844255
-0.014676677030654728
-0.2164881979978776
-0.04238708244922268
-0.304444138871236
-0.34605558114445545
-0.4784804082952594
-0.5176703333854675
-0.4531773328781128
-0.49387475848197937
-0.4492211639881134
-0.27307504415512085
-0.2621232867240906
-0.4749172031879425
-0.28966209292411804
-0.24056977033615112
-0.5173209607601166
-0.4515983462333679
-0.4141966700553894
-0.22310030460357666
-0.2871125638484955
-0.32956889271736145
-0.5131313800811768
-0.3516703248023987
-0.5529364496469498
-0.2659069001674652
-0.3139675557613373
-0.3754067122936249
-0.3451301157474518
-0.25312116742134094
-0.47412312030792236
-0.4901643395423889
-0.24567723274230957
-0.5353943705558777
-0.2002903661398754
-0.011791454303335447
-0.062336062255569424
0.12916003769474949
-0.03274328302161844
0.10735247324097674
0.2242042958973759
0.19996051200053955
0.011788430272150485
0.3889258645453607
0.12777673816369695
0.07793199673066908
0.24494277246321272
0.012468811102834043
-0.01986554290618514
0.124100586729878
-0.029160055155383557
0.019821619445010152
-0.367004891480741
0.0029933940461897013
-0.3514121925100664
-0.20275571549807858
-0.16755786664075933
-0.26234814524650574
-0.5461695790290833
-0.4028163254261017
-0.4271853566169739
-0.3430964946746826
-0.48170794546604156
-0.3987842798233032
-0.3798401653766632
-0.4461732804775238
-0.4970339238643646
-0.4528847485780716
-0.6007721722126007
-0.29484251141548157
-0.5996624231338501
-0.553288072347641
-0.4363037049770355
-0.3326539695262909
-0.47929155826568604
-0.15623435378074646
-0.4142194986343384
-0.4133566617965698
-0.39968767762184143
-0.6632319390773773
-0.3764165937900543
-0.4267110228538513
-0.1346452832221985
-0.29536963513556747
-0.10691468867717746
-0.1124272616576063
-0.0011558920573490616
0.1813062423738957
0.13329242464126845
0.10865279468002087
0.020712326235151512
0.23355935241306813
0.3703122745014673
0.014543392683189826
0.2484303893551888
-0.05630768459096058
0.08064618306311233
0.1428585770990939
-0.002223854675616921
-0.02583648116654247
0.2054282632337862
0.058131204876185893
-0.2497338833407695
-0.23151986808832092
-0.2190403204578928
-0.16395733473115714
-0.3313388810173048
-0.4065872132778168
-0.3736307621002197
-0.41104573011398315
-0.3113913834095001
-0.4481557607650757
-0.4277540445327759
-0.4898456633090973
-0.359200656414032
-0.3067484200000763
-0.487371027469635
-0.3927118480205536
-0.4692193865776062
-0.26229169964790344
-0.28088027238845825
-0.4202905595302582
-0.3080688416957855
-0.28218621015548706
-0.5511442124843597
-0.3294384181499481
-0.3139863610267639
-0.4700058698654175
-0.31722286343574524
-0.37987610697746277
-0.6120675504207611
-0.24397793412208557
-0.2073313593864441
-0.20086691044848493
-0.22647624960414625
-0.04052271123430151
-0.08571260738405356
-0.10381261508369888
0.12793062763057605
0.22534418986274884
0.12263556731392189
0.3947002960145658
0.3062640986228753
0.35216759898536887
0.1933868623322762
0.2782169381426963
0.2621101125405604
0.2755152968930956
0.026721935240185846
0.04872270547154056
0.15124019231706143
-0.10789344256055278
-0.21195745072380778
-0.2180367758865196
-0.3334824882036669
-0.15262458638902454
-0.25897528203453735
-0.45459112524986267
-0.1676969826221466
-0.41622936725616455
-0.29735201597213745
-0.263500839471817
-0.6437246203422546
-0.4572438895702362
-0.6649821102619171
-0.45536917448043823
-0.3479495644569397
-0.28824254870414734
-0.3812347650527954
-0.3982735574245453
-0.5114437341690063
-0.23314940929412842
-0.5172564685344696
-0.615299865603447
-0.39398193359375
-0.5894811004400253
-0.2952186167240143
-0.5555128157138824
-0.4832405745983124
-0.42844176292419434
-0.5384604334831238
-0.2927762567996979
-0.5325390994548798
-0.2639790012330294
-0.1496860683484792
-0.08473296274680842
0.1911047743068499
-0.18877774924125001
0.14013794884963282
0.022155440498008883
0.2880193806662975
0.2095656907484159
0.1712870338777157
0.05320894136726051
0.3511237955094848
-0.09280717653514547
0.3168017869467843
0.1503272258190248
0.02056305742756881
0.1780199907525094
0.045297969675666794
-0.13971010104555814
0.06190280282329641
-0.320022908496995
-0.24401651392374657
-0.24517547125322725
-0.5105532068136831
-0.14663100242614746
-0.5859958678483963
-0.368049293756485
-0.2815946340560913
-0.14951983094215393
-0.45129016041755676
-0.5180518627166748
-0.502994954586029
-0.5195805877447128
-0.3876892626285553
-0.3498345613479614
-0.11788150668144226
-0.5378063321113586
-0.45013177394866943
-0.5832172334194183
-0.3805975019931793
-0.44115594029426575
-0.4546116292476654
-0.36534959077835083
-0.36927860975265503
-0.24744915962219238
-0.31491485238075256
-0.5155698955059052
-0.6442462801933289
-0.5373188257217407
-0.29698821902275085
-0.16787995446580584
-0.12070845190955803
-0.13308215315878902
0.06430373736841893
-0.01374563421525854
0.1475918632179879
0.36801648164587575
0.1582923746174829
0.05013632302779247
0.06618410986363377
0.3501220008879762
0.1539667437239225
0.07196852104839202
0.25996060030963275
0.16429503058394224
-0.05519476613838992
0.16639945365383524
0.10663544277109455
0.11926057173416582
-0.2507539159766622
-0.19483313386414047
-0.15654925585763269
-0.34253404386740294
-0.29678288102149963
-0.23709559440612793
-0.45150673389434814
-0.2993081510066986
-0.45405712723731995
-0.48598334193229675
-0.48858581483364105
-0.4591836631298065
-0.2927449643611908
-0.2887164354324341
-0.4809911549091339
-0.3022441267967224
-0.41561204195022583
-0.44434237480163574
-0.5441355109214783
-0.34485024213790894
-0.19083645939826965
-0.5076615214347839
-0.3366878032684326
-0.2278006672859192
-0.45938342809677124
-0.3741125762462616
-0.3402426838874817
-0.42483776807785034
-0.30105727910995483
-0.2042650580406189
-0.4351097643375397
-0.28571640099006224
-0.21685133721728667
-0.21371086665120476
-0.22534848113734884
0.017776711845703508
0.29777471731907124
0.029112909488386962
0.2063878167872376
0.26608841753002666
0.27910336079723763
0.12677410894069185
0.04823558986586718
0.2414489355672923
0.23754991469307318
0.18789241948926627
-0.05959445936726604
0.041273403759465754
0.06928774817892214
-0.004773885962506441
-0.10287834487701769
-0.5061283437695401
-0.2785659674739296
-0.36008077231680025
-0.25211599469184875
-0.23088526725769043
-0.3409651219844818
-0.11696824431419373
-0.4248674511909485
-0.17451772093772888
-0.27276769280433655
-0.3869071900844574
-0.6689709722995758
-0.48366445302963257
-0.37052321434020996
-0.4817960560321808
-0.6247878968715668
-0.583239883184433
-0.6501590609550476
-0.37830042839050293
-0.37322041392326355
-0.37498778104782104
-0.21711066365242004
-0.34978190064430237
-0.4576554000377655
-0.3957827091217041
-0.42764222621917725
-0.45586995780467987
-0.36259180307388306
-0.5217481851577759
-0.3004750609397888
-0.4936862143382278
-0.14092599775689396
-0.33633845010694174
-0.039504810321076556
-0.31111816777287143
0.13852261366648233
0.20867152562940605
0.19797674305414148
0.3674825813229897
0.013938292920760764
0.23006152970667115
0.17432348148663368
-0.09710102313348656
0.1288500693464677
0.13137063013068895
0.07396759951283283
0.3232423027283672
0.1975142899183142
0.03384529805134279
0.08292832987194948
-0.12078475765246044
-0.24192167476777837
-0.3002844343219747
-0.22530046105384827
-0.3376931846141815
-0.13543465733528137
-0.2507440447807312
-0.5587214231491089
-0.2940247356891632
-0.050931334495544434
-0.38742706179618835
-0.38214972615242004
-0.3919864892959595
-0.3830074369907379
-0.42841988801956177
-0.29792213439941406
-0.38755935430526733
-0.33321574330329895
-0.2937014102935791
-0.38627874851226807
-0.2176119089126587
-0.594880223274231
-0.3488415479660034
-0.659276157617569
-0.32432469725608826
-0.35216662287712097
-0.4568745195865631
-0.3817537724971771
-0.29819345474243164
-0.3607717752456665
-0.10989511773156457
-0.05291667517424775
-0.20679190640645617
-0.05242632903470501
-0.12553872646345088
0.251159154355697
0.21286458299199418
0.11774687631121816
0.318460476515283
0.07634295483053377
0.14989850578004837
-0.13141844372062084
0.20863379554192008
0.30844768477573103
0.20633597364563105
0.10230757856219508
-0.01931686404341837
0.0267779058833017
0.024754153487673958
-0.030943775732596546
-0.17446780238408088
-0.2202461163902406
-0.23385552493651085
-0.38646551966667175
-0.20073023438453674
-0.4323131740093231
-0.4096600413322449
-0.3550929129123688
-0.260057270526886
-0.46530231833457947
-0.44487977027893066
-0.4823853075504303
-0.4052294194698334
-0.5028643012046814
-0.4065096080303192
-0.37192246317863464
-0.6720360964536667
-0.5176107287406921
-0.49743086099624634
-0.41934844851493835
-0.491830974817276
-0.3665671944618225
-0.3236187994480133
-0.48963528871536255
-0.40224623680114746
-0.2798032760620117
-0.24432334303855896
-0.21586200594902039
-0.3578270971775055
-0.3900604546070099
-0.25401302150918126
0.014615281742025088
-0.18917601497590952
0.0333172449645302
-0.13918038569523494
0.3119474618217496
-0.16384226049657546
0.22642746275288805
0.2777624353311613
0.38685966010947315
0.18392610487977523
0.1529573444233696
0.28958162947441823
0.1405659192563079
0.13003806920460514
-0.1264324889369811
0.2564293793053728
0.2749929307039055
-0.036991541323265265
-0.17049452338962057
-0.4857892154105268
-0.24003156326434738
-0.4061309373718812
-0.4127295911312103
-0.4338686466217041
-0.22165408730506897
-0.4747072458267212
-0.33553096652030945
-0.5803388506174088
-0.41889050602912903
-0.6461005359888077
-0.4502559006214142
-0.37871840596199036
-0.3486897647380829
-0.44252100586891174
-0.5469255745410919
-0.47398555278778076
-0.40012508630752563
-0.3806368410587311
-0.5897513180971146
-0.4499457776546478
-0.44556447863578796
-0.6360845267772675
-0.4645562469959259
-0.31521323323249817
-0.48690956830978394
-0.6582087874412537
-0.33537179231643677
-0.2934007942676544
-0.30958231046828666
-0.15610515030760408
-0.13954119192235725
-0.09751380978883456
0.013966328288895768
0.049321547459587056
-0.0364708220406077
0.2595221723856257
0.13294092045678674
0.43788005127419416
0.1882389954128848
0.10586092861599361
0.10689566190438415
0.18168485373253507
0.0842270295631915
0.09942490988584762
0.16127799256774122
-0.10986370607939377
-0.08847025922535512
-0.1779427388768764
-0.2996739216213534
-0.22800197971202274
-0.4832165646932485
-0.17061195812088092
-0.48865099251270294
-0.37807348370552063
-0.29418429732322693
-0.5720733404159546
-0.38630014657974243
-0.3628418743610382
-0.173489511013031
-0.2695772647857666
-0.5250086784362793
-0.5700712502002716
-0.5042846202850342
-0.4339648187160492
-0.3967496156692505
-0.7551153376698494
-0.5363643765449524
-0.33525845408439636
-0.3694649636745453
-0.45111483335494995
-0.18967440724372864
-0.6866402551531792
-0.291532963514328
-0.37058380246162415
-0.3371121883392334
-0.584392786026001
-0.30530717968940735
-0.2757350206375122
-0.5078276424531665
-0.15465238915465418
-0.11488357888971956
-0.2881765685610712
0.11094737408923283
0.26832476358018054
0.059041945064628454
0.13075928387358704
0.25990990918023105
0.2020872690362009
-0.07320376379263982
0.223445006340389
0.08811491405710781
0.08306083024187916
0.02026789686160757
0.13655271959892212
0.06892166305917646
-0.018274807862706854
0.1519913520976075
0.0677709221548683
-0.04607001487843376
-0.3978172017953303
-0.41024055137271653
-0.3961841300346107
-0.4328117370605469
-0.2551308870315552
-0.12342450022697449
-0.6340466514229774
-0.3053382337093353
-0.5019835233688354
-0.48338398337364197
-0.351175993680954
-0.2528216540813446
-0.4957016706466675
-0.4207228124141693
-0.3812588155269623
-0.523615151643753
-0.35823649168014526
-0.47805869579315186
-0.6760579645633698
-0.542975127696991
-0.6425014734268188
-0.4927365779876709
-0.21110591292381287
-0.6174671202898026
-0.2756328880786896
-0.3299983739852905
-0.32968583703041077
-0.3419460654258728
-0.2781350910663605
-0.16969272989709594
-0.002779750875074316
0.01923640093965867
0.08906828400988775
-0.031972218256907325
0.13332881352376258
0.18719329869148216
0.24359606112749266
0.0892795701546536
0.13508917159898115
0.08878963047845934
0.05717234108613911
0.04406770577280972
0.2061358429667446
0.13683260502362282
0.016381887975555398
0.026348364762318832
0.01290825425287162
-0.24173120453482377
-0.2646618630829025
-0.1845488427164228
-0.23497748816225128
-0.40110743875047883
-0.37559293342449007
-0.27248287200927734
-0.4659256637096405
-0.25720763206481934
-0.20132333040237427
-0.4670720398426056
-0.298562616109848
-0.5018467456102371
-0.26276710629463196
-0.44035133719444275
-0.5364128053188324
-0.26529374718666077
-0.512892335653305
-0.5148308575153351
-0.42185401916503906
-0.43899109959602356
-0.27770164608955383
-0.6033798456192017
-0.2761958837509155
-0.6649526655673981
-0.2476676106452942
-0.2200990617275238
-0.4826984405517578
-0.4436952769756317
-0.3919641971588135
-0.2732473909854889
-0.4649673104286194
-0.3761210866699949
-0.06718002836765069
-0.053522460751041834
-0.13584421273432157
0.13571031302215292
0.234461592997242
0.3207562653571828
0.22541941450489422
0.2755772080873904
0.19624992481473724
0.3962674593971426
0.2915734162904462
0.036101209108285515
0.13200490110049667
0.09572311739069694
-0.3357485432017493
0.08328957199375397
-0.08260982695092278
-0.1508396567789394
0.07796129229802112
-0.2266886987780833
-0.15007277289000165
-0.4145929762381302
-0.3869917690753937
-0.4942488670349121
-0.2075183093547821
-0.3568408191204071
-0.3723311722278595
-0.3683793842792511
-0.5015131235122681
-0.3515540063381195
-0.5209183096885681
-0.30388346314430237
-0.2919180393218994
-0.3514181971549988
-0.44041532278060913
-0.6147918701171875
-0.4095439165830612
-0.5902837887406349
-0.420343279838562
-0.35692542791366577
-0.29962438344955444
-0.33984166383743286
-0.3867115378379822
-0.5947730392217636
-0.3260228633880615
-0.18516892194747925
-0.45322445034980774
-0.35823822021484375
-0.3741443455219269
-0.20714304744538747
-0.15236980007849632
0.0
