-0.0
0.09599999999999997
-0.0
0.23426645333333324
0.0311891040711108
0.09877327157627208
-0.0
0.18482403810447745
-0.0
0.1848682672440869
-0.0
0.2100258821768745
0.003270788118526491
0.292779035896679
0.21993527221784728
0.5633896102943553
0.6367780707190728
0.780231514683225
0.8445851146651391
0.8599986521621976
0.8461735489015594
0.81586295051088
0.777218075162259
0.7353548300850747
0.6933982222097025
0.6531772390628712
0.6156859560384392
0.5813884459611977
0.5504194597150774
0.5227156747994999
0.49810079561735726
0.4763400722286455
0.45717463335454894
0.44034256602894906
0.39028333606313526
0.31710011667991134
0.20465344444795597
0.06581759264977038
-0.0
-0.0673864323790263
-0.27025885570633446
-0.40233936157018046
-0.516142466835934
-0.6197360012469618
-0.7122073092382727
-0.7911404606225453
-0.8211569113213241
-0.8175171569797012
-0.7943774750797261
-0.7608371285800724
-0.7226538487381915
-0.6833882490977035
-0.6451659069461565
-0.6091836470999504
-0.5760448384068348
-0.5459805276913636
-0.487090723644519
-0.39673326255126995
-0.3013976943930153
-0.20885856975165035
-0.1228120883399841
-0.045868805151267275
-0.0
-0.0
0.045043375856187645
0.16520575098893003
0.25386608297575275
0.3357482201884856
0.4138602369804972
0.48681888346249325
0.5525258138187812
0.6089869299570648
0.6545259288649796
0.6714971953636247
0.6666245346633188
0.6492029206687052
0.6251960401473194
0.5983676575432112
0.5710361953805684
0.5445770771413474
0.5197563301316116
0.48528928686500905
0.3932039933090501
0.29104885707364037
0.1911854181550472
0.09843601578717988
0.01578754198755375
-0.0
-0.0
-0.14500609550659138
-0.24760604513256218
-0.33739682001305293
-0.4221869559666791
-0.5014163312058664
-0.5729902671996445
-0.6347630497265327
-0.6848582805007295
-0.6987599419714959
-0.690931421412973
-0.6707464914265089
-0.6442066420135494
-0.6150878865638029
-0.5857054502210953
-0.5574226748541874
-0.5309888332461347
-0.5067626128618634
-0.48475272908680744
-0.4029655931772576
-0.3096900356003574
-0.21728270877634653
-0.13044378907115473
-0.052054815983549926
-0.0
-0.0
0.13347385486607227
0.24558317469015195
0.33864849045275525
0.42524666179793597
0.5057865031554232
0.5783556829400777
0.6408336119794877
0.6871939359092587
0.6988147571521166
0.6896518871194552
0.6687422905032843
0.6418647483513003
0.6126487011382196
0.5833135183172163
0.5551603947682159
0.5288987937721558
0.5048623369228447
0.46342871217016957
0.37781153993670713
0.2846183830860755
0.19372177565195936
0.10923920539931986
0.03385061560782393
-0.0
-0.0
-0.1469673468378037
-0.25117643080795626
-0.34145792349823234
-0.4262350744038593
-0.5050977599103916
-0.5760109455905754
-0.6368753149880346
-0.6814473847090174
-0.6922690516784866
-0.6829187589837079
-0.6621869876666523
-0.6356929884103812
-0.6069642586725428
-0.5781562054689499
-0.5505309709647098
-0.5247751792530727
-0.5012100559120121
-0.4530726094447378
-0.36581257757193336
-0.272345597714408
-0.18176360132867592
-0.09800171267739442
-0.023673803103974878
-0.0
0.015403817586081447
0.16611434742756964
0.2667208896607034
0.35621441880282056
0.44042248714991034
0.5184160140699073
0.5880849480678306
0.6473567271759427
0.6858242767102183
0.6928941564985993
0.6813261489510736
0.659367183521406
0.6322768145469002
0.6033455616451211
0.5745736326536235
0.5471223511293677
0.5216135824043493
0.49832761528635294
0.44414968431227453
0.35583486170414236
0.2625842092007335
0.17269578169912359
0.08991408649296917
0.016782879222590877
-0.0
-0.03270195866804562
-0.1775072888027193
-0.27687186397415475
-0.36583401401285964
-0.44941291289940727
-0.5265347892411342
-0.5950898405948593
-0.6530412713742544
-0.6874576135394768
-0.6920918991862822
-0.679135734305402
-0.656459542684604
-0.6290743729568482
-0.6001075939230134
-0.5714530709598719
-0.544203498521776
-0.5189370656143323
-0.495906820663507
-0.4367100990535702
-0.3473848048920521
-0.2541659740512404
-0.16472024492003967
-0.08264210331218803
-0.010420591142873248
-0.0
0.04912495876448872
0.1880070482568282
0.2860361159383371
0.3743864099786569
0.4572883389106336
0.5335276763625689
0.6009949317373562
0.6576873560721201
0.6885786068755289
0.6911064101180303
0.6769621070466152
0.6536847841522532
0.6260669434581163
0.5970926015718607
0.5685623015765547
0.5415086148453631
0.5164715608942783
0.49368046812202226
0.4301998849296427
0.3399953913097561
0.24678805956401845
0.15770957815334344
0.07622735478837113
0.004783907490514189
-0.0
-0.06320056875794233
-0.19701743908283625
-0.2939081403539942
-0.3817391602998905
-0.4640655636933947
-0.5395527430518042
-0.6060913481654644
-0.6617076781747908
-0.6895757367281247
-0.6902954514895383
-0.6751298256466503
-0.6513342275934798
-0.6235140046197732
-0.5945303968726849
-0.5661040063484841
-0.5392158900114822
-0.5143733520968499
-0.4917853802652389
-0.42432361449143885
-0.3333302089054778
-0.24016176704553202
-0.15144637978401648
-0.07053165884579221
-0.0
-0.0
0.0760383436865529
0.20531456528485156
0.30120089828968694
0.38857766663921806
0.4703902380806797
0.5451955275226746
0.6108847594490444
0.6655111427972112
0.6905211649307416
0.6895314481530116
0.6734001117669554
0.6491143398821085
0.6211025705997213
0.5921099876598858
0.5637816264161999
0.5370498473894629
0.5123910282825648
0.4899949273840801
0.4183346119734154
0.32650252978404104
0.2333640476644549
0.1450169085606054
0.06468289076855845
-0.0
-0.0
-0.0864429231827899
-0.21230366091623998
-0.3074998847437348
-0.39458848266707147
-0.4760396732791994
-0.550325739587582
-0.6153389146467142
-0.6691547133453886
-0.6915533267983698
-0.688994508444847
-0.6719697261660763
-0.6472232116655215
-0.619023056832802
-0.5900091826522943
-0.5617580216710465
-0.5351576680666998
-0.5106563343909155
-0.488426218590245
-0.412775475385711
-0.3201121071273074
-0.22696182127841977
-0.1389250359160653
-0.05910613659283938
-0.0
-0.0
0.09593679431200255
0.21866821212844512
0.31322668017246463
0.4000454497291773
0.48116063291754874
0.5549673528802809
0.6193589298760322
0.6724313916653522
0.6924524715664265
0.6884668101084865
0.670631266585754
0.6454683751274861
0.6170999291770849
0.588069826430495
0.5598919338321188
0.5334139887111633
0.5090585385755156
0.486981791383742
0.4076821555504574
0.3142531296569132
0.22108611020316105
0.13332794353172503
0.053976011103572655
-0.0
-0.0
-0.10478443728017561
-0.2246058487143208
-0.3185738509003396
-0.4051445631265257
-0.4859498376884016
-0.5593128495507946
-0.6231278312592281
-0.6755098263538547
-0.6933150502998373
-0.6879985256048313
-0.6694057380904752
-0.6438529053568975
-0.6153256604119273
-0.5862785211864889
-0.5581671083082095
-0.5318015798994773
-0.5075805772330666
-0.48535732749879357
-0.4028033526568625
-0.30871175214399177
-0.21556110990490507
-0.12809079757182695
-0.049200977928739384
-0.0
-0.0
0.11319708234719339
0.23022859121111883
0.3236238296293741
0.4099509400505796
0.4904558483573076
0.563393090194271
0.6266577644390418
0.6783829947922171
0.6941052327633874
0.6875385298073131
0.6682352646758536
0.6423174532129114
0.6136425733148024
0.5845810269928752
0.5565336267891737
0.5302751769938739
0.5061818347616803
0.4790546749406128
0.3955849385849736
0.3015866374074019
0.20890333601072272
0.12212375754415233
0.04409431447914991
-0.0
-0.0
-0.12255557268833248
-0.23635279282123156
-0.32904802079267914
-0.41506239443781395
-0.49520344849687015
-0.5676478946772423
-0.6302916498885857
-0.6802263264103264
-0.6942318542388491
-0.686657190043182
-0.6668028793777369
-0.640624372429
-0.6118694844806337
-0.5828368652476141
-0.5548807760316324
-0.5287461734854828
-0.5047903955298174
-0.472701323361747
-0.388317871836492
-0.29442804241994486
-0.20223011510768035
-0.11615955854598362
-0.03900804988915174
-0.0
-0.0
0.13228203542416833
0.242824808733288
0.33485411870760945
0.4205927400639661
0.5003981974639772
0.5723663886608951
0.6343932019926174
0.6817885024831719
0.6942443818637071
0.6857641884624215
0.665419150141674
0.6390130973563126
0.6101940703757923
0.5811954782831347
0.5533292934276088
0.5273133916190704
0.5034880669204703
0.4667053534571594
0.3814742535518133
0.2877053100583098
0.1959828766137782
0.11059640877186051
0.03428536989241522
-0.0
-0.0
-0.14146679133090934
-0.2489585274398989
-0.34037139819285744
-0.4258592612521943
-0.5053559207042917
-0.5768810194079796
-0.6383302770411304
-0.6833153226723507
-0.694298468886963
-0.6849558916037862
-0.6641417084286495
-0.6375161792280806
-0.6086328465278835
-0.5796633121124455
-0.5518794693636986
-0.5259735145055793
-0.5022695669161995
-0.461018911465738
-0.3749879813799938
-0.28134156102804087
-0.19007805399693067
-0.10534749080952241
-0.029839476192407288
-0.0
-0.0
0.1501601886821091
0.2547639549856697
0.3455931106293778
0.43084329484464867
0.5100472786213036
0.5811525500902572
0.6420546904019371
0.6847570174780183
0.694345543744721
0.6841864998847006
0.6629283276087015
0.6360952796882133
0.6071513811026179
0.5782096854015852
0.5505041218683812
0.5247025635652723
0.5011138108041385
0.45560659168707973
0.3688134588727284
0.2752834423757845
0.18445674562669662
0.10035058544114939
0.02560708059096603
-0.0
-0.0019558743218088814
-0.158381050523974
-0.26050971960370045
-0.3507983759265934
-0.43577806248439294
-0.5146431254771735
-0.5852831716182101
-0.6455976780487613
-0.6860526112118995
-0.6942733807674645
-0.683318645941836
-0.6616328185768173
-0.6346052951363689
-0.6056113955213286
-0.5767062052705684
-0.5490861094059135
-0.5233949660863028
-0.49992648650130117
-0.45026736340182294
-0.3627289731924522
-0.26931157986169874
-0.1789114786021064
-0.09541642330826336
-0.021422159007497124
-0.0
0.014124088929877626
0.1661489915620438
0.2672864850015477
0.3571233749531181
0.44160474209997763
0.5198203695544299
0.589659798970759
0.6490474668562156
0.6869114105803176
0.6935824001970995
0.6817520757248905
0.6596217443355252
0.6324204363791535
0.6034182672471218
0.5746018210714714
0.5471233388058421
0.5215986427069987
0.4983040114297756
0.44506202072134643
0.35682622981467066
0.2634563430929174
0.17339254766153456
0.0904140308536774
0.017076990385665403
-0.0
-0.026475398432219632
-0.17401266883141114
-0.2741305538310005
-0.3634981097977936
-0.44746484658998276
-0.5250144222612966
-0.5940364365571731
-0.652480751297107
-0.6877405876689568
-0.692855400369575
-0.6801472872376342
-0.6575727982464417
-0.6301995239504037
-0.6011916854063003
-0.5724669291192084
-0.5451330824717937
-0.5197777711775737
-0.4966597511448394
-0.44008698294663273
-0.3511904328805562
-0.257853303059226
-0.16809479441971542
-0.08559389085905511
-0.012870137863672165
-0.0
0.03824758199217179
0.18146566377811063
0.28058909508303
0.3694922680288707
0.45295457514549975
0.5298583264136549
0.5980933685734743
0.6556339809779141
0.6884459104714864
0.6921010517822825
0.6785726760984101
0.6555863371854964
0.628057298207107
0.5990498947202244
0.5704167755758219
0.5432239182375893
0.5180324023739242
0.4950845079415897
0.4353071357607831
0.34577116036780237
0.25246134541882015
0.16299260710344993
0.08094775417048994
0.008811177093050127
-0.0
-0.049535816795062027
-0.1885947918822348
-0.2867558775119844
-0.3752075736935157
-0.4581814410327414
-0.5344624595664355
-0.6019407396418753
-0.6586140022665447
-0.68909480341771
-0.6913608796775017
-0.6770528706803133
-0.6536760709435951
-0.6260005075370917
-0.5969952901861111
-0.5684511108718644
-0.5413940627551448
-0.516359933310761
-0.4935753112273151
-0.4307360956581124
-0.34058883596296546
-0.24730481407644778
-0.15811275729245594
-0.07650360297789943
-0.004928154293255868
-0.0
0.06034315573640375
0.1954216131629363
0.2926621711611266
0.3806822995730359
0.4631891381068521
0.5388744814544788
0.6056286775879223
0.6614718760137478
0.6897202500259229
0.6906559031145937
0.6756010059854882
0.6518499698067097
0.6240337659665501
0.5950303289093241
0.5665710276344397
0.5396437651775045
0.5147601099217474
0.492131623895724
0.42628346229067
0.33554108904295715
0.24228794845412063
0.1533719521530105
0.07219341729611936
0.0011700525489141966
-0.0
-0.07089770972497389
-0.20210473227652673
-0.29845300829637117
-0.3860554217909181
-0.46810824739120593
-0.543212549042357
-0.6092590019021628
-0.6642897468925162
-0.6903377644757233
-0.6899620621266854
-0.6741709373041087
-0.6500509604160819
-0.6220960529357215
-0.5930942887086
-0.5647185687483943
-0.537919156025036
-0.5131837483375266
-0.49070909698561993
-0.421411832131414
-0.3300100306381149
-0.23681345787094887
-0.14822801067789576
-0.06754879647060968
-0.0
-0.0
0.08027313796660107
0.2082897026017414
0.3039605933775889
0.39126544857637985
0.47296479646591966
0.5475823100882854
0.6130095632135585
0.6673087892231223
0.6911211485470122
0.6894063973874913
0.6728569764217982
0.64835021691717
0.6202419934446679
0.5912297992164208
0.5629275396872239
0.5362474450955179
0.5116530455298863
0.48932605290761566
0.4164151075981036
0.324278235246315
0.23109001273310603
0.14280213786348336
0.06260230789072546
-0.0
-0.0
-0.08900104903622158
-0.2141129153883943
-0.3091839504292663
-0.39623166519381225
-0.47761560504009803
-0.5517882067640831
-0.6166420182473211
-0.6702581059367746
-0.6919152844543206
-0.6889080245718499
-0.6716250424187545
-0.6467424456981468
-0.618483331530191
-0.5894580533774832
-0.5612237473255293
-0.5346560327052989
-0.5101951633049917
-0.4880083552741993
-0.41164939618053076
-0.31880128870847857
-0.22561004929342263
-0.13759605698167554
-0.05784514385067757
-0.0
-0.0
0.09741248409630399
0.21973333179850255
0.31423075970103176
0.40103412828292206
0.48211704134386946
0.5558633114557666
0.6201663708931396
0.6731253812249045
0.6927005103120575
0.6884438305923071
0.6704509928640344
0.6452039332685244
0.6167976159786228
0.5877582950662323
0.5595883110639037
0.533127939134484
0.5087949565246315
0.4867425765354267
0.4070954530201652
0.31356921585936776
0.22037540217477058
0.1326230688559222
0.053300893824504064
-0.0
-0.0
-0.10546173424678362
-0.22511415583117989
-0.319063788166996
-0.40563405850721246
-0.48642942575399684
-0.5597680620964257
-0.6235442484207476
-0.6758744635408966
-0.6934548792192705
-0.6880011004620853
-0.66932804671484
-0.6437316533332824
-0.615184142389566
-0.5861312059231475
-0.5580226929073715
-0.5316650197421104
-0.5074544311046012
-0.48510074044752016
-0.40250157650245777
-0.30839085553815654
-0.21523490722554928
-0.12777037341702266
-0.04889641674311068
-0.0
-0.0
0.11329435903764887
0.2303363282389771
0.32374616137398504
0.41008504352763697
0.49059727819995635
0.5635370194611693
0.6267993688514079
0.6785176522457673
0.6941714820178737
0.6875620020386879
0.6682327536438595
0.642299875092475
0.6136169460145208
0.5845517924030427
0.556503532884743
0.5302458652563069
0.5061542304436978
0.4791653450542882
0.3957052690223183
0.30168754428842826
0.2089772323615395
0.12216829585354337
0.044108999098973145
-0.0
-0.0
-0.12220210036763693
-0.23616184356455486
-0.3289037555645711
-0.4149440337591194
-0.4951094205228084
-0.5675799324099123
-0.6302514262156319
-0.6802397221132613
-0.6942759921073111
-0.6867173981205908
-0.6668699035792011
-0.6406925175476502
-0.6119353766898581
-0.5828986303568069
-0.5549374956030813
-0.5287975264278406
-0.5048364233019123
-0.4730616893029262
-0.38872555122140295
-0.29481783805293993
-0.20258005245441968
-0.11645802084515333
-0.03924711033314873
-0.0
-0.0
0.13160006974310395
0.242403120023246
0.3344953117293651
0.4202646201191301
0.5001022124263399
0.5721099317257928
0.6341836344963468
0.6817283175398322
0.6942740042221949
0.685844994397881
0.6655263995661721
0.6391312138029641
0.6103134935283242
0.5813105691640593
0.5534369437176622
0.5274121035250127
0.5035773471021047
0.4672231696431134
0.38206223900028397
0.2882747507006348
0.19650271482232373
0.1110493610773773
0.03465907036304082
-0.0
-0.0
-0.14058628368402162
-0.2483940141364568
-0.33987790782237154
-0.4253982292990437
-0.5049309216518363
-0.5765031344529563
-0.6380105716417039
-0.6832061541189581
-0.6943169117099324
-0.6850480725767709
-0.6642730194263957
-0.6376647395577171
-0.6087851418932795
-0.5798112908031346
-0.5520186133588897
-0.526101562228138
-0.5023856710460451
-0.461635073838928
-0.3756889847244506
-0.28202400687078655
-0.19070516633104512
-0.10589838488580124
-0.030298943349622923
-0.0
-0.0
0.14915616997180647
0.2541101929973559
0.34501523369840764
0.4302988358096184
0.5095411691350835
0.5806981964589766
0.6416654936838679
0.6846167591169487
0.6943566497408782
0.6842855288096421
0.6630744782899223
0.6362627137127025
0.6073241007478641
0.578378122477823
0.550662871275732
0.5248488820659463
0.5012466267326177
0.45627956571790423
0.3695798432030303
0.2760316144270597
0.1851466550836079
0.10095923927654533
0.02611758045931445
-0.0
-0.0003371355659344544
-0.15735905061777614
-0.2596253398451108
-0.34997813434965297
-0.4350271614371686
-0.5139807761813402
-0.5847285836737782
-0.6451667314239706
-0.6859547792145628
-0.6943742618777807
-0.6835312712463146
-0.6619016304776957
-0.6348954507017739
-0.6059016358160265
-0.5769841114612664
-0.5493449551490724
-0.5236316364430573
-0.500140108497174
-0.45112058920018333
-0.36369602161205034
-0.270259628001303
-0.17979160062020594
-0.09619971419046178
-0.02208693954177307
-0.0
0.012122519611948879
0.16489217292627936
0.26620353899732685
0.3561225069774755
0.44069185676059575
0.5190187286159202
0.5889926338803807
0.6485338650689975
0.6868038379881757
0.6937165384188136
0.6820216498311035
0.6599589111697537
0.6327826915816159
0.6037797178346612
0.5749473798721608
0.5474448729608483
0.5218924276783122
0.4985690560523698
0.44588822467671885
0.3577624868002519
0.2643858768038018
0.17426981136382724
0.09121043529312464
0.017770137098187408
-0.0
-0.02443845832055877
-0.17272410730435533
-0.2730144466207028
-0.3624624857389611
-0.44651647043016485
-0.5241776231504774
-0.5933355191403247
-0.6519358136588292
-0.6876169079555274
-0.6929830122853634
-0.6804162086898121
-0.6579127704859115
-0.6305664843674346
-0.6015587499412336
-0.5728183930388395
-0.5454604398381843
-0.520077083069239
-0.4969299138385542
-0.44091851488465744
-0.3521321393298264
-0.2587882878077611
-0.16897738506580595
-0.08639537546564821
-0.013568003236242673
-0.0
0.036244177708648656
0.18020367300771953
0.27949960197379187
0.36848412767306615
0.4520340723286624
0.5290490435387709
0.5974188345825606
0.6551135583678701
0.6883360193508513
0.6922355997392761
0.678844235763907
0.6559263251430313
0.6284227421343374
0.5994146126595283
0.5707655082394332
0.5435484362398819
0.5183289329125756
0.4953520418318255
0.43612892445041945
0.3467027666054462
0.2533874518309491
0.1638679972110874
0.08174389242367852
0.009505621544225892
-0.0
-0.04756494652649182
-0.18735323966931117
-0.28568394205143377
-0.37421557932888794
-0.4572755657023876
-0.5336659024374796
-0.6012766513128556
-0.6581014382235286
-0.688986026466035
-0.691492555537108
-0.677319352811698
-0.6540099100334261
-0.6263594392894892
-0.5973535616320118
-0.5687937104504125
-0.541712892381141
-0.5166512778870909
-0.4938381738327164
-0.4315387803470945
-0.34149864388155476
-0.24820940883751189
-0.15896803616101007
-0.07728170031131543
-0.005607138644977791
-0.0
0.058424860862567374
0.19421191496884901
0.2916169150349895
0.3797143863151094
0.4623046845631695
0.5380961620288767
0.6049791220654657
0.6609697309016762
0.6896122944572453
0.6907827603435218
0.6758595813131171
0.6521744359566677
0.6243828684676834
0.5953789239994954
0.5669044530060953
0.5399541052843561
0.5150437270560612
0.49238753381634504
0.4271428343037198
0.3365153557320382
0.24325166198951426
0.15427707886708078
0.07301036426823697
0.0018759301115358618
-0.0
-0.06882347930454802
-0.20078000643107605
-0.29729899535580123
-0.3849809971718837
-0.4671217477564117
-0.5423399355479772
-0.6085260949245346
-0.6637179746551329
-0.690213002098365
-0.6901036767023491
-0.6744620737984421
-0.6504169958871603
-0.6224902118957862
-0.5934880543372703
-0.5650953040047066
-0.5382698715062888
-0.513504304409611
-0.4909983629036745
-0.4224093004680468
-0.3311480779047632
-0.23794568432753027
-0.1492976999670973
-0.06852050880648776
-0.0
-0.0
0.07852898838159128
0.20712491379086526
0.3029150351657038
0.39027074433210907
0.47203264270517326
0.5467386407014587
0.6122801297028725
0.6667155917600297
0.690959027514311
0.6895029421542007
0.6731004627719837
0.6486691284011643
0.6205913463168228
0.5915820241367161
0.5632664136203673
0.5365640634310174
0.5119431575473802
0.4895883071226479
0.41738181699358323
0.3253887209859916
0.2321995348492466
0.1438544212285277
0.06356198260499508
-0.0
-0.0
-0.08730191408840748
-0.21298011589652574
-0.30816837257640917
-0.3952664658131071
-0.4767120570107266
-0.5509714573401628
-0.6159370231645541
-0.6696861527625863
-0.691762091634191
-0.6890059240254828
-0.6718654027169099
-0.6470557477567818
-0.6188258640224442
-0.5898030417233002
-0.5615554503870727
-0.5349658244968672
-0.5104789411317877
-0.4882648330916249
-0.4125759109595577
-0.31986606211603136
-0.22667545416917206
-0.13860827111699153
-0.058770137254580385
-0.0
-0.0
0.09576946263365047
0.21863562075974433
0.3132451437764313
0.40009625733049087
0.48123796324922935
0.5550674824846898
0.6194780772707351
0.672565377403623
0.6925468569430404
0.6885340417644904
0.6706797719182657
0.6455038747262244
0.6171263187777534
0.5880897698359955
0.5599072617410065
0.53342596717925
0.5090680498888694
0.4869894560626954
0.4079854993256792
0.31459162020736037
0.22139800687044103
0.1335942328363952
0.054187996991637
-0.0
-0.0
-0.10388623961746282
-0.22406140168783126
-0.3181184866527609
-0.4047345496682657
-0.48558633067823764
-0.5590048528623135
-0.6228842298577659
-0.6753375498429374
-0.6933079864740668
-0.6880882473770862
-0.6695481545230271
-0.6440200190366074
-0.6155000671003098
-0.5864497456398987
-0.5583291687597164
-0.5319513739946086
-0.507716816561349
-0.485767917513708
-0.40358775577903766
-0.309539090960227
-0.2163432524771874
-0.1287924400331502
-0.049800490966792094
-0.0
-0.0
0.11165590179801116
0.2292542168358937
0.3227819310575183
0.4091725302936549
0.48974636693118795
0.5627710996711315
0.6261416677295913
0.677987881360864
0.6940336709317881
0.687658975414785
0.6684627036151577
0.6425976721965952
0.6139416598344334
0.5848783711286616
0.556817266689668
0.5305387116518699
0.5064223838126494
0.48041037710673146
0.3971293555702193
0.30308948382648493
0.2102830594578999
0.12333426296535123
0.045102141824491446
-0.0
-0.0
-0.12031418101433886
-0.23491871628323732
-0.32779758294406736
-0.41389763727592804
-0.4941336280128291
-0.5667012506179011
-0.6294962469269072
-0.6799725071399525
-0.6943051494663997
-0.6869183928744784
-0.6671626755954853
-0.6410263958791459
-0.6122790156339601
-0.5832333075703894
-0.5552526596049274
-0.5290878477166208
-0.5050998494046072
-0.4742740407536066
-0.3901122749250913
-0.296183439580374
-0.2038525270210742
-0.11759469643295971
-0.04021579121826545
-0.0
-0.0
0.129729577003748
0.24116083371026087
0.3333819566417832
0.41920466787365246
0.49910688551958937
0.5712060479707793
0.6333980435981057
0.6814272545777178
0.6942687509278287
0.6860127180900394
0.6657879856075953
0.6394364544519241
0.6106312048670633
0.5816220077018432
0.5537314308954094
0.5276841263222479
0.5038246443951057
0.4683723447954458
0.38337251698070035
0.2895598868292396
0.19769480989388033
0.11210868208046533
0.03555596047646731
-0.0
-0.0
-0.1388180288917513
-0.24721365548235427
-0.33881649298364314
-0.42438528162016625
-0.5039775704643565
-0.5756351935185671
-0.6372538863753779
-0.6829130163881868
-0.6943069929497712
-0.6852039768958795
-0.6645191125061827
-0.6379530029023359
-0.6090857334365232
-0.5801062567751969
-0.5522977087825739
-0.5263594811801589
-0.5026202183966618
-0.46273976972009184
-0.376948933330417
-0.2832595674926047
-0.19185093115873214
-0.10691613107649377
-0.031160167854994467
-0.0
-0.0
0.1474636481833494
0.25298171970549305
0.3440013230682001
0.4293318587482674
0.5086316875741548
0.5798708335578368
0.6409448956016492
0.6843391452990205
0.6943495835895271
0.6844367639846966
0.6633117087387951
0.6365400435690001
0.6076130159175623
0.5786614764233068
0.5509308876979337
0.5250965060072041
0.5014717761768439
0.4573382720174979
0.37078759297433206
0.27721634741057705
0.1862456717765422
0.10193586217911706
0.026944435306631487
-0.0
-0.0
-0.15574511928414825
-0.25850451701518484
-0.34896423287902784
-0.4340656414889271
-0.5130845852069803
-0.5839222900024819
-0.6444742341569683
-0.6857003938258148
-0.6943865876025198
-0.6836988303637413
-0.6621526967074417
-0.6351845729259785
-0.606200646859429
-0.5772761397705617
-0.5496204456671193
-0.5238857146289119
-0.5003708412117652
-0.4521650658992496
-0.364886336014447
-0.27142765140225344
-0.18087586037064185
-0.09716412491218886
-0.022904507668667057
-0.0
0.009739287942798991
0.16337095834546117
0.26487654471414324
0.35488405333094486
0.4395510423982808
0.5180051340045865
0.5881358527297158
0.6478586031222331
0.6866358060530321
0.6938518981730227
0.6823284149823815
0.6603526884264656
0.6332104827449481
0.6042091206964908
0.5753594027771414
0.5478291663270833
0.5222441304769606
0.4988867199734719
0.44683924897743343
0.358840744484186
0.2654595808581469
0.17528687900683892
0.09213774002199183
0.018581486678735687
-0.0
-0.022123647509997096
-0.17124660354985805
-0.27172626627731244
-0.3612610487773264
-0.44541054417693104
-0.5231958277552821
-0.5925064697264792
-0.6512833681685973
-0.6874553370592286
-0.6931150058434968
-0.6807140121641869
-0.658294700669798
-0.6309812488618302
-0.6019749930545387
-0.5732177399594202
-0.5458328805802691
-0.5204179197980867
-0.49723775145657384
-0.44184887716263294
-0.3531855097492875
-0.25983498640403185
-0.1699665151347372
-0.08729479908610827
-0.014352446772830846
-0.0
0.03405170198563115
0.17881854215479442
0.27830124583251287
0.3673734359975121
0.451018290885282
0.5281543077766635
0.5966712203025933
0.6545345803756498
0.6882106796466072
0.6923805326225911
0.6791408240353353
0.6562988257282034
0.6288236821524351
0.5998150545323492
0.5711485736755054
0.5439050097116205
0.5186548212756825
0.4956461055213323
0.4370235226143359
0.347717404523877
0.2543972259978008
0.1648237248913358
0.08261440018228991
0.010266316439777129
-0.0
-0.04544916504416652
-0.18601778976802472
-0.28452924713255767
-0.37314576340394
-0.4562974875728033
-0.5328046717692559
-0.6005573285668314
-0.6575446902710308
-0.6888654026508602
-0.6916317748342439
-0.6776043804630789
-0.6543679285838938
-0.6267448090668702
-0.5977384620820754
-0.5691619143941199
-0.5420556355302047
-0.5169645282243894
-0.4941208350202194
-0.4323945685794331
-0.3424687923960898
-0.24917465732792693
-0.1598814250496429
-0.07811347082993311
-0.006333821021258915
-0.0
0.05639918039781694
0.19293230353279775
0.29050982922138757
0.37868817784955316
0.4613659993258125
0.5372691125073823
0.6042877768280288
0.6604339552580322
0.6894949307848093
0.690914756778962
0.6761315722036446
0.6525165786643039
0.6247513817476519
0.5957471144604273
0.5672567454810432
0.5402820821898918
0.5153435099877574
0.4926580607288999
0.4279628510526255
0.3374449042810911
0.24417639707275252
0.15515199905429275
0.07380696632127214
0.002571742609359773
-0.0
-0.06688412314450562
-0.19955509304410743
-0.2962393497324134
-0.3839988578886945
-0.4662234680396588
-0.5415485910314651
-0.6078647177269021
-0.6632055712992481
-0.6901010962737076
-0.6902304360844472
-0.6747228052609827
-0.6507448425022775
-0.622843265637763
-0.5938407654150087
-0.5654327659605466
-0.5385840295981573
-0.513791448966334
-0.49125748005478553
-0.4232966062223007
-0.3321542041029808
-0.23894008509341064
-0.15023060225366563
-0.06936138198506232
-0.0
-0.0
0.07700277389484783
0.20610117797797872
0.301993408604336
0.3893921085242633
0.47120764850621033
0.5459903514433624
0.6116314465294568
0.6661861302900893
0.6908117536168201
0.6895851494853134
0.6733131796278066
0.6489489869002362
0.6208984749062584
0.591891974305775
0.5635647870513797
0.5368429454472872
0.5121987576114129
0.48981940492384196
0.41824339191650384
0.32637897551165046
0.23318899286838773
0.14479279243268645
0.06441768489556697
-0.0
-0.0
-0.08579767709892472
-0.2119774666949679
-0.3072696454018727
-0.39441248265841694
-0.4759128036486646
-0.5502491985652708
-0.6153138480657785
-0.6691808967756333
-0.6916277630314327
-0.6890939483688119
-0.6720795254754386
-0.6473343760854232
-0.6191302754620095
-0.5901095222782234
-0.5618500628016883
-0.5352409357878529
-0.5107309256848247
-0.48849256028877047
-0.4133949107033193
-0.32080751117870415
-0.22761792755014454
-0.13950420006667108
-0.059589391400780164
-0.0
-0.0
0.09431825426047194
0.21766530166271772
0.31237343053115874
0.3992664152712872
0.48045980735489835
0.5543626666031869
0.6188681081594728
0.67206864539604
0.6924096533796209
0.6886126568311681
0.6708810708220753
0.6457682322376898
0.6174162232622672
0.5883822244947637
0.5601887276360984
0.5336890064248311
0.5093091049633248
0.48720738736470337
0.40876909027076075
0.31549170319916486
0.22229834587604574
0.13444938536042278
0.05496924430568138
-0.0
-0.0
-0.10250135757549345
-0.22313558308967474
-0.3172869094651918
-0.40394308245934796
-0.4848443485372793
-0.558333022533655
-0.6223030708605909
-0.6748646010938065
-0.6931783287014986
-0.6881646035997936
-0.6697415650534733
-0.6442735371001407
-0.6157778711924551
-0.5867298797981553
-0.5585987112858295
-0.5322032305264359
-0.5079475985938221
-0.48597654533850587
-0.4043394521697082
-0.31040277812050554
-0.2172073632155753
-0.12961334359661214
-0.05055060278166007
-0.0
-0.0
0.11032827316699345
0.22836705034761517
0.32198529475283993
0.4084144733562096
0.48903584531155614
0.5621278977543276
0.6255854284770279
0.6775353900088273
0.693909923641097
0.6877324945403225
0.6686482895117496
0.6428407867558952
0.6142079982448914
0.5851469084960164
0.5570756306535101
0.5307801108189365
0.5066435758406043
0.4814159123509604
0.3982810640012514
0.3042259844456979
0.21134460760470844
0.12428522675821196
0.04591549043115961
-0.0
-0.0
-0.1188086684792469
-0.23393599766182402
-0.32692876057400605
-0.41308004912108887
-0.49337529370923394
-0.5660227278263865
-0.6289179561571001
-0.6797781418433229
-0.6943432895654285
-0.6870906888136799
-0.6674059672519416
-0.6413007685904702
-0.6125598331123111
-0.5835059072469408
-0.5555088291656951
-0.5293234921885113
-0.5053134530604595
-0.4752475632904741
-0.3912264964126992
-0.2972818696033018
-0.20487733804758682
-0.11851148639207143
-0.0409985239405288
-0.0
-0.0
0.1282263530033876
0.2401632713579328
0.3324883634149651
0.4183542007963751
0.49830848068863337
0.5704811871961519
0.6327682382355713
0.6811858380313291
0.6942644538893817
0.6861470821845375
0.6659975949357015
0.6396810636651248
0.610885817353396
0.5818715986336014
0.5539674400262078
0.5279021339583717
0.5040228374991983
0.4692902366094186
0.3844188627415727
0.29058603695338425
0.19864657406468794
0.11295435359242133
0.03627187770152565
-0.0
-0.0
-0.13740552436356732
-0.24627028800354236
-0.3379678944552612
-0.42357522437175504
-0.5032149835081774
-0.5749407322166195
-0.6366482323973842
-0.6826780283840882
-0.6942985000292689
-0.6853281194688056
-0.6647154174574926
-0.6381830750046996
-0.6093257091454013
-0.5803417772267006
-0.5525205784911734
-0.5265654537473355
-0.5028075348703812
-0.46362240273468663
-0.3779555890949967
-0.2842466970893572
-0.1927662746050226
-0.10772915351380813
-0.03184810208575635
-0.0
-0.0
0.14611246259858368
0.2520808305812294
0.34319189764542735
0.4285599096416612
0.507905648734685
0.5792103638034216
0.6403696715251022
0.68411761132689
0.69434405675452
0.6845576211293966
0.6635012175561368
0.6367615592536245
0.6078437722768028
0.578887783731862
0.5511449409823905
0.5252942700014505
0.5016515892951863
0.4581835749739849
0.37175192755485054
0.2781623484583943
0.1871232764775987
0.10271578056603968
0.0276048039031523
-0.0
-0.0
-0.15444803672735585
-0.2576394499556862
-0.3481868186909655
-0.4333240792599074
-0.5123869833677857
-0.5832875329686924
-0.6439212262702343
-0.685486947913314
-0.6943805529085711
-0.6838141813017022
-0.6623340152144181
-0.6353966802369625
-0.606421684920018
-0.5774929624316683
-0.5498255554347208
-0.5240752327166222
-0.5005431676533433
-0.45297443140093335
-0.36580956670927106
-0.2723332429726399
-0.1817158941639239
-0.09791057196984773
-0.02353645043262341
-0.0
0.007889618016878874
0.1621882085627956
0.26384342863006005
0.3539188522106995
0.4386609894404526
0.5172133445273486
0.5874654579313084
0.6473289458449966
0.6865017721305153
0.6939546270703564
0.6825650302668883
0.6606573977756091
0.6335419580956093
0.6045420844437436
0.5756790292947875
0.548127366504553
0.522517094464195
0.4991332995621536
0.4475748991871886
0.3596748051392511
0.26629028424598505
0.17607396564335703
0.0928555783596286
0.019209797254392105
-0.0
-0.02032835491496937
-0.17009973204956366
-0.2707257433368455
-0.3603274568391305
-0.4445507588901974
-0.5224321141249739
-0.5918610909146701
-0.650774900023291
-0.6873284032814713
-0.6932163039775725
-0.6809442756810525
-0.6585904553934933
-0.631302631582103
-0.6022976301954147
-0.5735273438305843
-0.5461216632567518
-0.520682221502679
-0.4974764794008527
-0.44257004670072814
-0.35400194531782736
-0.260646179843613
-0.17073302597446205
-0.08799172839398561
-0.014960217180766539
-0.0
0.03235326169630501
0.1777455712585745
0.2773729947220969
0.366513124870246
0.4502315319732589
0.5274613459321703
0.5960922532095723
0.6540862715302606
0.688113793850486
0.6924930116812102
0.6793707730626215
0.656587566058694
0.6291344370165626
0.6001254070099178
0.5714454494536141
0.5441813483973785
0.5189073758489156
0.4958739945110594
0.43771693820642776
0.3485039028708883
0.25517998782624957
0.16556462272651595
0.08328926525709791
0.010856080197426399
-0.0
-0.04380933231262424
-0.18498279617471272
-0.28363436960939786
-0.372316686868023
-0.45553952431944833
-0.5321372797735022
-0.5999999275945758
-0.6571132947663816
-0.6887719843458371
-0.6917397210614834
-0.6778253178714643
-0.6546454261793105
-0.627043497914109
-0.5980367825628958
-0.5694472914084371
-0.5423212774741399
-0.5172073108309471
-0.494339909049202
-0.4330577148660792
-0.343220553805093
-0.2499226277597672
-0.16058921723144728
-0.07875802472273183
-0.006896949385635176
-0.0
0.05482951572682476
0.19194072816337585
0.2896519269772013
0.37789293572346994
0.4606385690987406
0.5366281803733624
0.6037519950494112
0.6600187191650002
0.6894039365468452
0.6910170022051773
0.6763423071222223
0.6527816800898951
0.6250369222191805
0.5960324082746649
0.5675297227113486
0.5405362195066877
0.5155758016028803
0.492867683345334
0.42859823164166727
0.33816515208652115
0.2448929143565498
0.15582991745647098
0.07442420072388166
0.0031108815276061907
-0.0
-0.06538153667011887
-0.1986060399524848
-0.29541834043389914
-0.3832378972090267
-0.4655274790551168
-0.540935453026859
-0.60735227625842
-0.6628085529330038
-0.6900143861881465
-0.6903286456651221
-0.6749248176512973
-0.6509988565381016
-0.6231168107023698
-0.5941140453443347
-0.5656942311072172
-0.5388274390654992
-0.5140139284463413
-0.4914582439643759
-0.42398407433503715
-0.33293373338377397
-0.23971053211258547
-0.15095340379392744
-0.07001288322069979
-0.0
-0.0
0.07582032686108525
0.2053080254963075
0.3012793636371698
0.3887113692868377
0.47056846726905166
0.5454105970992646
0.611128862316703
0.6657759139614524
0.6906976453264434
0.6896488369096699
0.6734779824194617
0.6491658094806163
0.621136425946491
0.592132111788845
0.5637959555511222
0.5370590128714441
0.5123967871306638
0.4899984510471399
0.418910888520067
0.3271461661110232
0.2339555683198537
0.1455197909144763
0.06508063831158963
-0.0
-0.0
-0.08463230779878289
-0.211200685735746
-0.3065733733752257
-0.39375087352810206
-0.475293593990295
-0.5496896377765247
-0.6148310494229339
-0.6687894528719278
-0.6915236897762231
-0.6891621400312127
-0.6722454103387948
-0.6475502360239677
-0.6193661108204193
-0.590346960973209
-0.5620783071275814
-0.5354540721776248
-0.5109261452206048
-0.4886689870149592
-0.41402940011301287
-0.3215368640863004
-0.22834807526560696
-0.14019829054753558
-0.06022408215448766
-0.0
-0.0
0.09319400241341885
0.2169135923251846
0.31169810987509333
0.3986235313326381
0.4798569640366782
0.5538166393610664
0.6183955584988312
0.6716838205278337
0.6923033581095089
0.6886735581112015
0.6710370164327787
0.6459730300581146
0.6176408127328311
0.5886087898049315
0.5604067800500278
0.5338927837376961
0.509495851118486
0.48737621948781196
0.40937613191388134
0.31618899065031175
0.22299583255493716
0.1351118673723018
0.05557447339813924
-0.0
-0.0
-0.10142851251848695
-0.22241836503994172
-0.3166426977694822
-0.40332994267602207
-0.4842695435504289
-0.5578125626675858
-0.6218528523874027
-0.6744982112630075
-0.6930778825250584
-0.688223754221027
-0.6698913964447089
-0.6444699332550314
-0.6159930816000452
-0.5869468954185979
-0.5588075218174392
-0.5323983400368184
-0.508126382035365
-0.48613816626234063
-0.40492177408627966
-0.3110718569488532
-0.21787677079839973
-0.13024928022361226
-0.05113169926087788
-0.0
-0.0
0.10929979813229249
0.22767978718003884
0.32136816203921365
0.4078272265142755
0.4884854223651412
0.5616296251865651
0.6251545232148004
0.677184855183463
0.6938140585135409
0.6877894467617286
0.6687920571035031
0.6430291204400166
0.6144143229564331
0.5853549367798792
0.5572757779501635
0.5309671160010693
0.5068149271400859
0.48219486515227084
0.3991732522160819
0.30510639223794894
0.21216695291915538
0.12502190678248648
0.046545565255700916
-0.0
-0.0
-0.11764240706159182
-0.2331747231614861
-0.3262557165332624
-0.4124466938756229
-0.4927878398436934
-0.565497100631183
-0.6284699746771979
-0.6796275732886665
-0.6943728344174478
-0.6872241593148449
-0.6675944355908248
-0.6415133143507885
-0.6127773714676403
-0.5837170796412625
-0.5557072738166307
