-0.5
-0.5
-0.5
-0.5
-0.5
-0.5
-0.5
-0.5
-0.5
-0.5
-0.5
-0.5
-0.5
-0.5
-0.5
-0.5
-0.5
-0.5
-0.5
-0.5
-0.5
-0.5
-0.5
-0.5
-0.5
-0.5
-0.5
-0.5
-0.5
-0.5
-0.5
-0.5
-0.5
-0.5
-0.5
-0.5
-0.5
-0.5
-0.5
-0.5
-0.5
-0.5
-0.5
-0.5
-0.5
-0.5
-0.45661208197862335
-0.293652044476327
-0.17832561596640029
-0.07306564520405345
0.02707979545868522
0.12044802855287418
0.204268823326622
0.27588292342425935
0.3217662187370691
0.32736670453363503
0.30920307551206105
0.277936184941614
0.24035104362429727
0.20067967656701435
0.16148259867203518
0.1242349143046938
0.0897149102904996
0.05826072510714886
0.02993902335550025
0.004655084536036136
-0.06956317068309725
-0.1543514166216785
-0.2393895652128495
-0.32053605644351396
-0.39511043841068266
-0.46096273496623147
-0.5
-0.5
-0.5
-0.5
-0.5
-0.5
-0.5
-0.5
-0.5
-0.5
-0.5
-0.5
-0.5
-0.5
-0.5
-0.5
-0.5
-0.5
-0.5
-0.5
-0.5
-0.5
-0.5
-0.5
-0.5
-0.46122517558393095
-0.325023871545419
-0.2293356191301134
-0.14283414698022567
-0.06122290319339185
0.014316469003548216
0.08168424856545053
0.13886722121525508
0.1776859495904204
0.1853081531123255
0.17438637210299224
0.15310090011714728
0.12667121273908222
0.09836497023342472
0.07017055254682802
0.04324440237585747
0.018207769507974092
-0.004657155585876704
-0.06979433973594029
-0.1610240247533769
-0.25502914543026495
-0.3447492336598133
-0.426722262336471
-0.49850119635829215
-0.5
-0.5
-0.5
-0.5
-0.5
-0.5
-0.5
-0.5
-0.5
-0.5
-0.5
-0.5
-0.5
-0.5
-0.5
-0.5
-0.5
-0.5
-0.5
-0.5
-0.5
-0.5
-0.5
-0.5
-0.5
-0.5
-0.40437363980436447
-0.2820263957007257
-0.18769011168534439
-0.1010282294169621
-0.020022325514441608
0.053720385254653946
0.11809293545908928
0.17119036258177145
0.19183701890419902
0.1882429533899176
0.17064565311827407
0.14562128189325452
0.11732720773706429
0.08833084089973442
0.06016151345501186
0.033677068319880044
0.009306597445981502
-0.013216722943149406
-0.09547839262127433
-0.18920878861415608
-0.2820467531441984
-0.36928335201082274
-0.448028340686901
-0.5
-0.5
-0.5
-0.5
-0.5
-0.5
-0.5
-0.5
-0.5
-0.5
-0.5
-0.5
-0.5
-0.5
-0.5
-0.5
-0.5
-0.5
-0.5
-0.5
-0.5
-0.5
-0.5
-0.5
-0.5
-0.5
-0.5
-0.36853939214026793
-0.2583934732192157
0.27734931416150566
0.36517373417592985
0.9278583232053554
0.8232345010973294
0.8369928153222372
0.9429769545052179
0.9703076275110496
0.7802701602096929
0.859592597247512
1.2063806043298768
0.8577787661373826
0.8085131875629782
0.7642334706872534
0.6043372453941914
0.3558366294973867
0.4402463996021262
0.2864410428758691
0.6071207113648223
0.7656439605197249
0.716147741612512
0.20080979772862667
-0.13720175623893738
0.05868023633956909
0.11461341381072998
0.6590286493301392
0.6297587156295776
0.09517204761505127
0.3217678666114807
-0.4139995574951172
0.0023511648178100586
-0.2320329248905182
0.15458649396896362
0.00037914514541625977
0.21903514862060547
-0.12459185719490051
0.4107399582862854
-0.30954065918922424
0.2905160188674927
-0.09231415390968323
0.051819801330566406
-0.06771063804626465
0.23744088411331177
-0.007648378610610962
-0.0828702449798584
0.14329957962036133
0.1635538935661316
0.5610568523406982
-0.46774595843911193
-0.040471271081364724
0.4797357783020975
0.3639864308762837
0.7427173057896606
0.9586305758169376
1.031711744951897
0.4914702160923534
0.8818215707523371
0.8045366128215387
0.8254110781114506
0.5143590403189883
0.666395092439036
0.9855964728450861
0.7310333679801344
0.8183208668996211
0.8047041543421228
0.5696450460846243
0.5750088154700299
0.5137463706068977
0.5492054233418264
0.4945224712525861
0.3252248051020816
-0.12840494487626303
0.2608707547187805
0.33479005098342896
-0.014897018671035767
0.14787310361862183
0.26713377237319946
0.011271417140960693
-0.3716963827610016
-0.34972894191741943
-0.32273590564727783
-0.19468045234680176
-0.3310459852218628
-0.3522324860095978
0.06678873300552368
0.027882874011993408
0.1286744475364685
-0.020781785249710083
-0.16786205768585205
-0.13409507274627686
-0.40663349628448486
-0.20774346590042114
-0.1263529658317566
0.0045204758644104
-0.23235395550727844
0.2997053265571594
-0.11009776592254639
0.020546674728393555
0.2957534673460003
0.16062515988480242
0.2810175113109884
0.41199747189074276
0.5800069085414011
0.6921896721986932
0.9050746346367791
1.2443458402922358
1.2606928915374622
0.7498450329669518
0.9342833752378152
1.1736144067127399
0.8039936141136996
1.0624326595483748
0.8843135309169178
0.7808544018256781
0.6526263685415572
0.6604978720868019
0.586773032190655
0.2742192988306731
0.27079951725633783
0.22786644318800964
0.11956621939083412
0.370769485251096
-0.1128406822681427
0.038251399993896484
-0.007204234600067139
-0.3191215395927429
0.05793344974517822
-0.2096593677997589
-0.3665976822376251
-0.6738410592079163
-0.6502931118011475
-0.5241290330886841
-0.7448408007621765
-0.5278717875480652
-0.7595692276954651
-0.304604172706604
-0.6037401556968689
0.19256693124771118
-0.25384989380836487
0.14902174472808838
-0.6554139852523804
-0.04420730471611023
-0.580565869808197
0.03546023368835449
-0.3185366988182068
-0.541659414768219
-0.5471952557563782
-0.5498799085617065
-0.7711050267848436
-0.03638856737231666
-0.5298643143964139
0.21945410514380792
0.38070410097534624
0.18052732247685155
0.41652656115010833
0.8161907738872198
0.8131221028913665
0.8214349168304812
0.947747798197945
1.2709838890274767
0.7977765756378261
0.6340212837861674
0.8871329117014326
0.7128280851022002
0.7024539130819478
0.6637168037372403
0.8865774972122823
0.39098123465085827
0.3920994351544213
0.2110513792900312
0.002532245405578726
-0.2509137164276435
0.1280841827392578
-0.014375805854797363
-0.320437490940094
0.014549076557159424
-0.47790220379829407
-0.28864845633506775
-0.32740703225135803
-0.3123791515827179
-0.2065403163433075
-0.07050305604934692
-0.15518981218338013
-0.22503280639648438
-0.32270193099975586
-0.09755989909172058
-0.13449448347091675
-0.2867237329483032
-0.4118630886077881
-0.3268086612224579
-0.3940064311027527
-0.518983006477356
-0.45713189244270325
-0.199512779712677
-0.25415635108947754
-0.6504195928573608
-0.4932406544685364
-0.25697776675224304
0.11752906702326393
0.4212207147144601
0.1758744606413386
0.9745783746032366
0.7042941710271658
0.79626694995442
0.6831435104353338
0.9185270626564577
0.49376104799532383
0.617991816559768
0.7030940332884283
0.4858274205776387
0.5885038510227976
0.5861404552226014
1.1319457077938284
0.8851003026023508
0.8126101573348035
0.8859972741460981
0.05110282023227675
0.6005607587944796
0.5146758201806985
0.2982988750702168
0.3186069158246194
0.03851437568664551
0.28601449728012085
0.49327224493026733
0.13937979936599731
-0.05929839611053467
-0.29736337065696716
-0.038314878940582275
-0.1283252239227295
-0.28001970052719116
-0.4896141588687897
-0.45377081632614136
-0.18311822414398193
-0.8867622017860413
0.39429908990859985
-0.607570230960846
0.40434330701828003
-0.4766055643558502
-0.1513790488243103
-0.5133630037307739
-0.2825910449028015
-0.8960468769073486
-0.41806817054748535
-0.4495309591293335
0.061164021492004395
-0.011966317892074585
0.1504073143005371
-0.20346683263778687
0.3510237633488997
0.7049127198554619
0.40970554218021227
0.6046424078713656
0.2086662557823194
0.3879840564178374
0.4193709908168024
0.7898925507608603
0.5551105471638003
0.3210346828537888
0.6942959434667181
0.8792568328609404
0.5094093546268262
0.8897450383483502
0.7410063152635399
0.7791937153027898
0.4034746964663779
0.5505787079467208
0.43076367936243865
0.1548190386185485
0.45650590664680335
0.2908093123736154
0.06450197796084078
0.028010845184326172
-0.15258949995040894
0.16161257028579712
0.23888379335403442
0.020221412181854248
-0.010778218507766724
0.2395119071006775
-0.12398642301559448
0.10867881774902344
-0.1587972640991211
-0.2711332142353058
-0.5838752388954163
-0.09593319892883301
-0.06452953815460205
-0.22309985756874084
-0.6912850141525269
-0.38713473081588745
-0.531811535358429
0.17851102352142334
-0.745049774646759
-0.3695889115333557
-0.48427093029022217
-0.22939616441726685
0.015419840812683105
0.07160472869873047
-0.12803509831428528
-0.20377656817436218
0.49244358710676783
-0.04827448269059936
0.6916890030006672
0.19335303267584347
0.29975323202785925
0.5905471767910757
0.7137861597908484
1.1914576195886217
0.8239606422353098
0.7178860189040999
1.5063955606259212
1.0069498623588808
0.9400146125323416
0.754387729252022
0.41335343486125986
0.4920895937020662
0.6674898734357244
0.45017367697151983
0.491301342543208
0.3277900270075763
0.536969475711544
0.6524330787465825
-0.060179282639597986
0.03698265552520752
0.19999873638153076
0.1941731572151184
-0.351951003074646
0.2164282202720642
0.0
