0.5
0.5
0.5
0.5
0.5
0.5
0.5
0.5
0.5
0.5
0.5
0.5
0.5
0.5
0.5
0.4652659437404256
0.4060109794240947
0.34079217622319913
0.30524281334381276
0.272615415890369
0.238385241456882
0.20269772234117245
0.16666964495949932
0.13158309698441428
0.0986852969578938
0.06911792068469497
0.04387733227556906
0.023785840096147925
0.0094703627694534
0.0013481075352614336
-0.0003806497713555457
0.004267322628876524
-0.00024354403813076075
-0.01824327860971464
-0.020510077045505115
-0.013492124044731879
-0.0013513088663716921
0.013263249709422442
0.032047542795183626
0.1361497162456412
0.25440876324212763
0.3691757315320687
0.4742391650479784
0.5
0.5
0.5
0.5
0.5
0.5
0.5
0.5
0.5
0.5
0.5
0.5
0.5
0.5
0.5
0.5
0.5
0.5
0.5
0.5
0.5
0.5
0.5
0.5
0.5
0.5
0.5
0.5
0.49518414821345974
0.32426790353936197
0.21459003834398976
0.11898915540958976
0.030051600299736525
-0.05153284655776824
-0.1236420849658284
-0.18416999910721432
-0.2084643424428354
-0.20629109367327714
-0.18875349639512862
-0.16299139040516442
-0.1335253545164049
-0.10315344109800273
-0.07354836350814109
-0.04565426801931449
-0.019949534151682546
0.003379877217486338
0.0837540354956603
0.1785730619355821
0.2732163978589747
0.3624590021536945
0.44325738835981165
0.5
0.5
0.5
0.5
0.5
0.5
0.5
0.5
0.5
0.5
0.5
0.5
0.5
0.5
0.5
0.5
0.5
0.5
0.5
0.5
0.5
0.5
0.5
0.5
0.5
0.5
0.5
0.4572199456809073
0.3128122638254939
0.21256705090511963
0.12273195514511742
0.0385726137309485
-0.03877122713661474
-0.10717926442765635
-0.16462520376704326
-0.1940769386992286
-0.19552946918179104
-0.18056848963185113
-0.1566603553503938
-0.1285471631017393
-0.09917771320285085
-0.07032770536524513
-0.04301198535916617
-0.017757760166958403
0.005215038445747833
0.059314280724142854
0.14802579153774098
0.24167332934765157
0.3318514073015467
0.4147885573548293
0.48793461177893654
0.5
0.5
0.5
0.5
0.5
0.5
0.5
0.5
0.5
0.5
0.5
0.5
0.5
0.5
0.5
0.5
0.5
0.5
0.5
0.5
0.5
0.5
0.5
0.5
0.5
0.5
0.480374545227581
0.3293683944482639
0.22818765962517645
0.13821154685386267
0.053697162728822634
-0.024406562439287738
-0.09398839781360724
-0.15298341055165632
-0.18867841445551636
-0.19400735105193523
-0.1813751363793612
-0.158792583858392
-0.1313625562748546
-0.10227195109834164
-0.07345276776172882
-0.04602171326864657
-0.020571717678557477
0.002635473033673008
0.05518001484320678
0.1435245495785643
0.2371532612580518
0.32748205994559854
0.41069575375233736
0.4842258098204033
0.5
0.5
0.5
0.5
0.01916912943124771
0.48402848839759827
-0.14037928730249405
0.6964070200920105
0.26135003566741943
0.4352027475833893
0.49261605739593506
0.09451764822006226
0.3069768622517586
0.03378656506538391
0.0003581717610359192
0.2125391736626625
-0.1367960199713707
-0.37640129774808884
0.35141098499298096
0.053393036127090454
-0.12279542535543442
0.3497391641139984
0.8795797824859619
0.1964770182967186
0.6379802525043488
0.645206093788147
-0.1135600524598574
0.30259136676805626
-0.3633888912858181
-0.1345896689468855
0.5423730612685381
-1.1780793710217683
0.16357849806941638
-0.8831770707058304
-0.007952010601989135
-1.2079122761518692
-0.6384975535689121
-0.5564235612035906
0.06346106393245288
-0.6250011551260488
0.16261835579437023
-0.3753276794375996
-0.3282874371734871
0.030069953770865798
-0.47591783067535426
0.10523018092339942
-0.4884359661210049
0.2504951690271828
-0.3240434692499519
0.04206759175291486
0.776159405708313
-0.6391186714172363
0.3569931089878082
-0.27886950969696045
0.6628621891140938
0.2707690969109535
0.2472085952758789
0.06055709719657898
-0.09670817106962204
0.48610246181488037
0.4328024983406067
-0.03270980715751648
0.13615576177835464
-0.2637235224246979
0.19750212877988815
0.3074168264865875
0.44188404083251953
0.4063166677951813
0.09431761503219604
0.1481303572654724
0.014994673430919647
0.01828169822692871
-0.11226772516965866
0.18367236852645874
0.3207598328590393
0.5487942397594452
-0.030534303889938608
0.1733967770616872
-0.016318031096299257
-0.29406095273219685
-0.09251518384541257
-0.6333255922217192
-0.4159720432833506
-0.5592605959308881
-0.8737215261791804
-0.30326601576581613
-0.7790916316898944
-0.22103643011444563
-0.9074030664837227
0.22723905694645596
-0.6885309897546303
-0.27791772840126117
-0.4999675570454619
0.13635533431780084
-0.2679299006204593
-0.41234345030205233
-0.3836103522451536
0.3697121445702507
-0.2805794186564523
0.6542207022998452
0.36491716653108597
0.3238297700881958
0.6256173253059387
-0.16754773259162903
0.510289192199707
-0.043351344764232635
0.6136281490325928
-0.15249597281217575
0.3866003155708313
0.4816291332244873
0.0396668016910553
0.17169544100761414
0.05470964312553406
0.3752861022949219
-0.0058126747608184814
0.6324906051158905
-0.05951040983200073
-0.1706448718905449
0.2878536880016327
-0.07808520644903183
0.4645558297634125
0.13983872532844543
0.005496598780155182
0.6918509006500244
0.13791963458061218
0.7617359459400177
0.13165592777213775
0.8662041610173972
0.011682464192600384
0.5891386246343677
-0.783589098440345
-0.3804872580642631
-0.5958254952795348
-0.8943573894636927
-0.5545460472173174
0.0002975038550384612
-0.8015769280451432
-0.7609711881659984
-0.6831530598084772
0.3789325753730587
-0.992302575436887
0.5314765483962096
-1.0337902545925401
0.3681654010854941
-0.9967852883950954
0.6363231109883246
-0.6853716750515362
0.9467653192025276
0.14722738926975476
0.12926433301608498
-0.28906041383743286
0.45501089096069336
-0.8460415378212929
0.6887858211994171
-0.05045994371175766
0.8097982704639435
0.5932211875915527
-0.35598549246788025
0.5275352373719215
0.3597736582159996
-0.0045019760727882385
0.737335741519928
0.26471006870269775
0.005080282688140869
-0.1586722955107689
0.5674338936805725
0.32737967371940613
0.5249960422515869
-0.12815015763044357
0.5015095174312592
0.3837202489376068
0.4311630427837372
-0.17318043112754822
0.5415220260620117
0.25577375292778015
0.6229904294013977
0.41347550489563084
0.5635269949875544
-0.1300453296170545
0.20717284321941953
-0.7810557079857796
-0.5830212329059347
-0.8358793306798269
-0.2167070376568463
-0.5571114437321953
-0.4425938837608593
-0.9544003178723308
-0.7294527113932043
-0.48993920653454925
0.15914905260486212
-0.5722210085181128
-0.2176682661101239
-0.7442206602758161
-0.3360093185583657
0.2855150095654991
-0.2561606859316967
-0.43805729147587513
-0.26846414628235643
0.0808763053110258
-0.6425220593810081
0.7879882454872131
-0.4906642660498619
1.0193205177783966
0.6159348860383034
0.07445783168077469
0.4511844739317894
0.03390836715698242
-0.2851484641432762
0.7211105227470398
0.4607531428337097
-0.7556125745177269
1.0000478029251099
0.19752079993486404
-0.13928645104169846
0.6301057040691376
-0.6672740578651428
0.8694779276847839
-0.3006614148616791
0.9502632021903992
-0.14819765090942383
0.8745187520980835
0.1513986513018608
0.40366315841674805
0.05291259288787842
0.9793975055217743
0.15536219626665115
0.9240696932973854
0.13348687499438155
-0.5190651450809856
-0.5355278448149254
-0.2850077596532886
-1.2286404768770298
-0.11452556638111022
-0.7658395297006775
-0.1702464989341177
-1.0315551534996321
0.6496538848835074
-2.1369954291267335
1.2749778917733243
-2.130378864650626
0.7350190811565697
-1.4355622392681036
0.4875655277289247
-0.8884310190254041
-0.09534650968087521
-0.624581851448772
0.737844224506079
-0.3625629342822788
1.5197947200457336
-0.5873049795627594
0.36808333545923233
0.8218057155609131
0.6121078804135323
0.5061181709170341
-0.2828640192747116
0.36056623607873917
-0.3423807621002197
0.27458763122558594
0.04934129863977432
0.40344518423080444
-0.7371690273284912
0.08997729420661926
0.3942078948020935
0.6498734131455421
0.7104373574256897
1.1208582744002342
0.5610492900013924
-0.09506294131278992
0.6441726684570312
-0.3126147389411926
0.669753223657608
0.35083138942718506
0.5149613618850708
0.11763885617256165
0.5402205288410187
-0.08040661364793777
0.4577771203839105
0.22799302986324377
0.4149586939632469
-0.3796475958243932
-0.7427354313345333
-0.9389868470780542
-0.1283472156216655
-0.4976247686483677
-0.5840951129234219
-0.17886245479799923
-0.4105324560796234
-0.32453873570489666
-0.6855062490017039
-0.09260390003395513
-0.7233791994795684
0.7202174882889631
-1.2031626122900783
0.7838651650462556
-0.866687449656421
0.007819021687059058
0.02465847428283674
0.04125299392296783
0.4536154266792181
0.25850605219602585
0.12080103158950806
-0.3942447528243065
0.5574022531509399
-0.344806544482708
1.1732486188411713
-0.7175223231315613
0.9923849701881409
0.3261622190475464
0.4585324823856354
-0.4166022315621376
0.31741848587989807
-0.6063637360930443
0.56938187032938
0.5053461864590645
0.9430576860904694
0.35356759279966354
1.0211058259010315
0.03461015969514847
0.15095072984695435
0.8419191837310791
0.4545821025967598
0.4143424555659294
0.5387588739395142
0.24513188749551773
-0.17926493287086487
0.12610191106796265
-0.12870508783490076
0.43283230777757986
-0.7297249616792635
0.0
