-0.5
-0.5
-0.5
-0.5
-0.3743596743111112
-0.39869005974945226
-0.4740222015895987
-0.3803785929188419
-0.46995142545145613
-0.4177287210356041
-0.5
-0.5
-0.5
-0.5
-0.5
-0.5
-0.5
-0.5
-0.5
-0.5
-0.5
-0.5
-0.5
-0.5
-0.5
-0.5
-0.5
-0.5
-0.5
-0.5
-0.5
-0.5
-0.5
-0.5
-0.5
-0.5
-0.5
-0.5
-0.5
-0.5
-0.5
-0.5
-0.5
-0.5
-0.5
-0.3361180395386538
-0.18921788630581937
-0.06859208807670347
0.04344456364145188
0.147587680650207
0.24128181844356067
0.3216653914297293
0.3646455458459227
0.3667210794022202
0.34481975827793665
0.30985041038816297
0.2687413603773069
0.22580071046153516
0.183622540597699
0.14368926099838353
0.10677081724311888
0.07318822455433793
0.042986626176438114
0.01604813000688321
-0.03091003064499892
-0.11329407478498854
-0.2019041892891228
-0.2885187083063998
-0.3694484263208688
-0.4421634120925232
-0.5
-0.5
-0.5
-0.5
-0.5
-0.5
-0.5
-0.5
-0.5
-0.5
-0.5
-0.5
-0.5
-0.5
-0.5
-0.5
-0.5
-0.5
-0.5
-0.5
-0.5
-0.5
-0.5
-0.5
-0.5
-0.5
-0.4828195703486193
-0.3339095732292243
-0.23389404058884222
-0.14471913250327884
-0.06074683355196153
0.017059271222330197
0.08658583555781285
0.14576227326067626
0.18471001708833845
0.19210787208792413
0.1807649501985974
0.1589613792734238
0.13197907500412298
0.10312363544400871
0.074405450295291
0.04699273095584078
0.021512013007485953
-0.0017532388293392542
-0.047538135818937455
-0.13586895297222135
-0.23099301926520593
-0.3231862449910833
-0.4083478664232901
-0.48380295558332326
-0.5
-0.5
-0.5
-0.5
-0.5
-0.5
-0.5
-0.5
-0.5
-0.5
-0.5
-0.5
-0.5
-0.5
-0.5
-0.5
-0.5
-0.5
-0.5
-0.5
-0.5
-0.5
-0.5
-0.5
-0.5
-0.5
-0.4992989296701076
-0.34108591065346555
-0.23818101942442504
-0.14737459579204587
-0.061988627171855215
0.017193789679639915
0.08806117430737337
0.14850942940085565
0.18787544820284618
0.19538251739322066
0.18396365839162188
0.16197926197664558
0.13476259262596257
0.10565152043978943
0.07667618941096654
0.04901641200859941
0.02330506842658331
-0.00017137247818155288
-0.047915740978538235
-0.13536218658239135
-0.22909992858055916
-0.31992713474827594
-0.40388075669645146
-0.47833779042099855
-0.5
-0.5
-0.5
-0.5
-0.5
-0.5
-0.5
-0.5
-0.5
-0.5
-0.5
-0.5
-0.5
-0.5
-0.5
-0.5
-0.5
-0.5
-0.5
-0.5
-0.5
-0.5
-0.5
-0.5
-0.5
-0.5
-0.4894613828524482
-0.33559034136430926
-0.23387979535525927
-0.8474357341297576
-0.29604958237962226
-0.4510079439858269
-0.25692270448868637
-0.3416788814189132
0.0392141234748532
-0.1365929142147393
-0.19372882194122032
-0.059375554277724785
-0.1505615128836375
-0.15105890150448975
-0.3287068617044199
-0.6034171001355889
-0.504976899413372
-0.4871469453002235
-0.24283489123508573
-0.5954954818586596
-0.40860984319842353
-1.0221275856305692
-1.0046806750029333
-1.0150774563032292
-0.8790849447250366
-0.9217593669891357
-0.7842761278152466
-0.8377816677093506
-1.0308587551116943
-0.4074987471103668
-1.0853447914123535
-0.5657131671905518
-0.855553388595581
-0.792519211769104
-0.9118642807006836
-0.19886276125907898
-0.8143517971038818
-0.7278333306312561
-1.2024924755096436
-1.0865710973739624
-1.3900012969970703
-1.457573413848877
-0.7603310942649841
-0.9933301210403442
-0.8660397529602051
-0.780354380607605
-0.8099609613418579
-0.6608262658119202
-1.0268841981887817
-0.4330432116985321
-0.8135575944410751
-0.4494857935714375
-0.8841435370074029
-0.4297131871474091
-0.3327031274406018
-0.43542154157183766
-0.2315732814148832
-0.2994674683204589
0.08402384376549743
0.28567472360470103
-0.1320506772973531
-0.3813948263920037
-0.1215039265759833
-0.030309953884118612
-0.29981216901216434
-0.2767826504509855
-0.05201156591104106
-0.26029715040523077
-0.44311367584785233
-0.47609492252866326
-0.49647065945435315
-0.633001221747703
-0.8296493072240996
-1.4847297728825501
-1.2833627462387085
-1.2492624521255493
-0.9812525510787964
-0.6836662292480469
-0.8166602849960327
-0.7908161878585815
-0.5439655184745789
-0.5085681080818176
-0.6195910573005676
-0.7584295868873596
-0.3483882546424866
-1.102355718612671
-0.456045001745224
-0.9216275215148926
-0.4183504581451416
-1.2043031454086304
-0.44138097763061523
-0.65353924036026
-0.38865283131599426
-0.6880331039428711
-0.6318851113319397
-0.8623703718185425
-1.0468271970748901
-1.3828470706939697
-1.268129587173462
-1.1849175691604614
-1.105347318042598
-0.5444910923798139
-0.2995227452731874
-0.38301046682183154
-0.29543430992160424
0.0938104121245632
0.045665580283817286
0.3880028284608673
0.29769828833377976
-0.1110346354381141
-0.019302978177237584
-0.0652058410026195
0.22065113692304428
-0.49313211982103555
-0.05528677735966725
-0.38392175969582576
-0.32175461168542885
-0.6849976540911972
-0.9336294100730582
-0.6293935666008708
-0.4354228181718306
-0.5950987575200941
-0.5335562841445645
-1.0802298201616645
-0.916093111038208
-1.3049110174179077
-1.1945692300796509
-0.8891722559928894
-0.4075316786766052
-0.6444553136825562
-0.6490422487258911
-0.5325139760971069
-0.5483105182647705
-0.6096300482749939
-0.4724021553993225
-0.7202178239822388
-0.4429638683795929
-0.8105674982070923
-0.5213537216186523
-1.290755033493042
-0.6271523237228394
-1.2375829219818115
-0.489592045545578
-1.0307694673538208
-0.587875247001648
-1.1829702854156494
-1.0425646305084229
-0.4004174470901489
-1.0883480310440063
-0.41546696424484253
-0.143470431624246
-0.7800484560194357
-0.2851396891661563
-0.5099493513029408
-0.2716112843089228
0.10305582495820875
-0.46835586290730113
0.024485986839765772
-0.2595286800544414
0.07093882080079272
-0.017776027634979874
0.13272548756174884
0.4940182480256181
0.0222176635942678
-0.25285452938603303
-0.3134486216072443
-0.12055697110964703
-0.21579416405391366
-0.5299586462305144
-0.33994721531320854
-0.4641044517663186
-1.19587504116796
-0.7062495383544928
-0.8528359532356262
-1.044386386871338
-1.166256308555603
-0.863537073135376
-0.7801284790039062
-0.5516635179519653
-0.5215235352516174
-0.20818498730659485
-0.41710996627807617
-0.30807262659072876
-1.0608104467391968
-0.8067290782928467
-0.5168670415878296
-0.7547445297241211
-0.8329883813858032
-0.34760770201683044
-0.4260931611061096
-0.37313392758369446
-0.6028879880905151
-0.6915987133979797
-0.4727039337158203
-0.47436848282814026
-0.22487685084342957
-0.29103726148605347
-0.12763074040412903
-0.31353041529655457
-0.24567553400993347
-0.7433689677975943
-0.683824021359656
-0.4909751378145839
-0.43312950908490394
-0.12979322429673057
-0.3298654092032336
-0.15308563545584397
0.16575092170114136
0.31385729297160947
-0.3900635233819907
-0.07195821903010113
0.042564579614610354
-0.1887739156502346
0.08416751145177925
-0.026994292532109276
-0.042870777412330585
-0.4527488747207208
-0.46590278695506826
-0.42996475334710077
-0.5430150460688488
-0.8111274633646361
-0.7012297001602052
-0.775975970735962
-0.6739288568496704
-1.1785428524017334
-1.1427083015441895
-0.059176355600357056
-0.48252180218696594
-0.4724104702472687
-0.2667175233364105
-0.8018003702163696
-0.40394270420074463
-0.4874989092350006
-0.302804172039032
-1.0454411506652832
-0.19088944792747498
-1.4788891077041626
-0.29972773790359497
-1.0511558055877686
-0.5014169812202454
-0.5948183536529541
-0.5040168762207031
-0.27151697874069214
-0.5125619173049927
-0.4103933572769165
-0.32435640692710876
-1.3429529666900635
-1.0226832628250122
-0.6790054440498352
-0.9487806558609009
-1.1843412855509032
-1.0376636881754702
-0.5204774648648673
-0.2101805677996661
0.16804272955113864
0.21032221244884142
0.49279838469879533
0.609476010311798
0.6888415880217689
0.6150097022567728
0.2991313569085384
0.07692319711856366
-0.01690757581836899
-0.5715616112447479
-0.40178019739908233
-0.06873641528330088
-0.19911029052564333
0.23553660208851762
-0.3000461789791321
-0.2921586966693703
-0.4375668922970378
-0.7479041916275366
-0.8139392435298582
-0.8332730531692505
-1.099699854850769
-0.5701864361763
-0.8949517607688904
-0.506083071231842
-0.3717166781425476
-0.30342620611190796
-0.6250326037406921
-0.6282225847244263
-0.46338093280792236
-0.6228205561637878
-0.6486505270004272
-0.6678053140640259
-0.5316318273544312
-0.4962804317474365
-0.26888400316238403
-0.6742544174194336
-0.5287065505981445
-0.7060017585754395
-0.2797195017337799
-0.43961042165756226
-0.3949722647666931
-0.6903184652328491
-0.6775495409965515
-0.8428488969802856
-0.6099860072135925
-0.6446000337600708
-0.6753812330097501
-0.38508570694244315
-0.44985857144895447
0.31045552882717714
-0.4235620620616465
-0.335933177056037
-0.21696038688893793
-0.047208877830535734
-0.4170340644242214
0.6104926199696624
0.15337824857991944
0.4666436454745796
0.0730659277482757
-0.3466020631075708
-0.014068015257710176
0.40572097954436825
0.07523915296159311
-0.20902027932838563
-0.13311356927122453
-0.792789353619599
-0.5787064446859069
-0.23376663353404264
-0.32276206661124285
-0.33240777254104614
-0.15628689527511597
-0.5200581550598145
-0.5577449798583984
-1.0304594039916992
0.0
