0.0
-0.04799999999999993
0.0
-0.10119082666666668
-0.015433967502222312
-0.09652654552253653
0.0
-0.14274708319899598
0.0
-0.18385054642170712
0.0
-0.2733010655751391
-0.13151630552482996
-0.5229652349581468
-0.41560879302122283
-0.6678289931280024
-0.7479304043528173
-0.8278306047794297
-0.853038216024649
-0.845229830441472
-0.8184732604953938
-0.7817925645324141
-0.7408812220033175
-0.6992447324941836
-0.6589612473677643
-0.6211866788329108
-0.5864890325116855
-0.5550687416729245
-0.5269030255117101
-0.5018397181850612
-0.47965758539706904
-0.4601044962052733
-0.4429210336125062
-0.42785459402419657
-0.38149069098833016
-0.30233307090802797
-0.18099369383987646
-0.03991656891654824
0.0
0.1846549209444614
0.36503699776474424
0.4994145801197337
0.618552050217946
0.7258435703768104
0.8193458833186666
0.8700349353313306
0.8763825177992562
0.8565638518677566
0.8223096932840698
0.7810867177577431
0.7375528000927046
0.6945267393723668
0.6536330456984685
0.6157294519764438
0.5811892966251199
0.5500871025772749
0.47556492325206484
0.3792503843265868
0.28068322283883007
0.1862218913319078
0.09927764849913187
0.022388543718354137
0.0
0.0
-0.06746357204373762
-0.17944029250404686
-0.2661388232297933
-0.3470247047414333
-0.4240389633094952
-0.49561485675835093
-0.5596621914727993
-0.6142405725098593
-0.6577406553509686
-0.6704739490314746
-0.6631699707155472
-0.6444758619618489
-0.6199275323393169
-0.593007733126614
-0.5658515737729934
-0.5397160428961646
-0.5152916750338602
-0.46898419068748726
-0.3743870690532191
-0.2721420438193618
-0.17314374256100806
-0.08186926709934136
-0.0011822300235633104
0.0
0.019154664980569197
0.16500217200898828
0.26412795660049293
0.3531146015534001
0.43727400081381373
0.5155495016515824
0.5857782620353895
0.6458452648636819
0.6896471331699155
0.6996691465788397
0.6895361188222876
0.6680648895427101
0.6408882563562813
0.611539203637539
0.5821736841612583
0.5540514769295634
0.5278552448905922
0.5039014882645011
0.4738821943847797
0.3903909702629694
0.2970467055542894
0.20521433958429913
0.11936084016233095
0.04228468058756629
0.0
0.0
-0.14931306045510864
-0.2566944811198819
-0.34896546099800413
-0.43531932547183094
-0.5154690366070828
-0.5873754437657177
-0.6489171332077268
-0.6906436197426418
-0.6994110934366795
-0.6885564247540326
-0.6667055574538613
-0.6393652138325299
-0.6099855373674843
-0.5806684233842183
-0.5526387094202644
-0.5265567715300506
-0.5027251642168836
-0.455250916515457
-0.36843396079670643
-0.2752834176593427
-0.18490593520617493
-0.10123776178523315
-0.026893891771775563
0.0
0.003805998607373129
0.15826435673405273
0.25956496904515314
0.34928633424458316
0.4337894141494767
0.5122446496629458
0.5825463396910915
0.6426024544456114
0.68371944115477
0.6924263985703151
0.68183440202866
0.6604237415617773
0.6336085028758153
0.6047811073605119
0.576008581132193
0.5484957263532145
0.5228924015045538
0.49949665066207505
0.4472068779946706
0.35906751366476447
0.2655735608041921
0.17530268344208344
0.09206874458441229
0.018442046485145663
0.0
-0.027376277250688863
-0.17407607323896346
-0.27386811483896684
-0.3630294272329767
-0.4468317741473293
-0.5242460205410437
-0.593161788929727
-0.6515308304843977
-0.6871268391988383
-0.6924641631489211
-0.6799026893747488
-0.6574242739439763
-0.6301134436441288
-0.601145745153535
-0.5724463907751441
-0.5451282551450911
-0.5197823250509495
-0.4966695893404635
-0.43978877426210194
-0.3508700926695941
-0.25757652319220103
-0.16787967185855684
-0.08544685941695869
-0.012793424786045754
0.0
0.0411776647433191
0.18309703798550925
0.2818601919294848
0.3705697413363005
0.4538486733256831
0.5305519945505224
0.5985696606262785
0.6558820479345143
0.6883250167996451
0.69176984323343
0.678132775226134
0.6551017291002249
0.6275672577210843
0.5985775901062332
0.5699749803746276
0.5428187904620525
0.5176659738267277
0.49475631402842424
0.4335544050561943
0.3438040769657431
0.25057749071646257
0.16129404828136384
0.0794895634455291
0.007631500226358293
0.0
-0.05478065053950215
-0.1917414259793865
-0.28937058588199005
-0.377552318871108
-0.4602530726625971
-0.5362112707477136
-0.6033174024469665
-0.6595803230179822
-0.68913959182627
-0.6908655822257227
-0.6762632957773722
-0.6527483265383677
-0.6250316559038186
-0.5960437696013458
-0.567550309831044
-0.5405613161057301
-0.5156024609496356
-0.4928941178712919
-0.4279752024662651
-0.33746240845515857
-0.2442450474047198
-0.15527805798087596
-0.07398699137439611
-0.0027990439188098765
0.0
0.06712112206353094
0.1996217206305755
0.2962431031785828
0.3839628316156251
0.46615400084062386
0.5414493130887127
0.6077393861841062
0.6630585461344253
0.6899878527405235
0.6901417527482225
0.674652248902128
0.6506878827028513
0.6227966765138186
0.5938022205681674
0.5654005635516653
0.5385569051424903
0.5137684473454525
0.4912378675719097
0.4226981419678798
0.3314790682348474
0.2383083548710026
0.14968036761336106
0.06891102775388316
0.0
0.0
-0.07857635158139803
-0.2071010252755733
-0.30285990009269664
-0.39019477406258296
-0.4719404730547932
-0.5466340142399817
-0.6121668178229072
-0.6665974857963307
-0.6908877034415609
-0.689461981866202
-0.6730789825732345
-0.6486599410630168
-0.6205897300023611
-0.5915848982628373
-0.5632717875344078
-0.5365706679342035
-0.5119501989224915
-0.4895953031989587
-0.41712181313277624
-0.32509942383840834
-0.23193671705330515
-0.1436347166640134
-0.06339256115974479
0.0
0.0
0.08822026440574066
0.21353676810405883
0.3086341034157237
0.395686136944232
0.4770846106514084
0.5512877843346544
0.6161881071932491
0.669864947219342
0.6917740897217072
0.6889200011149622
0.6717259599877181
0.6468909990099315
0.6186533658411472
0.5896333777946882
0.561394680656316
0.5348171084861706
0.5103436097100624
0.4881430924105192
0.41193019192720864
0.31913303750071076
0.225963663571496
0.13795611304889005
0.05819925627884759
0.0
0.0
-0.09719386142422501
-0.2195440009409896
-0.31403465296381805
-0.4008293072727271
-0.48190876031788565
-0.5556582128287055
-0.6199711001868046
-0.6729461382453864
-0.6926194154365481
-0.6884235142575604
-0.6704670380273757
-0.6452405289531131
-0.6168446517517443
-0.5878094209914038
-0.5596396442650651
-0.5331772031682405
-0.5088409102325167
-0.48678463632146657
-0.4070969748321707
-0.3135762475389786
-0.22039679429522224
-0.13265951686751004
-0.053351046689709275
0.0
0.0
0.105655087683489
0.22521296128018453
0.319134235902564
0.40568839551675445
0.48646902090090954
0.5597924222607563
0.6235529136499229
0.6758674020022826
0.6934311186235746
0.6879686014024701
0.6692918310188395
0.6436948123246622
0.6151485080814103
0.586097796725211
0.5579920086329149
0.5316372360186763
0.5074295267418307
0.4848155280333026
0.40217922398005784
0.3080853442471786
0.21496395618811265
0.1275430017276326
0.04871855438316092
0.0
0.0
-0.11388511815906846
-0.23069724660630228
-0.32405014087584455
-0.4103605129269035
-0.49084328522972115
-0.5637474517157639
-0.6269681703792064
-0.6786400328644632
-0.6941831360183156
-0.6875084944567172
-0.668143474687924
-0.6421935148895973
-0.6135051483987516
-0.584441589369751
-0.5563989630837053
-0.5301490469077498
-0.5060660698595945
-0.47862059849176924
-0.39508639761127173
-0.30108900539218586
-0.20843189665971618
-0.12169432258044215
-0.04371930441969479
0.0
0.0
0.12313511921619749
0.23675795249593187
0.32942316981312036
0.4154277529750104
0.4955537283175352
0.5679731818456207
0.6305820251308093
0.6803469363635328
0.6942481752385993
0.6866119099314578
0.6667235561683451
0.6405285525075045
0.6117681187959202
0.5827365857730623
0.5547854094947293
0.5286577450764076
0.5047097919328477
0.47239442821603306
0.38796509601182044
0.2940758370599611
0.20189643756640252
0.11585563488034546
0.038742697348585875
0.0
0.0
-0.13269388902131873
-0.24311358267680722
-0.33512221605486775
-0.4208545028870229
-0.5006498552735752
-0.5726008673140551
-0.6346034022546005
-0.6818785176310171
-0.6942603682585877
-0.6857362599793891
-0.6653667669852167
-0.6389486676852507
-0.6101253545394998
-0.5811271912020293
-0.55326417032166
-0.5272528948604668
-0.5034328531437501
-0.4664951114697382
-0.38123325126702157
-0.28746544223849824
-0.19575637669498364
-0.11039085673471574
-0.03410667744021016
0.0
0.0
0.141750951801159
0.2491589194267414
0.34055810835447486
0.42604201661142593
0.5055320260723795
0.5770455094008604
0.6384781667546878
0.6833793626881278
0.69431080830523
0.6849375113912611
0.6641061721741429
0.6374721400585823
0.6085857206605956
0.5796163943173192
0.55183467490864
0.5259318713112029
0.5022315408343548
0.46087279179444435
0.3748204940427575
0.2811749449091278
0.18992082084612338
0.10520490295686735
0.029715631413284205
0.0
0.0
-0.15035654111708643
-0.25490224924899246
-0.3457218519780679
-0.4309692242717343
-0.5101685438674927
-0.5812657300674735
-0.6421563520432143
-0.6848007957770901
-0.694353650297851
-0.6841734282586005
-0.6629034456486446
-0.6360645621234214
-0.6071185661607585
-0.5781770456957044
-0.5504729771277627
-0.5246736207266335
-0.5010873887707044
-0.4555050320142313
-0.36869699617834206
-0.2751675297635263
-0.18434730468832403
-0.10025128216713866
-0.02552077282581082
0.0
0.0021503975378976414
0.15851145513269305
0.2606274559486208
0.35091113352778625
0.4358845614964847
0.5147404662249382
0.5853684456501533
0.6456683688104279
0.68607565573394
0.6942676166526232
0.683296303518622
0.6616017476982377
0.634570452530675
0.6055758368448428
0.576671745578937
0.5490537618016134
0.523365232105454
0.49989954752639776
0.4501821683901019
0.3626319997282752
0.2692148999244328
0.1788198415468225
0.09533284077696977
0.021349010981295546
0.0
-0.014282894834773713
-0.16625387264374622
-0.26738020064116574
-0.3572124312954505
-0.44168822495290355
-0.5198960311074753
-0.5897253878933864
-0.6491010551677228
-0.6869275989892623
-0.6935760563574993
-0.6817328437226299
-0.6595958062117007
-0.6323916885736187
-0.6033891051605045
-0.5745736612937309
-0.547096965860336
-0.5215744385171923
-0.4982821065053962
-0.44500426085892375
-0.35676048223204765
-0.2633900500525478
-0.17332881591471438
-0.09035494182235776
-0.01702424802246122
0.0
0.026588602242377884
0.1740875074365343
0.27419745383419414
0.3635617006256455
0.44752447696833286
0.5250684913718375
0.5940833405747017
0.6525191160784636
0.68775235651113
0.6928511350459989
0.6801338399483998
0.6575545624402702
0.6301792697114043
0.6011711165833933
0.5724470541824102
0.5451144607617865
0.5197606758783061
0.49664427666887917
0.44004648313192885
0.35114442784963906
0.2578069980300842
0.16805035454028233
0.08555276118632454
0.01283349779532729
0.0
-0.03832507247020964
-0.18151655154565144
-0.28063436732891933
-0.36953513853602893
-0.45299462224792575
-0.5298944767988695
-0.5981245485267094
-0.6556592756568
-0.6884532517822181
-0.6920975950967543
-0.6785630608683152
-0.655573535615192
-0.6280431820144533
-0.5990356130790051
-0.5704030066626659
-0.54321103623125
-0.5180205879534365
-0.4950738210731801
-0.4352788797466779
-0.34573901359336046
-0.252428956477084
-0.16296149514966357
-0.08091893448655946
-0.008785479420811829
0.0
0.049589843064182404
0.18863021270242372
0.2867873553856673
0.37523735839939204
0.45820924364329196
0.5344875362009567
0.6019623461193367
0.6586315051638673
0.6890998469644967
0.6913584317722458
0.6770461522110222
0.6536671451195973
0.6259906734531023
0.5969853452658702
0.5684415255398496
0.5413850963968199
0.5163517109976928
0.4935678742553678
0.43071650600484296
0.3405665536359737
0.24728236346713486
0.1580911902851319
0.0764836229939699
0.004910336377267149
0.0
-0.06038071886698235
-0.195446266291264
-0.29268409660098854
-0.380703058148677
-0.4632085271254055
-0.5388919820315332
-0.6056437705015871
-0.6614841189202302
-0.6897238116045374
-0.6906542428370459
-0.6755963669824502
-0.6518437891587818
-0.6240269487056515
-0.5950234307362489
-0.5665643765307044
-0.5396375421426899
-0.5147544023953347
-0.4921264609473448
-0.4262686206815936
-0.3355242130043951
-0.24227104725413273
-0.1533558368879812
-0.07217861493481229
-0.0011569860714496921
0.0
0.07092720152707013
0.20212444673002608
0.2984707308039243
0.3860723110432079
0.4681241066408712
0.5432269395683209
0.6092714869368493
0.6642999520681588
0.6903406986592932
0.6899606248590525
0.6741670084323924
0.6500457440794408
0.6220903072832609
0.5930884790835393
0.564712969640671
0.5379139187547005
0.5131789458370932
0.4907047532974946
0.42139929811994764
0.3299956185350651
0.2367988504282752
0.14821390940882567
0.06753567228165253
0.0
0.0
-0.08029156266674212
-0.20830256876766204
-0.3039724814514563
-0.3912769948045127
-0.4729758281173439
-0.5475925091900189
-0.6130186134006251
-0.6673164134587798
-0.691123646054295
-0.6894057943250925
-0.6728545883573677
-0.6483468883023021
-0.6202382575692456
-0.591225984898186
-0.5629238423026313
-0.5362439737552483
-0.5116498543100195
-0.48932316143677834
-0.4164063607057313
-0.32426811835203273
-0.23107972205369876
-0.14279217314609094
-0.06259300582955737
0.0
0.0
0.0890139173616489
0.21412187385431114
0.30919220992232443
0.3962396731838017
0.4776232425140024
0.5517952532580148
0.6166482546632159
0.6702633408814158
0.6919169540862677
0.6889075408235539
0.6716233217363239
0.6467400760619652
0.6184806840094959
0.5894553565331153
0.5612211367414961
0.53465358388222
0.510192913433428
0.4880063175848406
0.4116433236765168
0.3187942573615018
0.22560288256881564
0.13758910167033545
0.05783863529751655
0.0
0.0
-0.09742151176974295
-0.21973962354460053
-0.31423656551848933
-0.40103976165036187
-0.4821224186396015
-0.5558682778239721
-0.6201707723069296
-0.6731290829642644
-0.6927017117939609
-0.688443520660628
-0.6704498134905749
-0.6452022964609992
-0.6167957818667243
-0.5877564239840211
-0.5595864982238707
-0.5331262376557244
-0.5087933926772827
-0.48674115978897536
-0.4070912495226207
-0.31356435335773086
-0.2203704499270835
-0.13261826624174156
-0.05329640304390286
0.0
0.0
0.1054679811848322
0.22511851185233012
0.3190678088892879
0.4056379604200211
0.48643315074727206
0.559771502808417
0.6235472980785319
0.6758770287456973
0.693455711288636
0.6880008848787305
0.6693272285005197
0.6437305180929559
0.6151828704429724
0.5861299084098153
0.5580214358236327
0.5316638399048271
0.507453346718972
0.48509685155285454
0.4024970962778168
0.30838635848112
0.21523061970838545
0.12776643980489116
0.04889295206271471
0.0
0.0
-0.11329929574979564
-0.2303396911529389
-0.3237492206059321
-0.41008798276101355
-0.4906000586836402
-0.5635395626839054
-0.6268015967255717
-0.6785194972158317
-0.6941720414230734
-0.6875617868060514
-0.6682320952059856
-0.6422989859160919
-0.6136159600250407
-0.5845507919435984
-0.5565025666611092
-0.5302449602519282
-0.5061533998048843
-0.47916222037612
-0.39570168042069853
-0.3016839629133732
-0.20897384028920526
-0.12216520685600617
-0.04410630249593546
0.0
0.0
0.12220627684371274
0.23616476338280976
0.3289064590640405
0.4149466666143509
0.4951119446003225
0.5675822762497106
0.6302535183259398
0.6802405903768073
0.6942761085984369
0.6867170706063352
0.6668693307397443
0.640691825879426
0.6119346451368114
0.5828979067239537
0.5549368074706228
0.5287968883879312
0.5048358417390875
0.47305947405650617
0.3887230045641672
0.2948152953077541
0.20257764327362704
0.11645582629677648
0.03924519410055052
0.0
0.0
-0.13160304320087363
-0.2424052041916953
-0.33449724627157523
-0.4202665086864664
-0.5001040278577585
-0.5721116230025715
-0.6341851504190101
-0.6817289664117934
-0.6942741190513423
-0.6858447924466482
-0.6655260212317832
-0.6391307486030794
-0.6103129974475182
-0.5813100762149098
-0.553436473629897
-0.5274116668453739
-0.5035769485644765
-0.4672216525219529
-0.3820604999794751
-0.2882730199200798
-0.19650108054916746
-0.1110478779994187
-0.034657781129314974
0.0
0.0
0.1405883351370221
0.24839546082616296
0.33987925573701483
0.4253995486651665
0.5049321930145122
0.5765043219673704
0.6380116393216629
0.6832066165035036
0.694317000873549
0.6850479399750508
0.6642727629713923
0.6376644217144762
0.6087848017606197
0.5798109521657809
0.5520182900433218
0.5261012616552907
0.5023853965793881
0.4616340190643348
0.375687775730733
0.2820228041990367
0.19070403142223935
0.1058973557220715
0.030298049505634778
0.0
0.0
-0.14915758721062197
-0.25411119115572034
-0.34501616288999365
-0.4302997446925815
-0.5095420443415896
-0.5806990132976764
-0.6416662273772125
-0.6846170750254068
-0.6943567081842015
-0.684285434399745
-0.6630742986419
-0.6362624919505976
-0.6073238638529846
-0.578377886852918
-0.5506626464458213
-0.524848673133055
-0.5012464359980559
-0.45627883247871814
-0.36957900236076313
-0.27603077755462974
-0.1851458649351592
-0.10095852232053486
-0.02611695732935304
0.0
0.00033853995875843257
0.15735999207664841
0.2596261898336082
0.3499789483862925
0.43502793028342734
0.513981478903921
0.5847291992760651
0.6451672417387563
0.6859549455565964
0.6943742202424669
0.6835311099286699
0.6619014061484559
0.6348951991451435
0.605901379091683
0.5769838626725502
0.5493447216097479
0.5236314217737221
0.5001399140071376
0.4511199741248746
0.36369532150073824
0.2702589300088464
0.1797909390351123
0.09619911075566276
0.022086411439865575
0.0
-0.012123666171090203
-0.16489293015574583
-0.26620421561427177
-0.3561231499554384
-0.4406924594992359
-0.5190192748863233
-0.5889931074281947
-0.6485342519743927
-0.6868039548715544
-0.6937164926223106
-0.6820215109835336
-0.6599587239045237
-0.6327824840304556
-0.6037795072920338
-0.5749471765656686
-0.5474446825546695
-0.5218922529299135
-0.4985688979040463
-0.4458878076674667
-0.35776201212317377
-0.26438539818973006
-0.17426935124243842
-0.09121000869149543
-0.01776975631816191
0.0
0.024439275621600948
0.17272464761872966
0.27301492962036333
0.36246294484713826
0.44651690094484364
0.5241780135141918
0.5933358577739029
0.6519360906413454
0.6876169929225957
0.6929829814901485
0.680416111603353
0.6579126388277213
0.6305663381367697
0.6015586014394184
0.5728182495467501
0.5454603053941038
0.5200769596454766
0.49692980211673804
0.44091822248424384
0.35213180718278114
0.25878795349484063
0.16897706421897013
0.08639507851792141
0.01356773870263521
0.0
-0.03624473717294549
-0.18020404040565546
-0.27949992882856706
-0.36848443718757223
-0.4520343614586077
-0.5290493045351154
-0.5974190596933626
-0.6551137409882143
-0.6883360723522792
-0.6922355747818626
-0.6788441663433799
-0.6559262327179883
-0.6284226402181254
-0.599414509548899
-0.570765408830651
-0.5435483432344196
-0.5183288476148852
-0.4953519646748421
-0.4361287204475756
-0.3467025345120182
-0.2533872179890716
-0.163867772588771
-0.08174368435106752
-0.009505436011902263
0.0
0.047565336586268936
0.18735349540112853
0.2856841693158904
0.37421579436898017
0.4572757664321154
0.5336660834861635
0.6012768073076475
0.658101564591232
0.688986062879561
0.6914925378637504
0.6773193043056638
0.6540098455906995
0.6263593682892905
0.5973534898315913
0.5687936412461471
0.5417128276457454
0.516651218523559
0.4938381201391969
0.43153863891364225
0.341498483007552
0.24820924674856343
0.1589678804515104
0.0772815560598253
0.005607010003202115
0.0
-0.058425132061191265
-0.19421209295974148
-0.29161707333250136
-0.37971453618809103
-0.4623048245482161
-0.5380962883797409
-0.6049792310334635
-0.6609698192931687
-0.6896123201711978
-0.6907827483566623
-0.6758595478204228
-0.6521743913335875
-0.6243828192483759
-0.595378874196015
-0.5669044049864062
-0.5399540603552413
-0.5150436858488174
-0.49238749654084973
-0.4271427361417363
-0.3365152441047234
-0.2432515495473433
-0.15427697087782338
-0.07301026425223563
-0.0018758409452484803
0.0
0.06882366734541254
0.20078012984387336
0.29729910511184326
0.3849811010838023
0.46712184480891494
0.5423400231431152
0.6085261704628576
0.663718035922229
0.690213019896521
0.6901036683552559
0.6744620505386663
0.6504169649107948
0.6224901777345906
0.5934880197736782
0.5650952706808284
0.5382698403282221
0.5135042758149626
0.4909983370377806
0.42240922605428
0.33114799328256034
0.23794559957436828
0.14929761915115683
0.06852043457102368
0.0
0.0
-0.07852909690179932
-0.20712499027047834
-0.3029151062345761
-0.39027081362872357
-0.4720327091489306
-0.5467387023629529
-0.6122801846621272
-0.6667156383287336
-0.6909590431366263
-0.6895029390372729
-0.6731004488443268
-0.6486691087542884
-0.6205913241681896
-0.5915820014720652
-0.563266391621387
-0.5365640427594118
-0.5119431385329501
-0.48958828988729053
-0.41738176359993095
-0.3253886591740689
-0.232199471999559
-0.14385436041005506
-0.06356192587747794
0.0
0.0
0.08730199199918087
0.2129801700231174
0.3081684224060881
0.3952665140664605
0.4767121029726853
0.5509714996815728
0.6159370605657407
0.6696861840728144
0.6917621014008576
0.6890059207939984
0.6718653920323819
0.6470557331755497
0.6188258477876695
0.5898030252155403
0.5615554344242203
0.5349658095333227
0.5104789273902834
0.4882648206500964
0.41257587396097695
0.31986601924523866
0.22667541043480383
0.13860822863425937
0.058770097462662416
0.0
0.0
-0.09576951781916324
-0.21863565922879138
-0.3132451792818679
-0.4000962917889859
-0.4812379961500597
-0.5550675128814108
-0.6194781042216387
-0.6725654000846986
-0.6925468643508638
-0.6885340399366674
-0.6706797647748123
-0.6455038647832302
-0.6171263076240616
-0.5880897584511473
-0.5599072507069164
-0.5334259568207905
-0.5090680403669391
-0.4869894474355673
-0.4079854737993002
-0.31459159069085857
-0.22139797681715667
-0.13359420369805813
-0.05418796975155071
0.0
0.0
0.10388627758995317
0.224061428179122
0.3181185111121455
0.4047345734097142
0.4855863533474408
0.5590048738057114
0.6228842484253727
0.6753375654660547
0.6933079915500493
0.6880882460769665
0.6695481495547357
0.6440200121380841
0.615500059368868
0.5864497377519073
0.5583291611168543
0.5319513668209976
0.5077168099678547
0.48576791154032417
0.4035877379953918
0.3095390703858534
0.2163432315242998
0.12879241971539257
0.04980047197059967
0.0
0.0
-0.11165592815494682
-0.22925423520100957
-0.3227819480005286
-0.4091725467296662
-0.48974638261591014
-0.5627711141524256
-0.6261416805578897
-0.6779878921431137
-0.6940336744103321
-0.6876589744795468
-0.6684627001421742
-0.6425976673897492
-0.6139416544537036
-0.5848783656423617
-0.5568172613757972
-0.5305387066654229
-0.506422379230173
-0.48041036067846077
-0.39712933664101735
-0.3030894648226305
-0.21028304133593437
-0.1233342463356327
-0.045102127173540285
0.0
0.0
0.12031420188442127
0.2349187305001893
0.3277975958774754
0.4138976497024101
0.4941336397686285
0.5667012613711506
0.6294962563475077
0.6799725106727459
0.6943051494099811
0.6869183907243673
0.6671626723143957
0.6410263920775582
0.6122790116906026
0.5832333037124882
0.5552526559615365
0.5290878443539551
0.5050998463493589
0.47427402923468653
0.3901122616581363
0.2961834263001276
0.20385251440341307
0.11759468490396768
0.040215781114703725
0.0
0.0
-0.12972959244756327
-0.2411608445003462
-0.33338196663907055
-0.41920467762260377
-0.49910689488261967
-0.5712060566858824
-0.6333980514022001
-0.681427257919695
-0.6942687515213385
-0.6860127170531212
-0.665787983662749
-0.6394364520598278
-0.6106312023158358
-0.5816220051665354
-0.5537314284775718
-0.527684124076174
-0.5038246423451743
-0.4683723370541864
-0.3833725081149591
-0.28955987801084093
-0.19769480157192254
-0.11210867453290269
-0.035555953919841676
0.0
0.0
0.13881803941410717
0.24721366291892607
0.3388164999219793
0.42438528841824064
0.5039775770211652
0.5756351996491412
0.6372538918939662
0.6829130187911476
0.6943069934306793
0.6852039762337901
0.6645191112048318
0.6379530012831807
0.609085731700854
0.5801062550455388
0.5522977071302252
0.526359479643459
0.5026202169930666
0.4627397643136296
0.3769489271355424
0.28325956133308366
0.1918509253493802
0.1069161258116183
0.03116016328570846
0.0
0.0
-0.14746365542620618
-0.25298172480504744
-0.34400132781431125
-0.4293318633897275
-0.5086316920426992
-0.5798708377273422
-0.6409448993455763
-0.6843391469075579
-0.6943495838823661
-0.6844367634966732
-0.6633117078155704
-0.6365400424310087
-0.6076130147027017
-0.5786614752153884
-0.5509308865456076
-0.5250965049365096
-0.5014717751995054
-0.4573382682559807
-0.370787588659898
-0.27721634311572796
-0.1862456677207357
-0.10193585849827491
-0.0269444321067515
0.0
0.0
0.15574512434366083
0.2585045205768413
0.34896423619367817
0.4340656447305845
0.5130845883280974
0.5839222929150619
0.6444742367727002
0.6857003949521486
0.6943865878109883
0.6836988300272817
0.6621526960670998
0.6351845721354906
0.6062006460149832
0.5772761389306343
0.5496204448656675
0.5238857138841251
0.5003708405318483
0.4521650632923547
0.3648863330254297
0.2714276484274721
0.18087585756200025
0.09716412236373786
0.02290450545372595
0.0
-0.009739292941168265
-0.1633709616976341
-0.2648765477415066
-0.35488405623089964
-0.4395510451378416
-0.5180051365091539
-0.5881358549244594
-0.6478586049423871
-0.6866358066478514
-0.6938518980268675
-0.6823284144097334
-0.6603526876291783
-0.6332104818504892
-0.6042091197834473
-0.575359401892201
-0.5478291654963127
-0.5222441297132712
-0.4988867192815421
-0.44683924720582324
-0.3588407424668548
-0.2654595788191786
-0.17528687704095153
-0.09213773819334321
-0.018581485040208442
0.0
0.022123651081948748
0.17124660592598098
0.2717262684103233
0.361261050811228
0.44541054609008435
0.5231958294961981
0.5925064712435313
0.6512833694173589
0.6874553374574304
0.6931150057279818
0.6807140117535899
0.658294700104392
0.6309812482301396
0.6019749924110902
0.5732177393365588
0.5458328799960059
0.5204179192612934
0.4972377509704062
0.44184887590020094
0.3531855083176688
0.2598349849649624
0.16996651375534078
0.08729479781107105
0.014352445638546332
0.0
-0.03405170438496738
-0.17881854372924483
-0.2783012472323491
-0.3673734373223435
-0.451018292122101
-0.5281543088922923
-0.5966712212638584
-0.6545345811543134
-0.6882106798696973
-0.6923805325117077
-0.6791408237341423
-0.6562988253287206
-0.6288236817125957
-0.599815054087708
-0.5711485732470313
-0.5439050093108694
-0.5186548209082205
-0.49564610518898944
-0.4370235217312776
-0.34771740351858993
-0.25439722498457773
-0.1648237239177694
-0.08261439928019637
-0.010266315635168458
0.0
0.045449166729867874
0.18601779087194273
0.2845292481127995
0.3731457643308801
0.45629748843752366
0.5328046725486347
0.6005573292377412
0.6575446908138037
0.6888654028059359
0.6916317747562878
0.6776043802523584
0.6543679283046296
0.6267448087594919
0.5977384617713931
0.569161914094764
0.542055635250236
0.5169645279676883
0.494120834788059
0.4323945679686976
0.34246879170137656
0.24917465662787314
0.15988142437703656
0.07811347020671304
0.006333820465366277
0.0
-0.05639918157050339
-0.19293230430268846
-0.2905098299062567
-0.37868817849809977
-0.46136599993169414
-0.5372691130543858
-0.6042877772999287
-0.6604339556410009
-0.6894949308966198
-0.6909147567276455
-0.6761315720592515
-0.6525165784717147
-0.6247513815351333
-0.5957471142453374
-0.567256745273629
-0.5402820819958097
-0.515343509809742
-0.49265806056786277
-0.4279628506287746
-0.33744490379916414
-0.24417639658736243
-0.15515199858817535
-0.07380696588961806
-0.0025717422245788296
0.0
0.0668841239562637
0.19955509357691228
0.29623935020628145
0.38399885833734493
0.46622346845870444
0.5415485914096874
0.607864718053076
0.6632055715638108
0.6901010963505674
0.6902304360484091
0.6747228051605498
0.6507448423685231
0.622843265490256
0.5938407652657637
0.5654327658166541
0.5385840294635303
0.5137914488428621
0.4912574799430965
0.4232966059008657
0.3321542037374421
0.23894008472730574
0.1502306019045695
0.06936138166439351
0.0
0.0
-0.07700277436349526
-0.20610117830823582
-0.30199340891121473
-0.38939210882347924
-0.4712076487930983
-0.5459903517095916
-0.6116314467667373
-0.6661861304911317
-0.690811753684234
-0.6895851494718117
-0.6733131795676265
-0.6489489868153636
-0.6208984748105866
-0.5918919742078783
-0.5635647869563607
-0.536842945358003
-0.5121987575292872
-0.489819404849401
-0.4182433916858972
-0.32637897524468074
-0.23318899259693038
-0.14479279216999685
-0.06441768465054193
0.0
0.0
0.08579767743544417
0.21197746692875735
0.30726964561710335
0.3944124828668398
0.47591280384719115
0.55024919874816
0.6153138482273305
0.6691808969108776
0.6916277630736256
0.6890939483548625
0.6720795254292974
0.6473343760224507
0.6191302753918942
0.5901095222069285
0.5618500627327462
0.5352409357232265
0.5107309256254762
0.4884925602350363
0.41339491054353417
0.3208075109935605
0.22761792736127268
0.13950419988320573
0.059589391228936306
0.0
0.0
-0.09431825449880549
-0.21766530182885863
-0.31237343068450146
-0.3992664154201091
-0.4804598074969935
-0.5543626667344678
-0.6188681082758722
-0.6720686454939991
-0.6924096534116164
-0.688612656823276
-0.6708810707912254
-0.6457682321947489
-0.6174162232140974
-0.5883822244455954
-0.5601887275884448
-0.5336890063800953
-0.5093091049222017
-0.48720738732744473
-0.40876909016051544
-0.3154917030716867
-0.2222983457462495
-0.13444938523457825
-0.054969244188035365
0.0
0.0
0.10250135773948899
0.22313558320408478
0.3172869095708261
0.4039430825618814
0.48484434863518167
0.5583330226241039
0.622303070940779
0.6748646011612778
0.6931783287234191
0.6881646035941771
0.6697415650320149
0.6442735370703462
0.6157778711590636
0.5867298797640879
0.5585987112528209
0.5322032304954539
0.5079475985653457
0.48597654531270773
0.40433945209290284
0.3104027780316473
0.21720736312508226
0.12961334350886217
0.05055060269961771
0.0
0.0
-0.11032827328082573
-0.22836705042693173
-0.32198529482601457
-0.40841447342719456
-0.48903584537929634
-0.5621278978168703
-0.6255854285324317
-0.6775353900553944
-0.6939099236561205
-0.6877324945362834
-0.6686482894967504
-0.6428407867351352
-0.6142079982216527
-0.5851469084723219
-0.5570756306305602
-0.5307801107974008
-0.5066435758208133
-0.4814159122800095
-0.3982810639194996
-0.30422598436362364
-0.21134460752644302
-0.12428522668639136
-0.04591549036788492
0.0
0.0
0.1188086685693813
0.2339359977232247
0.3269287606298634
0.413080049174757
0.4933752937600055
0.5660227278728283
0.6289179561977863
0.6797781418585805
0.6943432895651849
0.687090688804394
0.6674059672377712
0.6413007685740519
0.6125598330952804
0.5835059072302792
0.5555088291499598
0.5293234921739884
0.5053134530472643
0.4752475632407255
0.39122649635540097
0.2972818695459461
0.2048773379930927
0.11851148634227916
0.04099852389689264
0.0
0.0
-0.12822635307008695
-0.24016327140453336
-0.33248836345814176
-0.4183542008384792
-0.4983084807290707
-0.5704811872337909
-0.6327682382692758
-0.6811858380457626
-0.694264453891945
-0.6861470821800593
-0.6659975949273022
-0.6396810636547937
-0.6108858173423776
-0.5818715986226518
-0.5539674400157655
-0.5279021339486712
-0.5040228374903448
-0.46929023657598534
-0.38441886270328296
-0.29058603691529894
-0.1986465740287466
-0.1129543535598244
-0.03627187767320837
0.0
0.0
0.1374055244090119
0.24627028803565987
0.33796789448522685
0.4235752244011149
0.5032149835364952
0.5749407322430965
0.6366482324212184
0.6826780283944663
0.694298500031346
0.6853281194659462
0.6647154174518723
0.6381830749977067
0.6093257091379051
0.5803417772192303
0.5525205784840371
0.5265654537406986
0.5028075348643192
0.46362240271133676
0.37795558906824184
0.28424669706275507
0.19276627457993278
0.10772915349106975
0.03184810206602219
0.0
0.0
-0.14611246262986433
-0.2520808306032535
-0.34319189766592506
-0.428559909661707
-0.5079056487539841
-0.5792103638214293
-0.6403696715412719
-0.6841176113338371
-0.6943440567557848
-0.6845576211272889
-0.6635012175521495
-0.6367615592487098
-0.6078437722715561
-0.5788877837266452
-0.5511449409774137
-0.5252942699968263
-0.5016515892909652
-0.45818357495773937
-0.37175192753621705
-0.2781623484398454
-0.18712327646008214
-0.10271578055014269
-0.027604803889332535
0.0
0.0
0.15444803674920698
0.2576394499710683
0.34818681870528084
0.4333240792739075
0.5123869833812653
0.5832875329812715
0.6439212262815313
0.6854869479181785
0.6943805529094715
0.6838141813002493
0.6623340152116528
0.6353966802335486
0.6064216849163709
0.5774929624280407
0.5498255554312595
0.5240752327134056
0.5005431676504069
0.45297443138967464
0.36580956669636205
0.2723332429597924
0.1817158941517939
0.0979105719588414
0.023536450423057395
0.0
-0.0078896180384663
-0.16218820857727323
-0.2638434286431349
-0.35391885222322417
-0.4386609894522845
-0.5172133445381656
-0.5874654579407873
-0.6473289458528576
-0.6865017721330843
-0.6939546270697251
-0.6825650302644152
-0.6606573977721657
-0.6335419580917463
-0.6045420844398002
-0.5756790292909655
-0.5481273665009648
-0.5225170944608968
-0.4991332995591653
-0.4475748991795373
-0.3596748051305386
-0.2662902842371791
-0.17607396563486677
-0.09285557835173099
-0.019209797247315655
0.0
0.020328354930396003
0.1700997320598258
0.27072574334605776
0.3603274568479148
0.4445507588984603
0.522432114132493
0.5918610909212223
0.6507749000286844
0.6873284032831912
0.6932163039770737
0.6809442756792792
0.6585904553910513
0.6313026315793747
0.6022976301926356
0.5735273438278943
0.5461216632542284
0.5206822215003605
0.49747647939875295
0.44257004669527567
0.3540019453116442
0.2606461798373977
0.17073302596850445
0.08799172838847885
0.014960217175867735
0.0
-0.03235326170666741
-0.17774557126537435
-0.2773729947281427
-0.3665131248759678
-0.45023153197860055
-0.5274613459369886
-0.5960922532137238
-0.6540862715336234
-0.6881137938514496
-0.6924930116807315
-0.6793707730613209
-0.6565875660569688
-0.6291344370146631
-0.6001254070079977
-0.5714454494517638
-0.5441813483956479
-0.5189073758473286
-0.4958739945096241
-0.43771693820261415
-0.34850390286654664
-0.25517998782187357
-0.16556462272231115
-0.08328926525320185
-0.010856080193951373
0.0
0.043809332319904803
0.18498279617948074
0.2836343696136318
0.3723166868720268
0.45553952432318345
0.5321372797768689
0.5999999275974739
0.6571132947687263
0.6887719843465071
0.6917397210611468
0.6778253178705542
0.6546454261781045
0.6270434979127812
0.5980367825615538
0.569447291407144
0.5423212774729306
0.5172073108298382
0.4943399090481991
0.43305771486344125
0.3432205538020923
0.24992262775674357
0.1605892172285423
0.07875802472004019
0.006896949383234374
0.0
-0.05482951573188943
-0.19194072816670102
-0.28965192698015935
-0.37789293572627114
-0.46063856910135753
-0.5366281803757249
-0.6037519950514495
-0.6600187191666543
-0.6894039365473282
-0.6910170022049558
-0.6763423071215988
-0.6527816800890635
-0.6250369222182627
-0.5960324082737359
-0.5675297227104528
-0.5405362195058495
-0.5155758016021116
-0.4928676833446386
-0.4285982316398366
-0.3381651520844396
-0.24489291435445332
-0.15582991745445776
-0.07442420072201732
-0.0031108815259443118
0.0
0.06538153667362501
0.19860603995478612
0.29541834043594595
0.3832378972109646
0.4655274790569269
0.5409354530284927
0.607352276259829
0.6628085529341466
0.6900143861884784
0.6903286456649664
0.6749248176508635
0.650998856537524
0.6231168107017326
0.59411404534369
0.5656942311065956
0.5388274390649177
0.514013928445808
0.4914582439638935
0.4239840743336487
0.332933733382195
0.23971053211100418
0.1509534037924195
0.07001288321931455
0.0
0.0
-0.07582032686310969
-0.20530802549773394
-0.30127936363849517
-0.38871136928812994
-0.47056846727029067
-0.5454105971004144
-0.6111288623177278
-0.6657759139623206
-0.6906976453267345
-0.6896488369096115
-0.6734779824192016
-0.6491658094802497
-0.6211364259460778
-0.592132111788422
-0.5637959555507116
-0.5370590128710584
-0.5123967871303091
-0.4899984510468183
-0.41891088851907093
-0.32714616610987
-0.2339555683186812
-0.14551979091334158
-0.06508063831053115
0.0
0.0
0.08463230780023628
0.21120068573675563
0.3065733733761552
0.3937508735290021
0.47529359399115234
0.5496896377773145
0.6148310494236315
0.6687894528725118
0.6915236897764052
0.6891621400311524
0.6722454103385955
0.6475502360236955
0.6193661108201163
0.5903469609729011
0.5620783071272836
0.5354540721773456
0.5109261452203484
0.48866898701472716
0.41402940011232275
0.32153686408550086
0.22834807526479137
0.14019829054674332
0.06022408215374549
0.0
0.0
-0.09319400241444786
-0.21691359232590196
-0.31169810987575547
-0.3986235313332807
-0.4798569640372917
-0.5538166393616332
-0.6183955584993336
-0.6716838205282564
-0.6923033581096468
-0.6886735581111673
-0.6710370164326455
-0.6459730300579292
-0.6176408127326233
-0.5886087898047194
-0.5604067800498221
-0.533892783737503
-0.5094958511183085
-0.48737621948765114
-0.40937613191340516
-0.316188990649761
-0.22299583255437638
0.0
