-0.5
-0.5
-0.5
-0.5
-0.3743596743111112
-0.39869005974945226
-0.4740222015895987
-0.3803785929188419
-0.46995142545145613
-0.4177287210356041
-0.5
-0.5
-0.5
-0.5
-0.5
-0.5
-0.5
-0.5
-0.5
-0.5
-0.5
-0.5
-0.5
-0.5
-0.5
-0.5
-0.5
-0.5
-0.5
-0.5
-0.5
-0.5
-0.5
-0.5
-0.5
-0.5
-0.5
-0.5
-0.5
-0.5
-0.5
-0.5
-0.5
-0.5
-0.5
-0.3361180395386538
-0.18921788630581937
-0.06859208807670347
0.04344456364145188
0.147587680650207
0.24128181844356067
0.3216653914297293
0.3646455458459227
0.3667210794022202
0.34481975827793665
0.30985041038816297
0.2687413603773069
0.22580071046153516
0.183622540597699
0.14368926099838353
0.10677081724311888
0.07318822455433793
0.042986626176438114
0.01604813000688321
-0.03091003064499892
-0.11329407478498854
-0.2019041892891228
-0.2885187083063998
-0.3694484263208688
-0.4421634120925232
-0.5
-0.5
-0.5
-0.5
-0.5
-0.5
-0.5
-0.5
-0.5
-0.5
-0.5
-0.5
-0.5
-0.5
-0.5
-0.5
-0.5
-0.5
-0.5
-0.5
-0.5
-0.5
-0.5
-0.5
-0.5
-0.5
-0.4828195703486193
-0.3339095732292243
-0.23389404058884222
-0.14471913250327884
-0.06074683355196153
0.017059271222330197
0.08658583555781285
0.14576227326067626
0.18471001708833845
0.19210787208792413
0.1807649501985974
0.1589613792734238
0.13197907500412298
0.10312363544400871
0.074405450295291
0.04699273095584078
0.021512013007485953
-0.0017532388293392542
-0.047538135818937455
-0.13586895297222135
-0.23099301926520593
-0.3231862449910833
-0.4083478664232901
-0.48380295558332326
-0.5
-0.5
-0.5
-0.5
-0.5
-0.5
-0.5
-0.5
-0.5
-0.5
-0.5
-0.5
-0.5
-0.5
-0.5
-0.5
-0.5
-0.5
-0.5
-0.5
-0.5
-0.5
-0.5
-0.5
-0.5
-0.5
-0.4992989296701076
-0.34108591065346555
-0.23818101942442504
-0.14737459579204587
-0.061988627171855215
0.017193789679639915
0.08806117430737337
0.14850942940085565
0.18787544820284618
0.19538251739322066
0.18396365839162188
0.16197926197664558
0.13476259262596257
0.10565152043978943
0.07667618941096654
0.04901641200859941
0.02330506842658331
-0.00017137247818155288
-0.047915740978538235
-0.13536218658239135
-0.22909992858055916
-0.31992713474827594
-0.40388075669645146
-0.47833779042099855
-0.5
-0.5
-0.5
-0.5
-0.5
-0.5
-0.5
-0.5
-0.5
-0.5
-0.5
-0.5
-0.5
-0.5
-0.5
-0.5
-0.5
-0.5
-0.5
-0.5
-0.5
-0.5
-0.5
-0.5
-0.5
-0.5
-0.4894613828524482
-0.33559034136430926
-0.23387979535525927
-0.143710634566159
-0.05893005670861701
0.01958699858390578
0.08972929665381546
0.14941317461708226
0.18749981044461028
0.19427574718891671
0.18247712903419777
0.16033437852638288
0.13309541207935993
0.10404245142557922
0.07516971114294646
0.04763412314245674
0.02205428382942587
-0.001291991772772949
-0.052032913123818636
-0.13990490592520322
-0.23343188161051764
-0.32382722399726827
-0.4072285113066443
-0.48104976064740645
-0.5
-0.5
-0.5
-0.5
-0.5
-0.5
-0.5
-0.5
-0.5
-0.5
-0.5
-0.5
-0.5
-0.5
-0.5
-0.5
-0.5
-0.5
-0.5
-0.5
-0.5
-0.5
-0.5
-0.5
-0.5
-0.5
-0.4746695155130813
-0.3264824523138653
-0.22615177007777643
-0.13665798061016238
-0.05258123474994325
0.02507401978947521
0.09419718610487693
0.15273559683647775
0.18799823826575301
0.19310369602777766
0.18037952566361493
0.15778575040929632
0.13039212697664426
0.10136418680763859
0.07262033111181332
0.045268785258014144
0.01989734764172002
-0.0032351920922424893
-0.059054544702375034
-0.14785360406438408
-0.24125119992066174
-0.331121189923591
-0.4137587625711607
-0.48663509495744034
-0.5
-0.5
-0.5
-0.5
-0.5
-0.5
-0.5
-0.5
-0.5
-0.5
-0.5
-0.5
-0.5
-0.5
-0.5
-0.5
-0.5
-0.5
-0.5
-0.5
-0.5
-0.5
-0.5
-0.5
-0.5
-0.5
-0.4557887738836624
-0.3146512011845166
-0.21597657617099547
-0.12726979447190173
-0.04403342195544824
0.03256439699308966
0.10041349704187774
0.15750040183656921
0.1889645672563376
0.19181048499187858
0.17782192025644772
0.15459886318668103
0.1269737130286389
0.0979564135804537
0.06936417038994747
0.0422400957633875
0.017130725428905258
-0.0057307244647323285
-0.06689860086132732
-0.1567355284615275
-0.2500572903035597
-0.3394190607217695
-0.4212783367783268
-0.4931655539568305
-0.5
-0.5
-0.5
-0.5
-0.5
-0.5
-0.5
-0.5
-0.5
-0.5
-0.5
-0.5
-0.5
-0.5
-0.5
-0.5
-0.5
-0.5
-0.5
-0.5
-0.5
-0.5
-0.5
-0.5
-0.5
-0.5
-0.4362928522213224
-0.3023965917291983
-0.20541361154994153
-0.11750739311393021
-0.03513039260436346
0.04038065435779448
0.10691610116588002
0.16250301540994094
0.18999968627284436
0.19048442210913852
0.17517350582754454
0.1512911944704517
0.12342216700717024
0.09441397584297462
0.06597819590045073
0.039089964055597504
0.014252731525164375
-0.008326995484348843
-0.07511247270565785
-0.16604479312349602
-0.2592932363656228
-0.34812753645680883
-0.4291753205581671
-0.5
-0.5
-0.5
-0.5
-0.5
-0.5
-0.5
-0.5
-0.5
-0.5
-0.5
-0.5
-0.5
-0.5
-0.5
-0.5
-0.5
-0.5
-0.5
-0.5
-0.5
-0.5
-0.5
-0.5
-0.5
-0.5
-0.5
-0.4176530087254813
-0.2902898080551364
-0.19474285469919694
-0.10748605906316017
-0.025851776263874582
0.04866706006937993
0.11396221682191177
0.16810036543483353
0.19136410786866986
0.18931859818096708
0.172579760334294
0.14797420925757376
0.11982433450044594
0.09080563603693093
0.06251767566332911
0.03586341931017689
0.011300494376035197
-0.010993074878881126
-0.08463782306260065
-0.17693553681057855
-0.27013424971107164
-0.3583719518901705
-0.43848204444926464
-0.5
-0.5
-0.5
-0.5
-0.5
-0.5
-0.5
-0.5
-0.5
-0.5
-0.5
-0.5
-0.5
-0.5
-0.5
-0.5
-0.5
-0.5
-0.5
-0.5
-0.5
-0.5
-0.5
-0.5
-0.5
-0.5
-0.5
-0.4011569956186523
-0.2792949576304262
-0.184887161920684
-0.09811986446247356
-0.01708405191248441
0.05659256505084642
0.12080356148140337
0.17365116905088795
0.1928560204520362
0.18837646346435333
0.17025633974240073
0.14494325032643796
0.1165094940935878
0.08746644203894349
0.059306731445369576
0.032864373250386714
0.008553156139166851
-0.013476195982389971
-0.09363797633096926
-0.18727541329267655
-0.28047488728261827
-0.36819059671405396
-0.4474487602458616
-0.5
-0.5
-0.5
-0.5
-0.5
-0.5
-0.5
-0.5
-0.5
-0.5
-0.5
-0.5
-0.5
-0.5
-0.5
-0.5
-0.5
-0.5
-0.5
-0.5
-0.5
-0.5
-0.5
-0.5
-0.5
-0.5
-0.5
-0.3854461806148831
-0.26883311324632575
-0.17551436559263123
-0.08921545949412718
-0.008750659502366087
0.06412378114251038
0.12730307732347967
0.17892324683186356
0.19427749048453102
0.1874885291836822
0.16805759853881608
0.14207281083789136
0.11336925489146799
0.08430262334338745
0.05626413192332391
0.03002238330527829
0.005949580424647771
-0.021754734198609627
-0.10534688706364015
-0.19934929777243104
-0.2919898642949768
-0.3786966982122348
-0.4566294198121553
-0.5
-0.5
-0.5
-0.5
-0.5
-0.5
-0.5
-0.5
-0.5
-0.5
-0.5
-0.5
-0.5
-0.5
-0.5
-0.5
-0.5
-0.5
-0.5
-0.5
-0.5
-0.5
-0.5
-0.5
-0.5
-0.5
-0.5
-0.36712017264233554
-0.2567394680842978
-0.16473175228366221
-0.07899638250967211
0.0007989461493714822
0.07274547465137271
0.13473903239945428
0.18194538660286097
0.1942842276292619
0.18573398374316474
0.16534932467397556
0.1389231125914795
0.11009615193139877
0.08109710442350526
0.053234850890159224
0.027225274522038267
0.003407403543448595
-0.03354782240440696
-0.11881758440487894
-0.21258985624678922
-0.304301175342673
-0.38966699283265194
-0.4659496110345526
-0.5
-0.5
-0.5
-0.5
-0.5
-0.5
-0.5
-0.5
-0.5
-0.5
-0.5
-0.5
-0.5
-0.5
-0.5
-0.5
-0.5
-0.5
-0.5
-0.5
-0.5
-0.5
-0.5
-0.5
-0.5
-0.5
-0.5
-0.3497591004424039
-0.24516323001344925
-0.15432991493897286
-0.0690751938100223
0.010131206906158985
0.08123626608101908
0.1421355402371125
0.1847999896110072
0.19436456182195871
0.18419071735541748
0.16292372157979296
0.13608571725942364
0.10713933213325932
0.07819669838189358
0.0504911411401352
0.02469014035563588
0.001102243242314449
-0.04438924817155937
-0.1311833775848285
-0.22471778524137304
-0.31554935778003723
-0.39966015375816166
-0.4744077997353522
-0.5
-0.5
-0.5
-0.5
-0.5
-0.5
-0.5
-0.5
-0.5
-0.5
-0.5
-0.5
-0.5
-0.5
-0.5
-0.5
-0.5
-0.5
-0.5
-0.5
-0.5
-0.5
-0.5
-0.5
-0.5
-0.5
-0.48616677985598694
-0.33402360804064085
-0.23285573385035263
-0.14300331339343808
-0.05850642431761549
0.019727323434414634
0.08958745557835268
0.14899779583046802
0.18691066213559537
0.19361025447333757
0.18179544554104998
0.15967232478150917
0.13247306973392636
0.10346985381082374
0.07465059528247009
0.04716838956985947
0.021639596812047523
-0.0016591742891620687
-0.054802768336164764
-0.14302111955489727
-0.2363940798242209
-0.3264685531912023
-0.40946226589498536
-0.48281789954895293
-0.5
-0.5
-0.5
-0.5
-0.5
-0.5
-0.5
-0.5
-0.5
-0.5
-0.5
-0.5
-0.5
-0.5
-0.5
-0.5
-0.5
-0.5
-0.5
-0.5
-0.5
-0.5
-0.5
-0.5
-0.5
-0.5
-0.4622019000912615
-0.31881344277193036
-0.2196492563515588
-0.13072638323111835
-0.04724331298469647
0.02968617909618043
0.09795192295567434
0.15552725872851947
0.1884272629934286
0.19213463559641586
0.17863533007777999
0.15566329490491138
0.12813932578134657
0.09913138324651394
0.07049447245432039
0.04329608572696164
0.01809826155383376
-0.004856126922903159
-0.06450162544548382
-0.15401226836381626
-0.2473242015071287
-0.3368056494692954
-0.41886978623092336
-0.49103075666003315
-0.5
-0.5
-0.5
-0.5
-0.5
-0.5
-0.5
-0.5
-0.5
-0.5
-0.5
-0.5
-0.5
-0.5
-0.5
-0.5
-0.5
-0.5
-0.5
-0.5
-0.5
-0.5
-0.5
-0.5
-0.5
-0.5
-0.4401584458940905
-0.3048928258630955
-0.20760831202953645
-0.11956728404167721
-0.03703810765481025
0.03867535695429325
0.10546344373639394
0.16134525846034786
0.1896948354248107
0.1906906753939317
0.17566944378575733
0.15193514825839116
0.12412508667805133
0.0951213403502027
0.06665797530646378
0.03972462984117775
0.014833971882893815
-0.007801755165080804
-0.0734811242240479
-0.16419210536523116
-0.25744893781262707
-0.34638188517748925
-0.427585427498983
-0.4986399689814045
-0.5
-0.5
-0.5
-0.5
-0.5
-0.5
-0.5
-0.5
-0.5
-0.5
-0.5
-0.5
-0.5
-0.5
-0.5
-0.5
-0.5
-0.5
-0.5
-0.5
-0.5
-0.5
-0.5
-0.5
-0.5
-0.5
-0.42023666703098583
-0.2920493968356182
-0.19634297552436147
-0.10902278671397103
-0.027304807473060855
0.04733880963332604
0.11279958471428275
0.16713865437000108
0.19107559333983937
0.18943554038239174
0.17292849973226043
0.1484434386706739
0.12034390962742525
0.09133244452206457
0.06302623126759255
0.03633961685956355
0.011737477059266643
-0.010597638271968857
-0.08330103557154422
-0.17539585695234827
-0.2685846894570238
-0.3568897039800909
-0.4371170250982658
-0.5
-0.5
-0.5
-0.5
-0.5
-0.5
-0.5
-0.5
-0.5
-0.5
-0.5
-0.5
-0.5
-0.5
-0.5
-0.5
-0.5
-0.5
-0.5
-0.5
-0.5
-0.5
-0.5
-0.5
-0.5
-0.5
-0.5
-0.4030813413074152
-0.2805960737162081
-0.1860646920945297
-0.09924679004256681
-0.018146068079846256
0.05562532102393347
0.11996075799443562
0.1729583424689829
0.1926550811978892
0.18847135981779395
0.1705199551795925
0.14529415011655344
0.11689639622143244
0.08785786170790066
0.05968408878579434
0.033217417611090316
0.008876938493656783
-0.013183317353320456
-0.09263561323739966
-0.1861219143927157
-0.2793158307499349
-0.36708388021979727
-0.446431613414568
-0.5
-0.5
-0.5
-0.5
-0.5
-0.5
-0.5
-0.5
-0.5
-0.5
-0.5
-0.5
-0.5
-0.5
-0.5
-0.5
-0.5
-0.5
-0.5
-0.5
-0.5
-0.5
-0.5
-0.5
-0.5
-0.5
-0.5
-0.3872537032317137
-0.27002103710560843
-0.1765695510597758
-0.0902118855071759
-0.00967798114384344
0.06329088389806525
0.12658976099608366
0.1783508038271241
0.19413079882210094
0.18759673514942443
0.16831004793153925
0.14239872721788194
0.1137241702264764
0.0846593310138326
0.056606666790391835
0.030342026434178937
0.006242216671625722
-0.020416071498695343
-0.10381663822019527
-0.1978430173521495
-0.2905868518951589
-0.37744388549019686
-0.4555621790923207
-0.5
-0.5
-0.5
-0.5
-0.5
-0.5
-0.5
-0.5
-0.5
-0.5
-0.5
-0.5
-0.5
-0.5
-0.5
-0.5
-0.5
-0.5
-0.5
-0.5
-0.5
-0.5
-0.5
-0.5
-0.5
-0.5
-0.5
-0.3690339211120848
-0.258018171334313
-0.16588237118131627
-0.08009500974963257
-0.00023553502564199746
0.0718031776056075
0.13391699359520903
0.18162623121699084
0.19427237345618653
0.18590209925641288
0.1656153695554714
0.1392349969757548
0.11042149951823488
0.08141643302359847
0.0535370397150573
0.027504560328360128
0.00366139779251895
-0.03238453762712612
-0.11749038549907331
-0.21128643493861582
-0.3030902309850398
-0.38858891885501595
-0.46503467517141023
-0.5
-0.5
-0.5
-0.5
-0.5
-0.5
-0.5
-0.5
-0.5
-0.5
-0.5
-0.5
-0.5
-0.5
-0.5
-0.5
-0.5
-0.5
-0.5
-0.5
-0.5
-0.5
-0.5
-0.5
-0.5
-0.5
-0.5
-0.3514228116058728
-0.24627577927833133
-0.155331521141872
-0.07003184631935067
0.009230166855060729
0.08041529201575104
0.14141911311315725
0.18452184467012145
0.19435424119346323
0.18433724647217387
0.16315559903879473
0.13635754471204609
0.10742289241084424
0.07847501205741292
0.05075451608322612
0.02493355374808337
0.0013236134511085407
-0.04335814761029305
-0.13000688602842214
-0.22356302330215844
-0.3144773467855904
-0.3987066740975822
-0.4735996069214795
-0.5
-0.5
-0.5
-0.5
-0.5
-0.5
-0.5
-0.5
-0.5
-0.5
-0.5
-0.5
-0.5
-0.5
-0.5
-0.5
-0.5
-0.5
-0.5
-0.5
-0.5
-0.5
-0.5
-0.5
-0.5
-0.5
-0.48873704684579156
-0.33565474430689457
-0.23427241485322353
-0.1443208485232113
-0.05971576077799767
0.018657387645572787
0.08868810824493567
0.14829492622657692
0.18674622616960923
0.1937672796864368
0.1821335043403094
0.16010168335298447
0.13293742807332598
0.10393483939221027
0.07509610778837117
0.04758352126609189
0.02201927382972757
-0.0013164023565108707
-0.05376672113572534
-0.14184628931501303
-0.23522469056615802
-0.3253614676876824
-0.4084535684497073
-0.481936078536121
-0.5
-0.5
-0.5
-0.5
-0.5
-0.5
-0.5
-0.5
-0.5
-0.5
-0.5
-0.5
-0.5
-0.5
-0.5
-0.5
-0.5
-0.5
-0.5
-0.5
-0.5
-0.5
-0.5
-0.5
-0.5
-0.5
-0.46454940329675526
-0.32029771632849324
-0.22093420627426608
-0.13191797200046185
-0.048333695889405615
0.028725067448730157
0.09714809048986361
0.15490383602289493
0.18829048569281215
0.19228789504381705
0.17895143191626772
0.15606100968801817
0.1285677333600317
0.09955943669445955
0.07090405547613521
0.04367740647765195
0.018446807452824565
-0.004541592828995078
-0.0635475914764907
-0.152930375173717
-0.2462474773100477
-0.3357864993738714
-0.4179414389561103
-0.49021943208849217
-0.5
-0.5
-0.5
-0.5
-0.5
-0.5
-0.5
-0.5
-0.5
-0.5
-0.5
-0.5
-0.5
-0.5
-0.5
-0.5
-0.5
-0.5
-0.5
-0.5
-0.5
-0.5
-0.5
-0.5
-0.5
-0.5
-0.4423080763849385
-0.30625105307236056
-0.2087836165067865
-0.1206568725400749
-0.03803489884015809
0.037796976809327365
0.10472904178413733
0.16077594139301998
0.18956987557161198
0.19083055177418773
0.1759580164674599
0.15229824714571927
0.12451621665027202
0.09551215226385257
0.06703192683225923
0.040072779635365596
0.015152199074604189
-0.007514580466730203
-0.07256043075478708
-0.16314827192639547
-0.25641370728492974
-0.3454063168867683
-0.4267013724752596
-0.4978722793603536
-0.5
-0.5
-0.5
-0.5
-0.5
-0.5
-0.5
-0.5
-0.5
-0.5
-0.5
-0.5
-0.5
-0.5
-0.5
-0.5
-0.5
-0.5
-0.5
-0.5
-0.5
-0.5
-0.5
-0.5
-0.5
-0.5
-0.4220234230048348
-0.29324562070962273
-0.19741853831742667
-0.11004726682512056
-0.02826595153949152
0.04646781068524819
0.11204535252473458
0.16652396683597703
0.1909057292838997
0.18953270077070683
0.17317745688611863
0.14877042296371146
0.12070251043990732
0.09169420908056969
0.06337440816594553
0.036665003016724595
0.012035670280866051
-0.010328048635525722
-0.08230632134954985
-0.17425284037792232
-0.2674423168232062
-0.355805924278081
-0.43612828822627003
-0.5
-0.5
-0.5
-0.5
-0.5
-0.5
-0.5
-0.5
-0.5
-0.5
-0.5
-0.5
-0.5
-0.5
-0.5
-0.5
-0.5
-0.5
-0.5
-0.5
-0.5
-0.5
-0.5
-0.5
-0.5
-0.5
-0.5
-0.4047558870022929
-0.2817156401483007
-0.18707041960489473
-0.10020414737682137
-0.019043729922910646
0.054812339505158736
0.11925726989223928
0.1723855628619605
0.19249719187685377
0.1885625030348056
0.17075264462156448
0.14559957447104477
0.11723126632571013
0.08819564033893779
0.06000915410820129
0.03352118890750122
0.009155313170238988
-0.01293165162225235
-0.09173082710389513
-0.18508253443316514
-0.27827605602213
-0.36609618932926336
-0.4455291810409483
-0.5
-0.5
-0.5
-0.5
-0.5
-0.5
-0.5
-0.5
-0.5
-0.5
-0.5
-0.5
-0.5
-0.5
-0.5
-0.5
-0.5
-0.5
-0.5
-0.5
-0.5
-0.5
-0.5
-0.5
-0.5
-0.5
-0.5
-0.388824752416864
-0.2710669712988928
-0.1775064809036092
-0.09110191395268313
-0.01051086730719425
0.06253823806896408
0.1259402901904677
0.17782406470134127
0.19398887130339537
0.1876855931833833
0.16852989345213854
0.1426856893551337
0.11403808474999722
0.08497559204459759
0.05691080437740803
0.03062610739299998
0.006502463772004252
-0.019225573076807223
-0.10245367341827799
-0.19649905164637282
-0.28933261283731515
-0.3763214464767202
-0.4546033910861398
-0.5
-0.5
-0.5
-0.5
-0.5
-0.5
-0.5
-0.5
-0.5
-0.5
-0.5
-0.5
-0.5
-0.5
-0.5
-0.5
-0.5
-0.5
-0.5
-0.5
-0.5
-0.5
-0.5
-0.5
-0.5
-0.5
-0.5
-0.37081467479862196
-0.25920033913772855
-0.16694157304483176
-0.08110324737789221
-0.0011821800058590126
0.07094360972543079
0.13317002088274965
0.18133984968079397
0.19426719611247134
0.18606136606110546
0.16586387635916722
0.1395250169819109
0.1107233890476983
0.08171237373474971
0.05381687951263836
0.02776305736105278
0.0038964014437885552
-0.03129532369914556
-0.11624864360620302
-0.21006858599525002
-0.3019605953041389
-0.38758513518852095
-0.46418483575250813
-0.5
-0.5
-0.5
-0.5
-0.5
-0.5
-0.5
-0.5
-0.5
-0.5
-0.5
-0.5
-0.5
-0.5
-0.5
-0.5
-0.5
-0.5
-0.5
-0.5
-0.5
-0.5
-0.5
-0.5
-0.5
-0.5
-0.5
-0.3530255687029318
-0.24734446016276762
-0.15629174076504043
-0.07094763605841403
0.008368815391585405
0.07963170173138989
0.14073662829844302
0.1842589363544611
0.19434758297471866
0.18448052239402768
0.16338032339275899
0.13662024671126038
0.10769656473625144
0.07874341436743282
0.051008388872365584
0.025168109391358606
0.0015368801737526416
-0.042355672104734066
-0.12886325382558467
-0.2224411374551794
-0.31343657722838886
-0.39778175587105996
-0.47281646780582964
-0.5
-0.5
-0.5
-0.5
-0.5
-0.5
-0.5
-0.5
-0.5
-0.5
-0.5
-0.5
-0.5
-0.5
-0.5
-0.5
-0.5
-0.5
-0.5
-0.5
-0.5
-0.5
-0.5
-0.5
-0.5
-0.5
-0.49093042118963726
-0.3370572790483165
-0.23549751473728725
-0.1454654160833222
-0.06077121808136304
0.017718451790973422
0.08789312386290227
0.1476668310344229
0.1865872768578294
0.19388909340609806
0.18241408628496003
0.16046301444472377
0.1333304998737177
0.10432967670297144
0.07547512976526227
0.047937135483655524
0.022342962375894504
-0.0010240011137426785
-0.0528943941155815
-0.14085726714933133
-0.23423964639301803
-0.32442814061921654
-0.40760235239038567
-0.48119102109910594
-0.5
-0.5
-0.5
-0.5
-0.5
-0.5
-0.5
-0.5
-0.5
-0.5
-0.5
-0.5
-0.5
-0.5
-0.5
-0.5
-0.5
-0.5
-0.5
-0.5
-0.5
-0.5
-0.5
-0.5
-0.5
-0.5
-0.46656325531557136
-0.32156995022683743
-0.22203484754654096
-0.13293805819430365
-0.04926657209726626
0.027903406085144522
0.09646159290543022
0.15437226064640375
0.18817560018391
0.19242125819930023
0.17922408213045127
0.15640337046867747
0.12893619771820475
0.09992742439595192
0.07125606400152895
0.04400506413378735
0.01874626414131797
-0.004271382324313677
-0.0627254109989569
-0.15199782643439064
-0.24531935787140402
-0.33490801678240767
-0.4171412501286017
-0.48952014669619903
-0.5
-0.5
-0.5
-0.5
-0.5
-0.5
-0.5
-0.5
-0.5
-0.5
-0.5
-0.5
-0.5
-0.5
-0.5
-0.5
-0.5
-0.5
-0.5
-0.5
-0.5
-0.5
-0.5
-0.5
-0.5
-0.5
-0.4441691527045866
-0.30742671902590013
-0.20980079389000073
-0.121599757710384
-0.038897383366554183
0.037037048443880005
0.104093784868872
0.16028360963163568
0.18946198430983763
0.19095177712468792
0.17620787363790702
0.1526125647264096
0.12485476822710173
0.09585041162714947
0.06735558314335233
0.040374098428031746
0.015427616488021934
-0.0072660406017661106
-0.07180709474091318
-0.16229431338061645
-0.25556417132077164
-0.3446025449664337
-0.42596954975252427
-0.49723304974603916
-0.5
-0.5
-0.5
-0.5
-0.5
-0.5
-0.5
-0.5
-0.5
-0.5
-0.5
-0.5
-0.5
-0.5
-0.5
-0.5
-0.5
-0.5
-0.5
-0.5
-0.5
-0.5
-0.5
-0.5
-0.5
-0.5
-0.4234253589012076
-0.2941860015296419
-0.19826512815073583
-0.11085436909734186
-0.029023782055464686
0.04578043779290497
0.11144947414531414
0.1660376018743669
0.1907704380615841
0.18960820903762465
0.17337285036869365
0.14902749262364035
0.12098463068192056
0.09197892173219424
0.0636484870449805
0.03692117774039516
0.012270458856260547
-0.010115767216607896
-0.08151492515905223
-0.17334324499937454
-0.26653345037966075
-0.35494398060134286
-0.4353422771762684
-0.5
-0.5
-0.5
-0.5
-0.5
-0.5
-0.5
-0.5
-0.5
-0.5
-0.5
-0.5
-0.5
-0.5
-0.5
-0.5
-0.5
-0.5
-0.5
-0.5
-0.5
-0.5
-0.5
-0.5
-0.5
-0.5
-0.5
-0.4060888079584886
-0.28260687263566087
-0.18787108541565994
-0.10096635618357253
-0.01975846643443302
0.05416496443264207
0.1186970103025431
0.171929310394619
0.19237116665610632
0.1886347076021544
0.1709375346569545
0.1458423841782609
0.11749754124043155
0.08846425787181411
0.06026767871534411
0.033762788862777504
0.009376720864066823
-0.012731482937380356
-0.09101111577916082
-0.18425582719834005
-0.27744911239026027
-0.365310747187233
-0.44481161803502867
-0.5
-0.5
-0.5
-0.5
-0.5
-0.5
-0.5
-0.5
-0.5
-0.5
-0.5
-0.5
-0.5
-0.5
-0.5
-0.5
-0.5
-0.5
-0.5
-0.5
-0.5
-0.5
-0.5
-0.5
-0.5
-0.5
-0.5
-0.39004411095209796
-0.27188178980385985
-0.17823815297846407
-0.09179815347460601
-0.01116344854089879
0.06194748620157686
0.12542940887784793
0.1774084704591652
0.1938752133739824
0.18775311546561235
0.1687003440272581
0.14290897749542952
0.11428270306770338
0.08522223013768926
0.05714809879401961
0.03084782054077173
0.00670561769780198
-0.018302049028487533
-0.10139589777063024
-0.19545524271430548
-0.28835764247622797
-0.3754480405063977
-0.4538563758153197
-0.5
-0.5
-0.5
-0.5
-0.5
-0.5
-0.5
-0.5
-0.5
-0.5
-0.5
-0.5
-0.5
-0.5
-0.5
-0.5
-0.5
-0.5
-0.5
-0.5
-0.5
-0.5
-0.5
-0.5
-0.5
-0.5
-0.5
-0.3721952749562686
-0.2601165277023363
-0.16776227429320706
-0.0818843408991316
-0.0019154585486352294
0.07027787571249622
0.13259158808842741
0.1811181244136827
0.19426324831931463
0.1861847687519128
0.1660563865511353
0.13974967218636614
0.11095723165072269
0.08194160449414267
0.054033636442949895
0.02796328127948744
0.004078427196100631
-0.030452311845473146
-0.1152876567509763
-0.20912614696558796
-0.30108647364973573
-0.38680845106364875
-0.463527320551943
-0.5
-0.5
-0.5
-0.5
-0.5
-0.5
-0.5
-0.5
-0.5
-0.5
-0.5
-0.5
-0.5
-0.5
-0.5
-0.5
-0.5
-0.5
-0.5
-0.5
-0.5
-0.5
-0.5
-0.5
-0.5
-0.5
-0.5
-0.35426651730201264
-0.24817185053976487
-0.15703512986079782
-0.0716566065822084
0.0077020093575135284
0.07902511518134481
0.14020833255220166
0.18405547533150524
0.19434250643380746
0.1845915189897097
0.1635543708454622
0.1368236898398153
0.10790849469935215
0.07895125829681604
0.05120497855040396
0.02534973876034885
0.0017020232025151127
-0.04157933530608815
-0.12797759684164078
-0.22157231807194955
-0.31263057375217557
-0.3970654685869699
-0.4722099764240273
-0.5
-0.5
-0.5
-0.5
-0.5
-0.5
-0.5
-0.5
-0.5
-0.5
-0.5
-0.5
-0.5
-0.5
-0.5
-0.5
-0.5
-0.5
-0.5
-0.5
-0.5
-0.5
-0.5
-0.5
-0.5
-0.5
-0.49262917361327163
-0.33814352676518833
-0.23644633779213553
-0.14635186559501562
-0.06158865098807137
0.016991264820305885
0.0872774267441574
0.1471803884259516
0.18646417843219032
0.19398344018272695
0.18263139559724395
0.16074286201383947
0.13363492962187418
0.1046354734410998
0.07576867749804073
0.04821100509404452
0.022593654859431433
-0.0007975402849184077
-0.05221876727834296
-0.14009125937829037
-0.23347672189271546
-0.32370527400571814
-0.40694308388071365
-0.48061397551832485
-0.5
-0.5
-0.5
-0.5
-0.5
-0.5
-0.5
-0.5
-0.5
-0.5
-0.5
-0.5
-0.5
-0.5
-0.5
-0.5
-0.5
-0.5
-0.5
-0.5
-0.5
-0.5
-0.5
-0.5
-0.5
-0.5
-0.4681231120519415
-0.3225553726310183
-0.2228873585873628
-0.1337281728365895
-0.049989136024880976
0.027266985864594973
0.09592986606482279
0.15396053104159813
0.18808661954398997
0.19252455946217661
0.17943526850401137
0.1566685511282716
0.1292215966660334
0.10021245380233557
0.0715287163410363
0.04425885509975336
0.018978211650587995
-0.004062087820816351
-0.062088574598915924
-0.15127550235106157
-0.2446004653960387
-0.33422757237909007
-0.41652145051816103
-0.4889785045420308
-0.5
-0.5
-0.5
-0.5
-0.5
-0.5
-0.5
-0.5
-0.5
-0.5
-0.5
-0.5
-0.5
-0.5
-0.5
-0.5
-0.5
-0.5
-0.5
-0.5
-0.5
-0.5
-0.5
-0.5
-0.5
-0.5
-0.4456107387770711
-0.308337385727813
-0.2105886947141199
-0.12233011126548243
-0.039565458231401784
0.036448413747039776
0.1036017206548896
0.15990225503641098
0.18937841474924788
0.19104567965891017
0.17640141336737258
0.15285603488277344
0.1251170096927693
0.0961124265682487
0.06760628648995004
0.04060749912731909
0.01564095401144372
-0.007073522374049124
-0.07122355888232135
-0.16163283515644694
-0.2549061192074213
-0.343979942192115
-0.42540267937146753
-0.4967379025314659
-0.5
-0.5
-0.5
-0.5
-0.5
-0.5
-0.5
-0.5
-0.5
-0.5
-0.5
-0.5
-0.5
-0.5
-0.5
-0.5
-0.5
-0.5
-0.5
-0.5
-0.5
-0.5
-0.5
-0.5
-0.5
-0.5
-0.4245113218371841
-0.29491443520743044
-0.19892090926631262
-0.11147956214281818
-0.029610808117345844
0.04524798956278053
0.11098789919364571
0.1656608578662735
0.19066564061037883
0.18966669973356032
0.17352420573953298
0.14922662313546764
0.12120316564091349
0.09219946473008167
0.06386079290300573
0.0371196147254651
0.012452329774828241
-0.009951330706736317
-0.08090189433661404
-0.17263865491669167
-0.265829425239626
-0.35427630305392843
-0.4347334187931374
-0.5
-0.5
-0.5
-0.5
-0.5
-0.5
-0.5
-0.5
-0.5
-0.5
-0.5
-0.5
-0.5
-0.5
-0.5
-0.5
-0.5
-0.5
-0.5
-0.5
-0.5
-0.5
-0.5
-0.5
-0.5
-0.5
-0.5
-0.40712132377467836
-0.2832972444594031
-0.1884913016838809
-0.10155678249177752
-0.020312119336959533
0.05366349155909178
0.1182630194290315
0.1715758861979486
0.1922735447818682
0.1886906394841843
0.17108075550567836
0.14603047102732192
0.11770380479479592
0.08867233604375613
0.06046793862194866
0.03394993847974326
0.009548229021559607
-0.012576427073606233
-0.09045360720061946
-0.18361543663976004
-0.27680853885508616
-0.36470232202105235
-0.4442557740895386
-0.5
-0.5
-0.5
-0.5
-0.5
-0.5
-0.5
-0.5
-0.5
-0.5
-0.5
-0.5
-0.5
-0.5
-0.5
-0.5
-0.5
-0.5
-0.5
-0.5
-0.5
-0.5
-0.5
-0.5
-0.5
-0.5
-0.5
-0.39098866485168277
-0.27251297392683804
-0.17880492913077617
-0.09233748237442219
-0.011668958290088405
0.06148987148190044
0.12503366444985453
0.17708653842996414
0.1937871706042369
0.187805420514898
0.16883238052075522
0.14308194359529025
0.114472192170753
0.08541328380620439
0.05733191454557662
0.031019566543425414
0.0068629871376496565
-0.01758665697270123
-0.10057651004782042
-0.19464667415560138
-0.28760239862808107
-0.3747714718558647
-0.4532777136242643
-0.5
-0.5
-0.5
-0.5
-0.5
-0.5
-0.5
-0.5
-0.5
-0.5
-0.5
-0.5
-0.5
-0.5
-0.5
-0.5
-0.5
-0.5
-0.5
-0.5
-0.5
-0.5
-0.5
-0.5
-0.5
-0.5
-0.5
-0.37326473564672746
-0.26082623894417234
-0.16839801767866958
-0.08248940271481997
-0.002483481185870662
0.06976217543622554
0.132143514376988
0.1809463685772459
0.1942601903709007
0.18628036084256994
0.16620551166874187
0.13992369792002657
0.111138374246189
0.0821191745861638
0.05420154386903275
0.028118381658482905
0.004219430643426447
-0.02979928521353109
-0.11454324254460735
-0.20839610059058783
-0.30040934835192157
-0.38620680433586385
-0.46301798629230595
-0.5
-0.5
-0.5
-0.5
-0.5
-0.5
-0.5
-0.5
-0.5
-0.5
-0.5
-0.5
-0.5
-0.5
-0.5
-0.5
-0.5
-0.5
-0.5
-0.5
-0.5
-0.5
-0.5
-0.5
-0.5
-0.5
-0.5
-0.3552278008584261
-0.24881277690349646
-0.15761098576435717
-0.07220580059207404
0.007185477502450799
0.0785552315254483
0.13979909578604788
0.1838978671966578
0.1943385740333965
0.18467750100062708
0.1636891943067963
0.13698128424050915
0.10807266330086907
0.0791122617046155
0.051357264006339776
0.025490435419609492
0.0018299489470557928
-0.04097795660421727
-0.12729153475705707
-0.22089929902167976
-0.3120062142043616
-0.39651060647869074
-0.4717401662262575
-0.5
-0.5
-0.5
-0.5
-0.5
-0.5
-0.5
-0.5
-0.5
-0.5
-0.5
-0.5
-0.5
-0.5
-0.5
-0.5
-0.5
-0.5
-0.5
-0.5
-0.5
-0.5
-0.5
-0.5
-0.5
-0.5
-0.49394508986147734
-0.3389849742465819
-0.23718133104290284
-0.14703854198478
-0.062221864559898976
0.016427959085535626
0.08680048516345851
0.14680357215515216
0.18636882191697302
0.1940565247094188
0.18279973141927197
0.16095964226393722
0.13387075212729382
0.10487235486339619
0.07599607038710843
0.04842315458310631
0.022787850491356676
-0.0006221153858564921
-0.05169540176605647
-0.1394978814575033
-0.23288573239542315
-0.3231453148363292
-0.406432390160477
-0.48016697472381953
-0.5
-0.5
-0.5
-0.5
-0.5
-0.5
-0.5
-0.5
-0.5
-0.5
-0.5
-0.5
-0.5
-0.5
-0.5
-0.5
-0.5
-0.5
-0.5
-0.5
-0.5
-0.5
-0.5
-0.5
-0.5
-0.5
-0.4693314351743081
-0.32331871750987423
-0.22354774536600586
-0.13434022503538873
-0.05054886091997046
0.02677399109634926
0.09551797068962653
0.15364158999489486
0.18801769184973283
0.19260458048070295
0.17959886134067948
0.15687396994570346
0.1294426773200208
0.10043324819430122
0.07173992299525744
0.044455451031218285
0.01915788682688746
-0.003899960506388911
-0.061595257379333856
-0.15071596318564107
-0.24404358448553304
-0.33370047478240983
-0.4160413306425724
-0.48855892834908193
-0.5
-0.5
-0.5
-0.5
-0.5
-0.5
-0.5
-0.5
-0.5
-0.5
-0.5
-0.5
-0.5
-0.5
-0.5
-0.5
-0.5
-0.5
-0.5
-0.5
-0.5
-0.5
-0.5
-0.5
-0.5
-0.5
-0.44672744532152375
-0.3090428222424173
-0.21119903217943126
-0.12289587045880862
-0.04008297401739014
0.035992435290971514
0.10322054931135938
0.15960684350882293
0.18931367865066506
0.19111842008440583
0.1765513364914425
0.15304463598285045
0.12532015175056432
0.09631539315088522
0.0678004906875681
0.04078830004632139
0.015806213243190204
-0.006924390548214476
-0.07077153014500798
-0.16112042934316595
-0.25439636738954774
-0.3434976507620637
-0.42496356034279387
-0.4963543429559606
-0.5
-0.5
-0.5
-0.5
-0.5
-0.5
-0.5
-0.5
-0.5
-0.5
-0.5
-0.5
-0.5
-0.5
-0.5
-0.5
-0.5
-0.5
-0.5
-0.5
-0.5
-0.5
-0.5
-0.5
-0.5
-0.5
-0.425352549498036
-0.29547870727774816
-0.19942890193216217
-0.11196386013968973
-0.03006554053468674
0.0448355351837354
0.11063034591735399
0.16536901782380997
0.19058446057624567
0.18971200882574835
0.17364145129355923
0.1493808771062357
0.12137245102430594
0.09237030561542192
0.06402525299037565
0.03727333146309253
0.012593213815400683
-0.00982395201364189
-0.08042701763714749
-0.17209285297594812
-0.2652840609259497
-0.3537590949519798
-0.4342617742262009
-0.5
-0.5
-0.5
-0.5
-0.5
-0.5
-0.5
-0.5
-0.5
-0.5
-0.5
-0.5
-0.5
-0.5
-0.5
-0.5
-0.5
-0.5
-0.5
-0.5
-0.5
-0.5
-0.5
-0.5
-0.5
-0.5
-0.5
-0.4079211493461277
-0.2838320324286338
-0.18897174452119647
-0.10201414890539207
-0.02074099968746218
0.053275031821216956
0.11792683378574376
0.17130211053170707
0.19219792321028917
0.18873396642427542
0.17119169976047433
0.14617617017236761
0.11786358429889221
0.08883352121869659
0.06062306747453128
0.034094911609025336
0.009681085688251545
-0.012456314972179194
-0.0900217400896377
-0.1831193660303534
-0.27631232650574683
-0.3642310130079806
-0.4438251964680146
-0.5
-0.5
-0.5
-0.5
-0.5
-0.5
-0.5
-0.5
-0.5
-0.5
-0.5
-0.5
-0.5
-0.5
-0.5
-0.5
-0.5
-0.5
-0.5
-0.5
-0.5
-0.5
-0.5
-0.5
-0.5
-0.5
-0.5
-0.39172035184360104
-0.27300191289756226
-0.17924397526346575
-0.09275526683225105
-0.01206054516108318
0.06113538590309753
0.12472710592710579
0.17683715776871944
0.19371896936314925
0.18784593797480198
0.1689346609570822
0.1432159296445651
0.11461897755988693
0.08556128116654649
0.057474305143062954
0.03115260745924453
0.006984891426966899
-0.017032487363663362
-0.09994178148152916
-0.19402032652136625
-0.287017358321834
-0.37424737631887145
-0.4528294601156495
-0.5
-0.5
-0.5
-0.5
-0.5
-0.5
-0.5
-0.5
-0.5
-0.5
-0.5
-0.5
-0.5
-0.5
-0.5
-0.5
-0.5
-0.5
-0.5
-0.5
-0.5
-0.5
-0.5
-0.5
-0.5
-0.5
-0.5
-0.37409318015565307
-0.26137600798738214
-0.16889048843561116
-0.08295810637262913
-0.0029234929015966027
0.06936269459101863
0.13179641961466737
0.18081332004188377
0.19425782156959115
0.18635441007480302
0.16632102959865513
0.14005850480437543
0.1112786941195294
0.0822567270638127
0.054331611281884795
0.02823852825054518
0.004328657221552956
-0.029293426200333483
-0.11396659127589454
-0.2078305791850944
-0.2998848216052572
-0.3857407461311808
-0.4626234368008023
-0.5
-0.5
-0.5
-0.5
-0.5
-0.5
-0.5
-0.5
-0.5
-0.5
-0.5
-0.5
-0.5
-0.5
-0.5
-0.5
-0.5
-0.5
-0.5
-0.5
-0.5
-0.5
-0.5
-0.5
-0.5
-0.5
-0.5
-0.35597244729494015
-0.24930926259633107
-0.1580570654285851
-0.07263122694947532
0.006785352480022988
0.07819124195452831
0.13948208557940245
0.18377577800172362
0.19433552784828578
0.18474410590381785
0.16379363363635235
0.13710336279700153
0.10819983448081527
0.07923698100631427
0.05147523005426957
0.02559942434929341
0.0019290450453507413
-0.04051210601806926
-0.1267600852341081
-0.22037795312429154
-0.31152256178982557
-0.39608078939767166
-0.47137623355763336
-0.5
-0.5
-0.5
-0.5
-0.5
-0.5
-0.5
-0.5
-0.5
-0.5
-0.5
-0.5
-0.5
-0.5
-0.5
-0.5
-0.5
-0.5
-0.5
-0.5
-0.5
-0.5
-0.5
-0.5
-0.5
-0.5
-0.49496444813924134
-0.33963679115088063
-0.23775068449144432
-0.14757046737331192
-0.06271237563642101
0.015991601252070886
0.08643102825587168
0.1465116760829207
0.1862949551698302
0.19411313873600589
0.18293013068591624
0.16112756840873144
0.134053429120083
0.10505585213305546
0.07617221748162095
0.048587493565967366
0.022938281740411015
-0.0004862246533048342
-0.051269444214030124
-0.1390148963645792
-0.2324060438433167
-0.3226924534888783
-0.40602113097016124
-0.4798088989277574
-0.5
-0.5
-0.5
-0.5
-0.5
-0.5
-0.5
-0.5
-0.5
-0.5
-0.5
-0.5
-0.5
-0.5
-0.5
-0.5
-0.5
-0.5
-0.5
-0.5
-0.5
-0.5
-0.5
-0.5
-0.5
-0.5
-0.47030463612874973
-0.3239343341665048
-0.2240808720967054
-0.13483475103698206
-0.05100151317371421
0.02637486643440412
0.09518400454915799
0.15338239228011086
0.1879604596456591
0.1926677380422579
0.17972963180273527
0.15703864680193735
0.129620129297922
0.1006105895588657
0.07190963319674515
0.04461346366487229
0.01930232620855743
-0.003769610650828925
-0.06119905927570429
-0.15026669836191114
-0.24359655667421165
-0.33327745237572515
-0.41565610494437
-0.4882223753480542
-0.5
-0.5
-0.5
-0.5
-0.5
-0.5
-0.5
-0.5
-0.5
-0.5
-0.5
-0.5
-0.5
-0.5
-0.5
-0.5
-0.5
-0.5
-0.5
-0.5
-0.5
-0.5
-0.5
-0.5
-0.5
-0.5
-0.4476249832368398
-0.30960974501093325
-0.2116894877034033
-0.12335047257885767
-0.04049878149117886
0.03562610307515102
0.10291435330850718
0.1593695820965041
0.18926177119968612
0.19117697406475775
0.17667190164452995
0.15319627154761695
0.12548346265165478
0.09647855451660892
0.06795660317303354
0.04093363518633608
0.015939053447487694
-0.006804515235092512
-0.07040821879904224
-0.16070858416343725
-0.2539866453381088
-0.34310998989830244
-0.42461059020795644
-0.4960460210589388
-0.5
-0.5
-0.5
-0.5
-0.5
-0.5
-0.5
-0.5
-0.5
-0.5
-0.5
-0.5
-0.5
-0.5
-0.5
-0.5
-0.5
-0.5
-0.5
-0.5
-0.5
-0.5
-0.5
-0.5
-0.5
-0.5
-0.42616924071212303
-0.2960120785302907
-0.1999006620278978
-0.11240796243542811
-0.030477607047229238
0.04446668352111227
0.11031581490144571
0.1651181675409613
0.19052255864004308
0.18976309387326495
0.173756341110874
0.14952812694357376
0.12153231645361118
0.0925307176254524
0.06417913995778834
0.0374168419616735
0.012724541341577744
-0.009705342651132098
-0.0800054288745583
-0.17160985487999542
-0.26480205502597454
-0.35330236389508163
-0.4338455801032608
-0.5
-0.5
-0.5
-0.5
-0.5
-0.5
-0.5
-0.5
-0.5
-0.5
-0.5
-0.5
-0.5
-0.5
-0.5
-0.5
-0.5
-0.5
-0.5
-0.5
-0.5
-0.5
-0.5
-0.5
-0.5
-0.5
-0.5
-0.4086310143486306
-0.2843061379984973
-0.1893973238629349
-0.10241901588029984
-0.021120384566843342
0.05293169085433225
0.1176300224632687
0.17106078603039754
0.192132177099973
0.18877356326167294
0.17129112741427432
0.14630629677638451
0.11800608702139781
0.08897717147823914
0.060761258817963015
0.03422401878146197
0.009799379132136354
-0.012349383932707625
-0.08963680805760477
-0.18267706765005493
-0.2758697722433711
-0.36381054440242133
-0.4434409431721856
-0.5
-0.5
-0.5
-0.5
-0.5
-0.5
-0.5
-0.5
-0.5
-0.5
-0.5
-0.5
-0.5
-0.5
-0.5
-0.5
-0.5
-0.5
-0.5
-0.5
-0.5
-0.5
-0.5
-0.5
-0.5
-0.5
-0.5
-0.3923718409573258
-0.27343733534397296
-0.179635011401291
-0.09312739902399503
-0.012409372703484911
0.0608195768422628
0.12445395997609732
0.176614917424205
0.19365811322537707
0.18788192674231208
0.16902567162853022
0.14333518998593087
0.11474964726725312
0.08569303870280931
0.057601076316520894
0.03127105769342364
0.007093428355948728
-0.01653894034459924
-0.09937649268513138
-0.1934625133382285
-0.2864963457183018
-0.37378065241706093
-0.4524302908389195
-0.5
-0.5
-0.5
-0.5
-0.5
-0.5
-0.5
-0.5
-0.5
-0.5
-0.5
-0.5
-0.5
-0.5
-0.5
-0.5
-0.5
-0.5
-0.5
-0.5
-0.5
-0.5
-0.5
-0.5
-0.5
-0.5
-0.5
-0.3749394007005953
-0.2619382665483487
-0.16939415326110557
-0.08343713546966802
-0.003372683443323199
0.06895555737042536
0.13144352964849937
0.18068196986725682
0.1942614549073416
0.18643671876137113
0.1664457728516392
0.14020270746535246
0.11142810842790607
0.08240280996378002
0.054469515768942434
0.028365772619682317
0.004444246988741463
-0.028757142541552483
-0.11335371341788142
-0.2072278314312846
-0.29932402778355416
-0.38524068192638933
-0.46219821642304065
-0.5
-0.5
-0.5
-0.5
-0.5
-0.5
-0.5
-0.5
-0.5
-0.5
-0.5
-0.5
-0.5
-0.5
-0.5
-0.5
-0.5
-0.5
-0.5
-0.5
-0.5
-0.5
-0.5
-0.5
-0.5
-0.5
-0.5
-0.35675708915304927
-0.2498328575705867
-0.15852778935588407
-0.0730803765728456
0.006362703104809686
0.07780653583190311
0.13914677902610673
0.18364605900606001
0.19433140666342752
0.1848135096776906
0.16390301475843871
0.1372314237625688
0.10833334054044452
0.0793679707423317
0.05159916136189424
0.025713945798944704
0.0020331848894271642
-0.040022316825159276
-0.12620142607407314
-0.21983003722295769
-0.3110143880020131
-0.39562931202623774
-0.47099410046739776
-0.5
-0.5
-0.5
-0.5
-0.5
-0.5
-0.5
-0.5
-0.5
-0.5
-0.5
-0.5
-0.5
-0.5
-0.5
-0.5
-0.5
-0.5
-0.5
-0.5
-0.5
-0.5
-0.5
-0.5
-0.5
-0.5
-0.49603660419288526
-0.34032230962597737
-0.23834943888558535
-0.14812983460105988
-0.06322816789823676
0.0155327783169249
0.08604257814589633
0.14620480631245658
0.1862173523267362
0.19417273883313468
0.18306731436265766
0.16130420772575904
0.13424557392017789
0.10524885395712424
0.07635748506319684
0.04876033959978021
0.023096498826221
-0.0003433014687897473
-0.050723988376137896
-0.13839620902232264
-0.23179768775086557
-0.32212555200581827
-0.4055143045457366
-0.4793762504271125
-0.5
-0.5
-0.5
-0.5
-0.5
-0.5
-0.5
-0.5
-0.5
-0.5
-0.5
-0.5
-0.5
-0.5
-0.5
-0.5
-0.5
-0.5
-0.5
-0.5
-0.5
-0.5
-0.5
-0.5
-0.5
-0.5
-0.47150463558342315
-0.3246971050611734
-0.22474391134727406
-0.13545169456961548
-0.05156806380669643
0.02587332325461178
0.09476207388618618
0.15305220567544187
0.1878820519483665
0.19273971462195738
0.17988636179946438
0.15723818564768466
0.1298361548540774
0.10082702626350348
0.07211707537936551
0.044806802180175964
0.01947917907216179
-0.0036099311299974124
-0.06071566150636998
-0.14971909457205607
-0.24305214932542474
-0.3327627251671663
-0.41518780197688293
-0.48781367826688804
-0.5
-0.5
-0.5
-0.5
-0.5
-0.5
-0.5
-0.5
-0.5
-0.5
-0.5
-0.5
-0.5
-0.5
-0.5
-0.5
-0.5
-0.5
-0.5
-0.5
-0.5
-0.5
-0.5
-0.5
-0.5
-0.5
-0.44872315760231807
-0.31030311318636306
-0.21228914584262953
-0.1239061519645494
-0.041006904238836184
0.03517858593435219
0.1025404655302753
0.1590800673274565
0.18919882371668384
0.19124902763608065
0.1768197215458691
0.15338203200322842
0.12568345461152175
0.09667832468467352
0.06814772028751481
0.041111544587306814
0.01610165874266023
-0.006657785363633484
-0.0699636963756341
-0.1602046487300291
-0.25348526202352895
-0.3426355548470712
-0.42417856173003765
-0.49566858977957345
-0.5
-0.5
-0.5
-0.5
-0.5
-0.5
-0.5
-0.5
-0.5
-0.5
-0.5
-0.5
-0.5
-0.5
-0.5
-0.5
-0.5
-0.5
-0.5
-0.5
-0.5
-0.5
-0.5
-0.5
-0.5
-0.5
-0.42732675541640575
-0.2967545887058225
-0.20054935556454312
-0.1130131216044542
-0.031034257575593305
0.04397330335406813
0.10990037554229815
0.164792876739561
0.19045057241080432
0.18984210892661613
0.17392016960431467
0.14973449647030657
0.12175472484397931
0.09275300328752778
0.06439186975829225
0.03761491466753153
0.012905603202045923
-0.009541940430418228
-0.07944461062227576
-0.17096893233721355
-0.26416306760102304
-0.3526972822104991
-0.4332945111410066
-0.5
-0.5
-0.5
-0.5
-0.5
-0.5
-0.5
-0.5
-0.5
-0.5
-0.5
-0.5
-0.5
-0.5
-0.5
-0.5
-0.5
-0.5
-0.5
-0.5
-0.5
-0.5
-0.5
-0.5
-0.5
-0.5
-0.5
-0.4095750874860284
-0.28493612470091917
-0.18996247483522555
-0.10295638503039761
-0.021623660556449043
0.052476523552621335
0.11723687398228722
0.1707415294121104
0.19204613388940484
0.18882738785819675
0.1714243382940216
0.1464801855813317
0.11819631247898399
0.08916882125477621
0.06094556333963508
0.03439617001470163
0.00995708772564663
-0.012206838740789205
-0.08912320809234031
-0.18208678376933574
-0.2752790157462378
-0.36324914331514613
-0.44292777220254786
-0.5
-0.5
-0.5
-0.5
-0.5
-0.5
-0.5
-0.5
-0.5
-0.5
-0.5
-0.5
-0.5
-0.5
-0.5
-0.5
-0.5
-0.5
-0.5
-0.5
-0.5
-0.5
-0.5
-0.5
-0.5
-0.5
-0.5
-0.3932404108618039
-0.2740179192225742
-0.18015645761323307
-0.09362367005058164
-0.012874595610270212
0.0603983579288524
0.12408960886335618
0.17631842879073067
0.19357684737863057
0.18792981834580924
0.16914694780788697
0.14349414830727059
0.11492382973780046
0.08586868029108374
0.05777007598844819
0.031428967833535326
0.007238124710168603
-0.015880819736649177
-0.0986227125492396
-0.19271871321152723
-0.2858016295131621
-0.3731583385595587
-0.45189806709153
-0.5
-0.5
-0.5
-0.5
-0.5
-0.5
-0.5
-0.5
-0.5
-0.5
-0.5
-0.5
-0.5
-0.5
-0.5
-0.5
-0.5
-0.5
-0.5
-0.5
-0.5
-0.5
-0.5
-0.5
-0.5
-0.5
-0.5
-0.3760889984918312
-0.26270221612320244
-0.17007849083285148
-0.08408794369408573
-0.003982865038438699
0.06840261688492111
0.1309644100763484
0.1805043062453512
0.19426742187491375
0.18654967140258205
0.16661638581356342
0.1403997145681979
0.11163212407266132
0.08260221392950107
0.054657718611570094
0.028539404018471437
0.004601960391313664
-0.028025278855092317
-0.11251706892349334
-0.2064047373880043
-0.298557940625084
-0.38455726587516165
-0.46161678061882305
-0.5
-0.5
-0.5
-0.5
-0.5
-0.5
-0.5
-0.5
-0.5
-0.5
-0.5
-0.5
-0.5
-0.5
-0.5
-0.5
-0.5
-0.5
-0.5
-0.5
-0.5
-0.5
-0.5
-0.5
-0.5
-0.5
-0.5
-0.35782710250390587
-0.2505469550542536
-0.15916982664559964
-0.07369302403536482
0.005786167615924986
0.07728172154267376
0.13868931380782168
0.1834689853124425
0.19432563676447678
0.18490802737718048
0.16405206766023972
0.13740596563204277
0.10851532084727522
0.07954653060348726
0.05176810512869967
0.02587006549926585
0.002175154227707865
-0.03935457030730943
-0.12543980320428
-0.21908308086903117
-0.31032163186514794
-0.39501386768732216
-0.47047320783800295
-0.5
-0.5
-0.5
-0.5
-0.5
-0.5
-0.5
-0.5
-0.5
-0.5
-0.5
-0.5
-0.5
-0.5
-0.5
-0.5
-0.5
-0.5
-0.5
-0.5
-0.5
-0.5
-0.5
-0.5
-0.5
-0.5
-0.49749837983850004
-0.34125693451786204
-0.23916576494297903
-0.1488924568910706
-0.0639313775929064
0.014907242343020988
0.08551298946564423
0.14578644448575295
0.18611156351688984
0.19425400632101986
0.18325435531560164
0.16154503996830505
0.13450754476683613
0.10551199232579334
0.07661007802765707
0.04899599674836552
0.02331221075332901
-0.00014844125991431145
-0.049980336897908095
-0.13755271701722033
-0.23096828020697524
-0.3213526610309331
-0.4048233164931713
-0.47878639262667416
-0.5
-0.5
-0.5
-0.5
-0.5
-0.5
-0.5
-0.5
-0.5
-0.5
-0.5
-0.5
-0.5
-0.5
-0.5
-0.5
-0.5
-0.5
-0.5
-0.5
-0.5
-0.5
-0.5
-0.5
-0.5
-0.5
-0.4731406680730161
-0.3257370370705716
-0.22564787303527684
-0.13629281106430197
-0.05234047649382845
0.025189539288775986
0.0941868306133844
0.15260204275997247
0.1877751546902131
0.19283784545735783
0.1801000421258564
0.15751022984955643
0.13013067633994946
0.10112210823316792
0.07239989450752549
0.045070392859429376
0.01972029380160556
-0.0033922299170320303
-0.06005661336397994
-0.14897250994956812
-0.24230992252638545
-0.3320609632003006
-0.41454933320468157
-0.4872564741190085
-0.5
-0.5
-0.5
-0.5
-0.5
-0.5
-0.5
-0.5
-0.5
-0.5
-0.5
-0.5
-0.5
-0.5
-0.5
-0.5
-0.5
-0.5
-0.5
-0.5
-0.5
-0.5
-0.5
-0.5
-0.5
-0.5
-0.4502203706329657
-0.31124842750846904
-0.21310669917874586
-0.12466374621894905
-0.041699661441868874
0.03456845630152161
0.10203071961225574
0.15868535264727535
0.1891130031094832
0.1913472628467413
0.17702125398517232
0.15363529130664866
0.1259561166733072
0.09695068437604126
0.0684082827143937
0.041354100081510636
0.016323349153762545
-0.006457738951936243
-0.06935764996051386
-0.15951760069846455
-0.2528016934777295
-0.3419887266403642
-0.4235895491822322
-0.4951540131624344
-0.5
-0.5
-0.5
-0.5
-0.5
-0.5
-0.5
-0.5
-0.5
-0.5
-0.5
-0.5
-0.5
-0.5
-0.5
-0.5
-0.5
-0.5
-0.5
-0.5
-0.5
-0.5
-0.5
-0.5
-0.5
-0.5
-0.42890487075410655
-0.29776690127735866
-0.20143376178554007
-0.11383817457804402
-0.031793175551368125
0.04330064599266359
0.10933397997189309
0.16434938658160292
0.19035242889984905
0.1899498353139779
0.17414352768643282
0.15001585351732538
0.12205794871916076
0.09305605983834841
0.06468189817885117
0.03788496011407372
0.013152456652710032
-0.009319163519242057
-0.0786800105111321
-0.17009512082066292
-0.263291894356006
-0.35187233487240344
-0.43254320287018155
-0.5
-0.5
-0.5
-0.5
-0.5
-0.5
-0.5
-0.5
-0.5
-0.5
-0.5
-0.5
-0.5
-0.5
-0.5
-0.5
-0.5
-0.5
-0.5
-0.5
-0.5
-0.5
-0.5
-0.5
-0.5
-0.5
-0.5
-0.4108622039861124
-0.28579502667325696
-0.19073298202684014
-0.10368901545134762
-0.022309809547445714
0.051855964274491795
0.11670086900864474
0.17030626603568866
0.19192882556709567
0.1889007704425747
0.17160595337763795
0.14671725953426895
0.11845565925627932
0.0894301098989988
0.06119683771865636
0.0346308750226737
0.010172102140585726
-0.012012497580552006
-0.08842298374963076
-0.1812820112412803
-0.27447359886931344
-0.362483748583736
-0.44222813273727396
-0.5
-0.5
-0.5
-0.5
-0.5
-0.5
-0.5
-0.5
-0.5
-0.5
-0.5
-0.5
-0.5
-0.5
-0.5
-0.5
-0.5
-0.5
-0.5
-0.5
-0.5
-0.5
-0.5
-0.5
-0.5
-0.5
-0.5
-0.3944245888820623
-0.2748094671042681
-0.18086737925558277
-0.09430026872021197
-0.013508864352472005
0.05982408270182504
0.12359286521928414
0.17591420649229217
0.19346605234747827
0.18799511209341457
0.16931229153572225
0.14371086655783916
0.1151613040642877
0.08610814392797728
0.058000484267444974
0.031644257030283174
0.007435398690488593
-0.014983560973225785
-0.09759503491015198
-0.19170464197012432
-0.2848544775844847
-0.372309897475267
-0.4511724517322288
-0.5
-0.5
-0.5
-0.5
-0.5
-0.5
-0.5
-0.5
-0.5
-0.5
-0.5
-0.5
-0.5
-0.5
-0.5
-0.5
-0.5
-0.5
-0.5
-0.5
-0.5
-0.5
-0.5
-0.5
-0.5
-0.5
-0.5
-0.3776563201653672
-0.26374375842197545
-0.17101149289355122
-0.08497523300796989
-0.004814765417935407
0.06764875704481732
0.13031119510381695
0.1802620858380768
0.19427555703112676
0.18670366710787312
0.1668489935960904
0.14066830720510937
0.11191027191202518
0.08287407436595084
0.0549143078260963
0.02877612703290766
0.0048169813629481695
-0.027027481341385662
-0.11137641689798461
-0.20528255957658004
-0.2975134840190965
-0.38362552018349794
-0.4608240712515404
-0.5
-0.5
-0.5
-0.5
-0.5
-0.5
-0.5
-0.5
-0.5
-0.5
-0.5
-0.5
-0.5
-0.5
-0.5
-0.5
-0.5
-0.5
-0.5
-0.5
-0.5
-0.5
-0.5
-0.5
-0.5
-0.5
-0.5
-0.3592859215174326
-0.2515205307445486
-0.16004515797196184
-0.07452828629279057
0.00500013916825659
0.07656620798101077
0.13806562162872216
0.18322756919287952
0.19431777028478459
0.18503688952363972
0.16425528120612254
0.13764392995056451
0.10876342647276127
0.07978997291221968
0.05199843718860864
0.026082913672639152
0.002368710289280318
-0.03844418791284798
-0.1244014330543145
-0.21806470653705362
-0.3093771522253474
-0.3941747922658231
-0.4697630409310566
-0.5
-0.5
-0.5
-0.5
-0.5
-0.5
-0.5
-0.5
-0.5
-0.5
-0.5
-0.5
-0.5
-0.5
-0.5
-0.5
-0.5
-0.5
-0.5
-0.5
-0.5
-0.5
-0.5
-0.5
-0.5
-0.5
-0.49949131394874347
-0.34253116961194596
-0.24027871551767266
-0.14993218961582444
-0.06489010925009658
0.014054408337120905
0.0847909666651967
0.14521606451167013
0.18596733473030636
0.19436480358949693
0.18350936045011224
0.1618733822775068
0.13486470671419826
0.10587074603208702
0.07695445449636495
0.04931728351432507
0.02360630489753579
0.00011722437636940697
-0.04896646831859397
-0.13640272933359254
-0.2298374947882491
-0.32029892833811785
-0.4038812473980563
-0.47798220100245953
-0.5
-0.5
-0.5
-0.5
-0.5
-0.5
-0.5
-0.5
-0.5
-0.5
-0.5
-0.5
-0.5
-0.5
-0.5
-0.5
-0.5
-0.5
-0.5
-0.5
-0.5
-0.5
-0.5
-0.5
-0.5
-0.5
-0.47537117790792194
-0.32715484422865176
-0.22688030298290618
-0.1374395600595908
-0.053393557105744394
0.024257291995124497
0.09340256392821067
0.1519883062867342
0.18762941468373207
0.1929716336277395
0.1803913664562563
0.15788112545930988
0.13053221669749593
0.1015244127348367
0.07278548027729081
0.04542976323025283
0.020049021243625176
-0.003095423649626672
-0.05915809003230482
-0.14795464242331646
-0.24129799630516469
-0.33110420532488305
-0.41367886707107243
-0.4864968013497934
-0.5
-0.5
-0.5
-0.5
-0.5
-0.5
-0.5
-0.5
-0.5
-0.5
-0.5
-0.5
-0.5
-0.5
-0.5
-0.5
-0.5
-0.5
-0.5
-0.5
-0.5
-0.5
-0.5
-0.5
-0.5
-0.5
-0.4522616188423102
-0.3125372362001965
-0.2142213229825934
-0.12569662389470204
-0.042644142535243124
0.03373662676558442
0.10133574974418846
0.15814721237088947
0.18899599827637847
0.19148119331872515
0.17729601630852343
0.1539805762387353
0.12632785465179297
0.09732201011320885
0.06876352447117873
0.041684791812129474
0.016625594155260548
-0.006185002626975411
-0.06853138734168768
-0.15858090329104374
-0.2518697398802687
-0.3411068635442867
-0.4227865099460788
-0.49445245728708087
-0.5
-0.5
-0.5
-0.5
-0.5
-0.5
-0.5
-0.5
-0.5
-0.5
-0.5
-0.5
-0.5
-0.5
-0.5
-0.5
-0.5
-0.5
-0.5
-0.5
-0.5
-0.5
-0.5
-0.5
-0.5
-0.5
-0.4310178247833401
-0.29911974866652424
-0.202614277624794
-0.1149386138750943
-0.032804722161800914
0.042404717653924284
0.10858024348502715
0.16375993348722118
0.19022217799273933
0.19009331585627165
0.17444074555870692
0.15039017269442434
0.12246132410672117
0.09345919336961572
0.0650676901020425
0.038244164082759324
0.013480807219966917
-0.009022840962622403
-0.07766327163682574
-0.16893421254117413
-0.26213564943340806
-0.35077860653929693
-0.43154827323730566
-0.5
-0.5
-0.5
-0.5
-0.5
-0.5
-0.5
-0.5
-0.5
-0.5
-0.5
-0.5
-0.5
-0.5
-0.5
-0.5
-0.5
-0.5
-0.5
-0.5
-0.5
-0.5
-0.5
-0.5
-0.5
-0.5
-0.5
-0.4125751656919104
-0.286937946676748
-0.19175817965113773
-0.10466374106348453
-0.02322262096405886
0.05103048847647096
0.11598795798152062
0.16972745170768666
0.19177307452886228
0.18899873374319742
0.17184790608465939
0.1470329787391278
0.11880098740980116
0.08977799567732292
0.061531374023323204
0.03494334168572555
0.010458348221977554
-0.011753777484989014
-0.08749100211235955
-0.1802108560349256
-0.27340154964305385
-0.3614649320171062
-0.4412968033292446
-0.5
-0.5
-0.5
-0.5
-0.5
-0.5
-0.5
-0.5
-0.5
-0.5
-0.5
-0.5
-0.5
-0.5
-0.5
-0.5
-0.5
-0.5
-0.5
-0.5
-0.5
-0.5
-0.5
-0.5
-0.5
-0.5
-0.5
-0.39600067209868994
-0.27586299413944915
-0.18181360354079085
-0.09520081496782073
-0.014353074192097082
0.059059719923594045
0.12293169303766693
0.1753761767208427
0.19331857782353012
0.18808201408036218
0.1695323615869233
0.14399931710304625
0.11547738159473209
0.08642686964316804
0.058307157558679434
0.031930806978834436
0.007697970475774696
-0.014249119448978553
-0.09647362050204067
-0.19053142973805942
-0.28372730366818566
-0.3712745891359997
-0.45026075885660866
-0.5
-0.5
-0.5
-0.5
-0.5
-0.5
-0.5
-0.5
-0.5
-0.5
-0.5
-0.5
-0.5
-0.5
-0.5
-0.5
-0.5
-0.5
-0.5
-0.5
-0.5
-0.5
-0.5
-0.5
-0.5
-0.5
-0.5
-0.37956292794321866
-0.2650010655783092
-0.17213149527736904
-0.08603562258337782
-0.005804468229494875
0.06675663981465552
0.1295434545798102
0.1799883746368126
0.19430203729893136
0.18690432936885426
0.16714281655128482
0.14100399955963605
0.11225609312196871
0.08321105578916699
0.05523174893980631
0.029068612451681353
0.0050824132780112885
-0.02580542069361874
-0.10997867093224928
-0.2039062178058258
-0.29623112187975825
-0.3824801359511883
-0.4598480994418943
-0.5
-0.5
-0.5
-0.5
-0.5
-0.5
-0.5
-0.5
-0.5
-0.5
-0.5
-0.5
-0.5
-0.5
-0.5
-0.5
-0.5
-0.5
-0.5
-0.5
-0.5
-0.5
-0.5
-0.5
-0.5
-0.5
-0.5
-0.3610666933283751
-0.2527093531441283
-0.16111424947003905
-0.07554860593258095
0.004039809014186546
0.07569187236589259
0.137303317566708
0.18293219583594822
0.19430768705618406
0.1851938459477379
0.1645030919799686
0.1379342264049792
0.10906614858257302
0.08008703546143137
0.052279519885663595
0.026342671274293572
0.002604931044216885
-0.037332261272177925
-0.12313321912923231
-0.21682099164940677
-0.3082237697816187
-0.3931502197191345
-0.46889597475531425
-0.5
-0.5
-0.5
-0.5
-0.5
-0.5
-0.5
-0.5
-0.5
-0.5
-0.5
-0.5
-0.5
-0.5
-0.5
-0.5
-0.5
-0.5
-0.5
-0.5
-0.5
-0.5
-0.5
-0.5
-0.5
-0.5
-0.5
-0.3441490335893434
-0.24142488961203074
-0.15097232635056468
-0.06587384324712464
0.013141513246726633
0.08397408974052423
0.14451936288920275
0.18571781255549136
0.1943870804915696
0.18368941753193235
0.1621379005488084
0.13516726420724823
0.10618260931093448
0.07725844618755406
0.049603707886164305
0.02387024918167635
0.0003567786665037431
-0.047900980273374805
-0.13518900186800964
-0.22864624718508686
-0.31919268864993067
-0.40289678730230205
-0.47714706080271824
-0.5
-0.5
-0.5
-0.5
-0.5
-0.5
-0.5
-0.5
-0.5
-0.5
-0.5
-0.5
-0.5
-0.5
-0.5
-0.5
-0.5
-0.5
-0.5
-0.5
-0.5
-0.5
-0.5
-0.5
-0.5
-0.5
-0.4777298574798986
-0.3286598120675255
-0.22819209119922418
-0.13866277015682282
-0.05451929728316146
0.0232581469387092
0.09255913287293571
0.15132485948032415
0.18746569513598765
0.19310674016642626
0.18069522288376827
0.15827056728098843
0.1309550242049763
0.10194866601583952
0.07319247641670779
0.04580931603036875
0.02039635288078434
-0.0027817286548197373
-0.0582099695194358
-0.14688111054717312
-0.24023120617918142
-0.3300960314384432
-0.4127620697475804
-0.48569714682357057
-0.5
-0.5
-0.5
-0.5
-0.5
-0.5
-0.5
-0.5
-0.5
-0.5
-0.5
-0.5
-0.5
-0.5
-0.5
-0.5
-0.5
-0.5
-0.5
-0.5
-0.5
-0.5
-0.5
-0.5
-0.5
-0.5
-0.45441702909515824
-0.3138977574950189
-0.2153977331703794
-0.12678658604573745
-0.043640664500476656
0.032859129347571736
0.10060281118959735
0.15757989119593885
0.1888730254672688
0.19162296679512214
0.17758635261399647
0.15434528555402194
0.12672043687402523
0.09771411993828205
0.06913862839710794
0.042033959858785774
0.0169447178117641
-0.005897040836998491
-0.06765954217524695
-0.15759254909323267
-0.2508863748497109
-0.34017632872531167
-0.42193912291044566
-0.49371212865737885
-0.5
-0.5
-0.5
-0.5
-0.5
-0.5
-0.5
-0.5
-0.5
-0.5
-0.5
-0.5
-0.5
-0.5
-0.5
-0.5
-0.5
-0.5
-0.5
-0.5
-0.5
-0.5
-0.5
-0.5
-0.5
-0.5
-0.4329932716328807
-0.30036746786112745
-0.20369365902519954
-0.11593905058613574
-0.033719741860352315
0.041598620822388965
0.1079065310769437
0.163237966574018
0.19010817155046011
0.19022242260388278
0.1747063218546493
0.15072411595129853
0.12282094542315303
0.09381846682999473
0.06541143141351058
0.038564168323307446
0.01377329549683426
-0.00875890150835762
-0.07675948838943403
-0.16790940232943452
-0.261122780274557
-0.34982837544868683
-0.4306917779129277
-0.5
-0.5
-0.5
-0.5
-0.5
-0.5
-0.5
-0.5
-0.5
-0.5
-0.5
-0.5
-0.5
-0.5
-0.5
-0.5
-0.5
-0.5
-0.5
-0.5
-0.5
-0.5
-0.5
-0.5
-0.5
-0.5
-0.5
-0.41410723397817734
-0.28795915143058914
-0.19267354188151314
-0.10553353295477214
-0.024036671566301127
0.05029485627304109
0.11535324232769895
0.16921283689958477
0.19163625497208203
0.18908838424761165
0.17206599001662282
0.14731676287834938
0.1191110323467881
0.09009014833622664
0.061831439078379846
0.035223544804453
0.010714996636823071
-0.011521835349577347
-0.08665686073984746
-0.17925200069685054
-0.27244164918638536
-0.3605524345725212
-0.4404623964993113
-0.5
-0.5
-0.5
-0.5
-0.5
-0.5
-0.5
-0.5
-0.5
-0.5
-0.5
-0.5
-0.5
-0.5
-0.5
-0.5
-0.5
-0.5
-0.5
-0.5
-0.5
-0.5
-0.5
-0.5
-0.5
-0.5
-0.5
-0.3974111034081046
-0.2768058953426211
-0.18266052593020887
-0.09600688825136233
-0.015108750106269553
0.05837548959063321
0.12233980655757049
0.1748944967754379
0.19318652464364028
0.18815977720054178
0.16972933953321578
0.1442575121154136
0.11576031105315943
0.08671217236120143
0.05858167334435338
0.032187310522488466
0.007933010718893074
-0.014036642157079338
-0.09570806248000319
-0.1896518154746985
-0.28284725720813625
-0.3704385457630393
-0.44949681189096047
-0.5
-0.5
-0.5
-0.5
-0.5
-0.5
-0.5
-0.5
-0.5
-0.5
-0.5
-0.5
-0.5
-0.5
-0.5
-0.5
-0.5
-0.5
-0.5
-0.5
-0.5
-0.5
-0.5
-0.5
-0.5
-0.5
-0.5
-0.38109617038367943
-0.2660018861153458
-0.17301632236729841
-0.08686827222665527
-0.006576772961522592
0.06606561640757025
0.12895450923427598
0.17979042749777296
0.1943408788570835
0.18707979828635202
0.16739058917282712
0.141283425912488
0.1125420830628504
0.08348867662798054
0.05549263706722263
0.02930859744887182
0.005299951487269805
-0.024813971288153214
-0.10884393150141441
-0.20278756019044586
-0.29518743845451
-0.3815464623236177
-0.45905095128591855
-0.5
-0.5
-0.5
-0.5
-0.5
-0.5
-0.5
-0.5
-0.5
-0.5
-0.5
-0.5
-0.5
-0.5
-0.5
-0.5
-0.5
-0.5
-0.5
-0.5
-0.5
-0.5
-0.5
-0.5
-0.5
-0.5
-0.5
-0.36250519471277365
-0.2536700840076507
-0.16197846763697082
-0.07637357379818394
0.003263184874678804
0.07498462754058965
0.13668651443691948
0.18269288149089336
0.1942990369068025
0.18532027276166985
0.1647030095297478
0.13816853272903606
0.10931054088098158
0.08032689056412923
0.05250649144835129
0.02655243472960722
0.002795695057397629
-0.0364333861482497
-0.12210803893995387
-0.21581569676079887
-0.3072915818467469
-0.3923222355114041
-0.46819538045725556
-0.5
-0.5
-0.5
-0.5
-0.5
-0.5
-0.5
-0.5
-0.5
-0.5
-0.5
-0.5
-0.5
-0.5
-0.5
-0.5
-0.5
-0.5
-0.5
-0.5
-0.5
-0.5
-0.5
-0.5
-0.5
-0.5
-0.5
-0.34546997855861505
-0.24230587171211093
-0.15176404323916998
-0.06662904875571535
0.012431076754663262
0.08332765412847776
0.14395618031383306
0.18550043923473714
0.19438093437052972
0.1838068903300234
0.1623225546229533
0.13538327357277835
0.10640771376703773
0.07747925771975805
0.04981259105877045
0.024063253843579435
0.0005322754125818285
-0.047076726094570365
-0.13424878785592453
-0.2277239966841511
-0.31833720179466946
-0.4021366086660324
-0.47650349274538517
-0.5
-0.5
-0.5
-0.5
-0.5
-0.5
-0.5
-0.5
-0.5
-0.5
-0.5
-0.5
-0.5
-0.5
-0.5
-0.5
-0.5
-0.5
-0.5
-0.5
-0.5
-0.5
-0.5
-0.5
-0.5
-0.5
-0.4795581705032757
-0.32982777793466816
-0.2292110168548851
-0.13961353383769654
-0.05539489686021787
0.022480386001671904
0.09190188323564519
0.1508070386687672
0.18733642637226855
0.19320990126589654
0.18092972148309694
0.1585717617066632
0.13128231803107493
0.10227723735520555
0.07350777478000903
0.04610341024548059
0.02066551585350873
-0.0025386098144858926
-0.05747553604537636
-0.14604965887996563
-0.23940509301893775
-0.32931542265114394
-0.41205232221520893
-0.48507819799088964
-0.5
-0.5
-0.5
-0.5
-0.5
-0.5
-0.5
-0.5
-0.5
-0.5
-0.5
-0.5
-0.5
-0.5
-0.5
-0.5
-0.5
-0.5
-0.5
-0.5
-0.5
-0.5
-0.5
-0.5
-0.5
-0.5
-0.45608701944598656
-0.3149517853997992
-0.2163090682216764
-0.12763091001723215
-0.044412567392584645
0.032179463361911465
0.10003515902571025
0.15714056182130987
0.18877788900731352
0.19173289815296102
0.17781135317282615
0.1546278865023868
0.12702461880941507
0.09801792674085119
0.06942925369853348
0.04230448715068258
0.01719196536830858
-0.0056739378749790514
-0.06698420034154734
-0.15682696246154004
-0.25012464889346003
-0.33945551989347134
-0.4212827153276194
-0.4931386440368044
-0.5
-0.5
-0.5
-0.5
-0.5
-0.5
-0.5
-0.5
-0.5
-0.5
-0.5
-0.5
-0.5
-0.5
-0.5
-0.5
-0.5
-0.5
-0.5
-0.5
-0.5
-0.5
-0.5
-0.5
-0.5
-0.5
-0.43452349006385854
-0.30133397369885506
-0.20452976641885573
-0.11671400510706126
-0.034428529895088544
0.040974207354888215
0.1073846659089015
0.1628336470906684
0.19001986683551297
0.19032243818152028
0.17491204915184366
0.15098280119470053
0.12309952087008846
0.09409677227005786
0.06567770480411761
0.03881205399903276
0.013999866291571128
-0.008554445624693374
-0.07605937812650893
-0.16711553794325407
-0.2603381651570664
-0.34909228197195663
-0.43002829590233793
-0.5
-0.5
-0.5
-0.5
-0.5
-0.5
-0.5
-0.5
-0.5
-0.5
-0.5
-0.5
-0.5
-0.5
-0.5
-0.5
-0.5
-0.5
-0.5
-0.5
-0.5
-0.5
-0.5
-0.5
-0.5
-0.5
-0.5
-0.41529403330291886
-0.2887502166680838
-0.1933826177146356
-0.10620730848116217
-0.024667267940254534
0.049725005650766874
0.11486156543180048
0.1688141946687689
0.19153026788273786
0.18915782987669894
0.17223492533976648
0.14753659227570115
0.11935120449585701
0.0903319533072715
0.06206388060536072
0.035440600574949466
0.010913806079324684
-0.011342164298837942
-0.08601070372952802
-0.17850923574429106
-0.2716980748025073
-0.359845580470217
-0.43981603441605194
-0.5
-0.5
-0.5
-0.5
-0.5
-0.5
-0.5
-0.5
-0.5
-0.5
-0.5
-0.5
-0.5
-0.5
-0.5
-0.5
-0.5
-0.5
-0.5
-0.5
-0.5
-0.5
-0.5
-0.5
-0.5
-0.5
-0.5
-0.398503676736765
-0.27753630214099995
-0.1833165838847537
-0.0966313029237505
-0.015694125056178954
0.057845459098067153
0.12188130910773409
0.17452136947110797
0.19308423137386488
0.18822001551979006
0.1698819261321659
0.14445751974815424
0.11597947891063687
0.0869331786280062
0.05879432364148829
0.032386007853991705
0.008115081765656673
-0.013872049225265748
-0.0951150324224303
-0.1889704331574853
-0.28216554008757866
-0.3697909150818771
-0.44890502979305896
-0.5
-0.5
-0.5
-0.5
-0.5
-0.5
-0.5
-0.5
-0.5
-0.5
-0.5
-0.5
-0.5
-0.5
-0.5
-0.5
-0.5
-0.5
-0.5
-0.5
-0.5
-0.5
-0.5
-0.5
-0.5
-0.5
-0.5
-0.38228387768848576
-0.26677715937561997
-0.17370174273823974
-0.08751327398380765
-0.007175029279151146
0.06553032366374167
0.12849828999937496
0.17963709019378338
0.1943709669923831
0.18721572311775703
0.16758252317528444
0.14149988008673497
0.11276362163932141
0.08370373218275418
0.055694730833654615
0.029494498863544605
0.005468464774822435
-0.024045957235586446
-0.10796491959721843
-0.20192100586578698
-0.29437896196118973
-0.3808232035629845
-0.4584334502978116
-0.5
-0.5
-0.5
-0.5
-0.5
-0.5
-0.5
-0.5
-0.5
-0.5
-0.5
-0.5
-0.5
-0.5
-0.5
-0.5
-0.5
-0.5
-0.5
-0.5
-0.5
-0.5
-0.5
-0.5
-0.5
-0.5
-0.5
-0.3636195120621092
-0.2544143023181219
-0.1626479235780442
-0.07701262497779993
0.002661582565848475
0.0744367690613651
0.13620871550114644
0.18250749958495627
0.19429233617427644
0.18541820773233697
0.16485787319233125
0.13835003523142853
0.10949985635905368
0.08051269135960049
