0.5
0.5
0.5
0.5
0.5
0.5
0.5
0.5
0.5
0.5
0.5
0.5
0.5
0.5
0.5
0.5
0.44009256284170084
0.298218696863794
0.26160183551409516
0.2427495045405062
0.22414546013560693
0.20295223991392436
0.17944171723281982
0.15455244700853016
0.1293521967819507
0.10489913947978152
0.08218807268101685
0.06211694754497765
0.0454608465026754
0.03285125275123579
0.02476055496624119
0.021492026141043563
0.02317543001800454
0.02976824424108876
0.034057641702052
-0.000661364998293501
-0.023713687581666476
-0.028697793300205166
-0.02291740519235641
-0.01109718258249881
0.030700546830121855
0.14313495541864008
0.2658711887428786
0.3834848402475878
0.490218792953102
0.5
0.5
0.5
0.5
0.5
0.5
0.5
0.5
0.5
0.5
0.5
0.5
0.5
0.5
0.5
0.5
0.5
0.5
0.5
0.5
0.5
0.5
0.5
0.5
0.5
0.5
0.5
0.5
0.3728417374436803
0.24796079291668532
0.1490120155725192
0.05835589528977908
-0.02538956413008231
-0.10044912944816053
-0.16468395556255644
-0.2036082651600707
-0.21018610931818937
-0.19759296297562112
-0.17434126575793485
-0.14585704724380077
-0.11553236294914437
-0.08542669983523488
-0.056733453383741694
-0.030089303445030136
-0.005778642933834566
0.07413444310585054
0.16769399398296891
0.2612019357188763
0.3496475782302306
0.43004328107835776
0.5
0.5
0.5
0.5
0.5
0.5
0.5
0.5
0.5
0.5
0.5
0.5
0.5
0.5
0.5
0.5
0.5
0.5
0.5
0.5
0.5
0.5
0.5
0.5
0.5
0.5
0.5
0.4006735416684774
0.279523041538047
0.18531062266149112
0.0985747587175358
0.01748464804521882
-0.0563096536951353
-0.12068992463265471
-0.17374793361475105
-0.19404801026563034
-0.19015720659174373
-0.17230493643161282
-0.1470608667036809
-0.11857706633654497
-0.08941657209177822
-0.06110506971025198
-0.03449733601180316
-0.010019866528738874
0.01216915662126361
0.09086193419347932
0.18365969239106245
0.2762759153078276
0.36359576198431637
0.44263538159497584
0.5
0.5
0.5
0.5
0.5
0.5
0.5
0.5
0.5
0.5
0.5
0.5
0.5
0.5
0.5
0.5
0.5
0.5
0.5
0.5
0.5
0.5
0.5
0.5
0.5
0.5
0.5
0.3760012505056206
0.263386844444532
0.17114119260243682
0.08541287115558743
0.005507209854022865
-0.06673429677466203
-0.12920826357879922
-0.17938253776816904
-0.193563992283319
-0.1861205647160783
-0.16636579225559045
-0.1402640646690937
-0.11156938899936497
-0.08258473781093723
-0.0546674193702954
-0.028564562174494657
-0.004635072252701988
0.030084963078291838
0.11481545823324701
0.20850518233492543
0.30032858666188844
0.3859398907953505
0.46257927867630855
0.5
0.5
0.5
0.5
0.5
0.5
0.5
0.5
0.5
0.5
0.5
0.5
0.5
0.5
0.5
0.5
0.5
0.5
0.5
0.5
0.5
0.5
0.5
0.5
0.5
0.5
0.5
0.3496017541971129
0.24538788284576935
0.15473252957470607
0.06960028751869074
-0.009510569776061795
-0.08054296196009403
-0.14139289034903524
-0.18430439074680272
-0.19403438630723535
-0.18397123656541925
-0.1627782510227408
-0.13598967542217955
-0.10707625445343882
-0.07815556308434757
-0.05046457529986614
-0.024673216554267907
-0.001091672473856442
0.045473421464498565
0.13239479120538827
0.22583249323465138
0.316498686317197
0.40041291152847036
0.474946105916066
0.5
0.5
0.5
0.5
0.5
0.5
0.5
0.5
0.5
0.5
0.5
0.5
0.5
0.5
0.5
0.5
0.5
0.5
0.5
0.5
0.5
0.5
0.5
0.5
0.5
0.5
0.4787901040516498
0.3295194698713475
0.2290584913107514
0.1395558238379201
0.05541961562358677
-0.022377577295686457
-0.09172561875403751
-0.1505638125205645
-0.18710582471152049
-0.19299651131001394
-0.18073548780097348
-0.1583970025921857
-0.13112638845298707
-0.10213895722170085
-0.07338570187450388
-0.04599601080509541
-0.020571268092876682
0.002621155756355076
0.05809753124515121
0.14674992613814486
0.24007132315453017
0.3299100804974404
0.4125558380777758
0.4854774277850377
0.5
0.5
0.5
0.5
0.5
0.5
0.5
0.5
0.5
0.5
0.5
0.5
0.5
0.5
0.5
0.5
0.5
0.5
0.5
0.5
0.5
0.5
0.5
0.5
0.5
0.5
0.45245871601026033
0.3127373351458165
0.21444310693291763
0.12593761615476112
0.04289715346592976
-0.03347984549661143
-0.10108352469824322
-0.15790753634742416
-0.18887325724866866
-0.1914319792790523
-0.17729184182889013
-0.154002882973296
-0.12636467466143508
-0.09736573488842049
-0.06880941603907398
-0.04172999074672179
-0.016668460104128036
0.006145328088922819
0.06858682130727406
0.15863921420899413
0.25191086845137517
0.3411263901084117
0.42278384727626217
0.4944283611254664
0.5
0.5
0.5
0.5
0.5
0.5
0.5
0.5
0.5
0.5
0.5
0.5
0.5
0.5
0.5
0.5
0.5
0.5
0.5
0.5
0.5
0.5
0.5
0.5
0.5
0.5
0.42962554808372727
0.29827720694942317
0.20190965915715986
0.11430358281076192
0.032240773832144964
-0.04288382482722852
-0.1089608675192788
-0.16403140094696878
-0.1902414594553985
-0.1899644980208911
-0.17423093396091416
-0.15014201270088856
-0.12220135680979571
-0.09320342254551284
-0.06482528290656309
-0.038019903953403156
-0.01327671340941261
0.00920644964041284
0.07843270408551961
0.16980718880231505
0.26299063546669693
0.35157109621862614
0.4322521390233839
0.5
0.5
0.5
0.5
0.5
0.5
0.5
0.5
0.5
0.5
0.5
0.5
0.5
0.5
0.5
0.5
0.5
0.5
0.5
0.5
0.5
0.5
0.5
0.5
0.5
0.5
0.5
0.410796866611796
0.2857729072804307
0.1907260479758831
0.10369137444997184
0.02231999260796591
-0.05183868786161039
-0.11667724215893649
-0.17027717700126432
-0.19190591730956008
-0.18888244917773023
-0.171591092623825
-0.1467050537777278
-0.1184455247970907
-0.08942161748105615
-0.06118966659596692
-0.034624781504313584
-0.010166897933270524
0.012016960384038045
0.08851299319732431
0.18138246220165655
0.27456661964012485
0.3625637652840037
0.44229254025544046
0.5
0.5
0.5
0.5
0.5
0.5
0.5
0.5
0.5
0.5
0.5
0.5
0.5
0.5
0.5
0.5
0.5
0.5
0.5
0.5
0.5
0.5
0.5
0.5
0.5
0.5
0.5
0.3940391679827612
0.2745623112031217
0.180651692313678
0.09409936617721343
0.013324430003662624
-0.05998712370792325
-0.12372963267640458
-0.1760206534491765
-0.1934877610089889
-0.18796640735420256
-0.1692553701060281
-0.14363989522857035
-0.11508515570371591
-0.08603222117784237
-0.05792793264447771
-0.03157676968149492
-0.007373748338035946
0.015324445784357266
0.0979839479386676
0.19208398092221468
0.285203716536855
0.372617340863236
0.45142954878995684
0.5
0.5
0.5
0.5
0.5
0.5
0.5
0.5
0.5
0.5
0.5
0.5
0.5
0.5
0.5
0.5
0.5
0.5
0.5
0.5
0.5
0.5
0.5
0.5
0.5
0.5
0.5
0.3769088663393813
0.26325543700267134
0.1705791701852158
0.08456768360412631
0.004435886545715584
-0.06798880764299942
-0.13060229142275592
-0.18036465203512086
-0.19426364547924346
-0.18662540877682998
-0.16673532776814248
-0.1405388131409615
-0.11177705923800674
-0.08274437376452626
-0.05479219216739384
-0.028663651248859723
-0.00471493423248448
0.02752911307188599
0.11194904028285807
0.205843741189368
0.2980333285222713
0.3840866333957888
0.46121352238252145
0.5
0.5
0.5
0.5
0.5
0.5
0.5
0.5
0.5
0.5
0.5
0.5
0.5
0.5
0.5
0.5
0.5
0.5
0.5
0.5
0.5
0.5
0.5
0.5
0.5
0.5
0.5
0.3584835580590892
0.25098956257702676
0.15957051215146134
0.07407729323069479
-0.005422820186169353
-0.07694921590489001
-0.13839758756002574
-0.18335321316413644
-0.1943175614219339
-0.18496319151715168
-0.16414180998802708
-0.13751207261552922
-0.1086264575583945
-0.07965586284253634
-0.051871718713860426
-0.025965918544255562
-0.0022623853873181554
0.03895799980421705
0.12498713551177681
0.21863814501513285
0.3099078482105208
0.39464504774139963
0.4701597263482933
0.5
0.5
0.5
0.5
0.5
0.5
0.5
0.5
0.5
0.5
0.5
0.5
0.5
0.5
0.5
0.5
0.5
0.5
0.5
0.5
0.5
0.5
0.5
0.5
0.5
0.5
0.498313974590222
0.3417809346062425
0.2396250490192231
0.14932268572000507
0.06432914790794014
-0.01455231614950081
-0.08521130292956047
-0.1455467253738273
-0.18604878043201467
-0.19429723262089682
-0.18335764677404576
-0.1616790023771255
-0.13465370328123327
-0.10565903726923298
-0.07675136672807081
-0.049127895484967876
-0.023432998071637123
3.929660213786157e-05
0.049571190593254266
0.13708849714310822
0.23051125584233767
0.32092613082639476
0.4044412909743761
0.4784595247185239
0.5
0.5
0.5
0.5
0.5
0.5
0.5
0.5
0.5
0.5
0.5
0.5
0.5
0.5
0.5
0.5
0.5
0.5
0.5
0.5
0.5
0.5
0.5
0.5
0.5
0.5
0.47400966451270665
0.32629061657645303
0.22612984675431785
0.13674183971561277
0.052753345096501425
-0.02482350721930049
-0.09387830632365979
-0.1523599077941793
-0.1877165416243144
-0.19288891000514263
-0.1802129796459936
-0.1576544825180215
-0.13028706227451692
-0.10127890752859747
-0.07255024510242702
-0.04521056245450661
-0.019848537123395404
0.003276423253905092
0.05970869233657061
0.14857832433840912
0.2419177993695355
0.3316899413916772
0.4142114818671446
0.48696131208850785
0.5
0.5
0.5
0.5
0.5
0.5
0.5
0.5
0.5
0.5
0.5
0.5
0.5
0.5
0.5
0.5
0.5
0.5
0.5
0.5
0.5
0.5
0.5
0.5
0.5
0.5
0.45099484384609717
0.31173796562682365
0.21353042934776173
0.12505665823649398
0.04205918470024772
-0.034251567160237584
-0.10176569281113923
-0.15847980898583547
-0.18906779374102678
-0.19139761763844143
-0.17712526977529142
-0.1537662071127993
-0.12609715634775776
-0.0970916186968025
-0.0685431423109144
-0.0414796580296235
-0.01643811780008564
0.0063541680534348055
0.06904511218699094
0.15916325924006686
0.25244902865467944
0.3416548813134147
0.4232854011862011
0.4948881494196446
0.5
0.5
0.5
0.5
0.5
0.5
0.5
0.5
0.5
0.5
0.5
0.5
0.5
0.5
0.5
0.5
0.5
0.5
0.5
0.5
0.5
0.5
0.5
0.5
0.5
0.5
0.42970967994887566
0.29828349564304435
0.20188529337007033
0.1142595528359866
0.03218091255835509
-0.04295684018054702
-0.10904433199254393
-0.16412241092796298
-0.19030191623075976
-0.19000453223508063
-0.17425733327290727
-0.15015932285935396
-0.1222126203358398
-0.09321067426111163
-0.06482988231832953
-0.03802275817816292
-0.013278426664703913
0.009205475810183494
0.07829081470133809
0.16965029753587052
0.2628483139477354
0.35145217880766916
0.43216043398898274
0.5
0.5
0.5
0.5
0.5
0.5
0.5
0.5
0.5
0.5
0.5
0.5
0.5
0.5
0.5
0.5
0.5
0.5
0.5
0.5
0.5
0.5
0.5
0.5
0.5
0.5
0.5
0.4115139186393737
0.2862300762086545
0.19112335150613546
0.10406025985574707
0.0226575581873672
-0.05154139896764387
-0.11642910187693267
-0.17008550569811132
-0.19186921968958348
-0.18893782195384767
-0.1716978719394805
-0.1468372985950056
-0.1185869990217786
-0.08956244544608494
-0.061324108485513396
-0.034749757738491094
-0.010281013905387715
0.011914055753107777
0.0880688235284785
0.18087495064568354
0.27406615794640354
0.36209649321175164
0.4418740833499871
0.5
0.5
0.5
0.5
0.5
0.5
0.5
0.5
0.5
0.5
0.5
0.5
0.5
0.5
0.5
0.5
0.5
0.5
0.5
0.5
0.5
0.5
0.5
0.5
0.5
0.5
0.5
0.395021836853034
0.27520876510923775
0.18122605064177488
0.09464165519664525
0.013828920903457942
-0.059534270769511455
-0.12334214932280108
-0.17571015282330726
-0.19341006831780827
-0.18802798938503706
-0.16939566107453707
-0.14382016646869145
-0.11528108384954683
-0.08622893335571902
-0.05811670964414628
-0.03175285805177086
-0.007534913444947944
0.014531376738794788
0.09707711359868532
0.19119354597550764
0.2843770726154482
0.3718822080096503
0.45080663515778435
0.5
0.5
0.5
0.5
0.5
0.5
0.5
0.5
0.5
0.5
0.5
0.5
0.5
0.5
0.5
0.5
0.5
0.5
0.5
0.5
0.5
0.5
0.5
0.5
0.5
0.5
0.5
0.37844509329618026
0.2642679874307057
0.1714811283218381
0.08542188441420429
0.005233557967854796
-0.06726922769352006
-0.12998230956698376
-0.18014009212143556
-0.1942795932027208
-0.1867811325242087
-0.16696603650025799
-0.14080346953159306
-0.11205024905521144
-0.08301089100398229
-0.055043441219227884
-0.028895263719577513
-0.00492519680774639
0.02652551399411701
0.1108025769875941
0.20471799802876617
0.29698800574550743
0.38315672906463977
0.46042521314896856
0.5
0.5
0.5
0.5
0.5
0.5
0.5
0.5
0.5
0.5
0.5
0.5
0.5
0.5
0.5
0.5
0.5
0.5
0.5
0.5
0.5
0.5
0.5
0.5
0.5
0.5
0.5
0.36001931951406274
0.25201001294271885
0.16048526589708106
0.0749482617897822
-0.004604906280632148
-0.07620641890642155
-0.13775199039478891
-0.18310614955186444
-0.1943137827853838
-0.1851016525282494
-0.1643574312835443
-0.13776355567520526
-0.10888815394445972
-0.07991235809874075
-0.05211423271262794
-0.026189920224732544
-0.002466018468879727
0.037986602221807275
0.12387951436378164
0.21755283128449499
0.30890241119091677
0.39375302370769594
0.46940605980082895
0.5
0.5
0.5
0.5
0.5
0.5
0.5
0.5
0.5
0.5
0.5
0.5
0.5
0.5
0.5
0.5
0.5
0.5
0.5
0.5
0.5
0.5
0.5
0.5
0.5
0.5
0.5
0.34318717894838957
0.24078340933036368
0.1503958518968882
0.06532395990647433
-0.013658793557936644
-0.08444476409294444
-0.1449294136346856
-0.18587606843557747
-0.19439153591938052
-0.18360386339736123
-0.16200343113954785
-0.13500996563903078
-0.10601868991946362
-0.07709765412933922
-0.04945160265172144
-0.023729706875652457
-0.00022898558240047606
0.04850126409286032
0.13587373726511037
0.22931789777954792
0.31981571389161356
0.40345039891199574
0.4776157450363484
0.5
0.5
0.5
0.5
0.5
0.5
0.5
0.5
0.5
0.5
0.5
0.5
0.5
0.5
0.5
0.5
0.5
0.5
0.5
0.5
0.5
0.5
0.5
0.5
0.5
0.5
0.4763981743665609
0.3278091108666862
0.2274499493758712
0.13797027762482678
0.053881553568284335
-0.02382462698235388
-0.09303783576133173
-0.15170200684842072
-0.18755984092602795
-0.19303159614784005
-0.18052441976173705
-0.1580511868424188
-0.1307166348455937
-0.10170934672603593
-0.07296282500390316
-0.04559510911801112
-0.020200305051615075
0.002958806872029096
0.05874491811092697
0.1474867250419008
0.24083293059598476
0.33066460953630195
0.41327903214495254
0.4861479716501088
0.5
0.5
0.5
0.5
0.5
0.5
0.5
0.5
0.5
0.5
0.5
0.5
0.5
0.5
0.5
0.5
0.5
0.5
0.5
0.5
0.5
0.5
0.5
0.5
0.5
0.5
0.45320053926754034
0.3131299635120145
0.21473388427838458
0.12617155200951125
0.043078385894030735
-0.033354218123017754
-0.10101630408182527
-0.1578999083527025
-0.18894232171398673
-0.19154288539051323
-0.1774224514676095
-0.1541394267940157
-0.12649885817475892
-0.09749281481898986
-0.06892692540027723
-0.04183689716267047
-0.01676461305963428
0.006059557680416661
0.06815149477856036
0.1581502403173914
0.2514412530625021
0.340701400105478
0.42241728050785915
0.49412988042871253
0.5
0.5
0.5
0.5
0.5
0.5
0.5
0.5
0.5
0.5
0.5
0.5
0.5
0.5
0.5
0.5
0.5
0.5
0.5
0.5
0.5
0.5
0.5
0.5
0.5
0.5
0.4318785375626858
0.29966338897984657
0.20308457368382493
0.11537451450048886
0.03320340720861592
-0.04205348993790814
-0.10828669557840254
-0.1635325012918314
-0.19017249735108277
-0.1901495618293727
-0.17455645284664079
-0.15053566854593547
-0.12261800865636352
-0.09361572691151532
-0.06521745669096601
-0.03838358873001735
-0.013608243388342545
0.008907843342431443
0.07726950908299524
0.16848772152632246
0.26169436111278893
0.35036460850795403
0.4311751141160947
0.5
0.5
0.5
0.5
0.5
0.5
0.5
0.5
0.5
0.5
0.5
0.5
0.5
0.5
0.5
0.5
0.5
0.5
0.5
0.5
0.5
0.5
0.5
0.5
0.5
0.5
0.5
0.41324264996043303
0.28738286070742136
0.19215698087190247
0.10504268850147114
0.023577283343215794
-0.050709991050021275
-0.11571142743061169
-0.16950324618757018
-0.19171346563828195
-0.18903779259693088
-0.1719429203899795
-0.1471566170844808
-0.11893606695846504
-0.08991399349464402
-0.061662105536001044
-0.035065419798617437
-0.010570164083244404
0.011652725588751855
0.08712758842211138
0.17979310748853639
0.2729833453628117
0.36106737959234336
0.4409332725947411
0.5
0.5
0.5
0.5
0.5
0.5
0.5
0.5
0.5
0.5
0.5
0.5
0.5
0.5
0.5
0.5
0.5
0.5
0.5
0.5
0.5
0.5
0.5
0.5
0.5
0.5
0.5
0.3966151511602804
0.2762737859722573
0.18218258074360072
0.09555199569502443
0.014682298537760596
-0.05876162201496593
-0.12267382629777546
-0.17516632337387072
-0.1932610459308418
-0.18811589261106376
-0.16961817832090798
-0.1441118042337649
-0.11560064478623266
-0.08655116682466124
-0.05842675524391805
-0.03204255732369021
-0.0078003699591330244
0.014156549913358074
0.09614009270291557
0.19014821143480493
0.2833438969467092
0.37091035294393765
0.4499279325171476
0.5
0.5
0.5
0.5
0.5
0.5
0.5
0.5
0.5
0.5
0.5
0.5
0.5
0.5
0.5
0.5
0.5
0.5
0.5
0.5
0.5
0.5
0.5
0.5
0.5
0.5
0.5
0.38023090472786053
0.2654370861229781
0.17251698188910447
0.08639837749114809
0.00614093315391917
-0.06645558610784186
-0.129286872472817
-0.1799021361237273
-0.19431895895457973
-0.18698077457240214
-0.16725076184478793
-0.14112573523981697
-0.11238068833228176
-0.08333200490277048
-0.05534540823741774
-0.029173165033388515
-0.00517718662747757
0.02537348372834558
0.10948430789978791
0.2034188609410329
0.29577642835726614
0.38207336946523635
0.45950081187766856
0.5
0.5
0.5
0.5
0.5
0.5
0.5
0.5
0.5
0.5
0.5
0.5
0.5
0.5
0.5
0.5
0.5
0.5
0.5
0.5
0.5
0.5
0.5
0.5
0.5
0.5
0.5
0.36169339172932213
0.2531279058892738
0.16149075550743974
0.07590801221122068
-0.0037014641535202397
-0.0753837533114673
-0.13703460037973803
-0.1828279357710112
-0.19430391837995153
-0.18524892503936152
-0.1645901881267774
-0.13803630440975256
-0.10917262066419386
-0.08019153087511532
-0.0523784024542886
-0.026434056951809337
-0.002688039415084331
0.03694065719240658
0.12268658895431978
0.2163830246778981
0.3078176525655111
0.3927894998862693
0.4685907536058023
0.5
0.5
0.5
0.5
0.5
0.5
0.5
0.5
0.5
0.5
0.5
0.5
0.5
0.5
0.5
0.5
0.5
0.5
0.5
0.5
0.5
0.5
0.5
0.5
0.5
0.5
0.5
0.3447245156652896
0.24180869780018477
0.1513172453449378
0.06620285573969148
-0.012832004778457695
-0.0836924638434855
-0.1442740069513202
-0.18562311172387802
-0.19438440281083302
-0.18374059561901923
-0.16221834680592184
-0.13526137070202016
-0.10628067817405551
-0.0773546448022977
-0.04969470980162649
-0.02395433347636511
-0.0004332354740875788
0.047541886397272526
0.13477938902391207
0.2282444602939755
0.31881998793614097
0.4025656084717554
0.47686668442557156
0.5
0.5
0.5
0.5
0.5
0.5
0.5
0.5
0.5
0.5
0.5
0.5
0.5
0.5
0.5
0.5
0.5
0.5
0.5
0.5
0.5
0.5
0.5
0.5
0.5
0.5
0.47852637799914605
0.3291686466204547
0.22863599510074384
0.13907697871139957
0.05490075994938309
-0.02291930852289703
-0.09227279625213514
-0.15109926624241055
-0.1874093780198407
-0.19315168316901343
-0.18079738422758573
-0.1584017852520816
-0.13109761261296504
-0.10209181098690112
-0.07332983890183875
-0.045937440744350466
-0.02051361608195168
0.002675811807052453
0.05789000723003318
0.14651888144271163
0.2398713028355351
0.3297559524615322
0.41245286208254467
0.4854274963912556
0.5
0.5
0.5
0.5
0.5
0.5
0.5
0.5
0.5
0.5
0.5
0.5
0.5
0.5
0.5
0.5
0.5
0.5
0.5
0.5
0.5
0.5
0.5
0.5
0.5
0.5
0.45514457440364875
0.3143569536097438
0.21579476395340513
0.12715442289465362
0.0439769505023499
-0.032563027125168786
-0.1003555087268837
-0.15738849363257312
-0.18883157844937926
-0.1916708593018872
-0.177684375989538
-0.1544684030262391
-0.12685295628655302
-0.09784647592235007
-0.06926524175030191
-0.04215181734581286
-0.017052433286836588
0.005799844157177159
0.06736532386397243
0.15725901488102245
0.2505545225698861
0.3398623023291585
0.42165315345326837
0.49346228527869035
0.5
0.5
0.5
0.5
0.5
0.5
0.5
0.5
0.5
0.5
0.5
0.5
0.5
0.5
0.5
0.5
0.5
0.5
0.5
0.5
0.5
0.5
0.5
0.5
0.5
0.5
0.4336599238727775
0.3007885340824017
0.20405791609588192
0.11627666590760694
0.03402853121008015
-0.041326589945158254
-0.10767917620862522
-0.1630618214493551
-0.19006970086480446
-0.19026599520652865
-0.1747959486399504
-0.15083681430309737
-0.1229423091067765
-0.09393971288356928
-0.06552743560618401
-0.03867216175699373
-0.013872002927434957
0.008669828620597897
0.07645447961520241
0.16756354880261232
0.2607809562657471
0.3495076902885018
0.43040272653136413
0.5
0.5
0.5
0.5
0.5
0.5
0.5
0.5
0.5
0.5
0.5
0.5
0.5
0.5
0.5
0.5
0.5
0.5
0.5
0.5
0.5
0.5
0.5
0.5
0.5
0.5
0.5
0.41462427275752745
0.2883037854392456
0.19298245654090318
0.1058270687495298
0.024311396012906328
-0.05004659620670515
-0.11513903928083746
-0.1690391651612927
-0.19159008083021145
-0.189118638798771
-0.17213958806366225
-0.14741253334364246
-0.11921566529782224
-0.0901954926396894
-0.061932704121379634
-0.03531810691750792
-0.010801609588633188
0.011443560193877989
0.08637535719068601
0.17892840911255403
0.2721177049655145
0.3602444878392352
0.44018080360421497
0.5
0.5
0.5
0.5
0.5
0.5
0.5
0.5
0.5
0.5
0.5
0.5
0.5
0.5
0.5
0.5
0.5
0.5
0.5
0.5
0.5
0.5
0.5
0.5
0.5
0.5
0.5
0.39788709181430054
0.2771241029727718
0.18294634288613165
0.09627891955609913
0.015363773440631168
-0.05814457751637836
-0.12214005843169518
-0.17473194084380061
-0.1931419597511036
-0.1881860205102548
-0.16979581511849484
-0.14434464705798455
-0.11585579330283924
-0.08680845552891325
-0.05867431616637353
-0.03227387462221831
-0.008012331443217002
0.013964935914897003
0.09544970414394227
0.18935496576265376
0.2825502616357471
0.3701564002227888
0.4492389972367058
0.5
0.5
0.5
0.5
0.5
0.5
0.5
0.5
0.5
0.5
0.5
0.5
0.5
0.5
0.5
0.5
0.5
0.5
0.5
0.5
0.5
0.5
0.5
0.5
0.5
0.5
0.5
0.38161360464478156
0.26633964016134315
0.1733149312782306
0.08714927244299786
0.006837408150565216
-0.0658324118068262
-0.12875575364499814
-0.17972362486400306
-0.1943539869950378
-0.18713901503444041
-0.1674742067679822
-0.14137772591827003
-0.11263859812952526
-0.08358236731403856
-0.05558068084572865
-0.029389586898817877
-0.005373365659472551
0.0244793797784304
0.1084609828832167
0.20241003881683606
0.29483521915572514
0.38123136881636965
0.4587819320040936
0.5
0.5
0.5
0.5
0.5
0.5
0.5
0.5
0.5
0.5
0.5
0.5
0.5
0.5
0.5
0.5
0.5
0.5
0.5
0.5
0.5
0.5
0.5
0.5
0.5
0.5
0.5
0.3629906560343771
0.2539943087049272
0.1622701215066258
0.07665198158902731
-0.0030010919856215956
-0.07474594858332295
-0.1364783574835423
-0.18261211837056623
-0.1942961176781106
-0.18536293891945055
-0.16477047713049642
-0.13824760575484618
-0.10939301769259291
-0.08040783617601976
-0.0525830891601643
-0.026623225098737602
-0.002860073549318387
0.03613003635202977
0.12176206407290058
0.21547643272784966
0.30697698973856863
0.39204280977781203
0.4679589459045725
0.5
0.5
0.5
0.5
0.5
0.5
0.5
0.5
0.5
0.5
0.5
0.5
0.5
0.5
0.5
0.5
0.5
0.5
0.5
0.5
0.5
0.5
0.5
0.5
0.5
0.5
0.5
0.3459157672703047
0.24260318301946554
0.15203122957964454
0.06688391334069177
-0.012191320688644147
-0.08310949689545188
-0.1437661190763173
-0.18542708071080882
-0.19437886019502393
-0.1838465347121513
-0.16238487114910183
-0.13545617179258596
-0.10648368137189701
-0.0775537765610137
-0.049883084351521334
-0.024128388502179465
-0.0005915015500708165
0.04679855916414444
0.133931487134337
0.22741275823659002
0.3180484945502239
0.40188006576524204
0.47628630324744714
0.5
0.5
0.5
0.5
0.5
0.5
0.5
0.5
0.5
0.5
0.5
0.5
0.5
0.5
0.5
0.5
0.5
0.5
0.5
0.5
0.5
0.5
0.5
0.5
0.5
0.5
0.4801751843223972
0.33022193969544983
0.22955488095395443
0.13993439482966713
0.05569039168671741
-0.022217909477897924
-0.09168007651858423
-0.15063228599067569
-0.18729280112156843
-0.1932447157768229
-0.18100885939568034
-0.1586734079348774
-0.13139277220988033
-0.10238812266552721
-0.0736141807645625
-0.046202660315111
-0.0207563521991867
0.0024565627676784163
0.05722768154975322
0.14576906296366765
0.2391262987265837
0.329051985043612
0.41181279866007275
0.4848693169196444
0.5
0.5
0.5
0.5
0.5
0.5
0.5
0.5
0.5
0.5
0.5
0.5
0.5
0.5
0.5
0.5
0.5
0.5
0.5
0.5
0.5
0.5
0.5
0.5
0.5
0.5
0.45665060298267235
0.31530749570324434
0.21661662295168727
0.12791585004093842
0.04467306695889345
-0.031950091641283374
-0.09984358940722582
-0.1569922982083768
-0.1887457826285589
-0.19176999747112677
-0.17788728571375156
-0.15472325785699115
-0.12712727325341144
-0.09812045458610863
-0.06952733308872994
-0.042395783922474894
-0.01727540576202302
0.005598645729527119
0.06675628792352734
0.15656859448886545
0.2498675838104068
0.33921226340376676
0.42106119278603515
0.4929451060978097
0.5
0.5
0.5
0.5
0.5
0.5
0.5
0.5
0.5
0.5
0.5
0.5
0.5
0.5
0.5
0.5
0.5
0.5
0.5
0.5
0.5
0.5
0.5
0.5
0.5
0.5
0.43503990377423557
0.30166014730629875
0.2048119335348449
0.11697553452763976
0.034667729640418754
-0.040763482095576786
-0.10720854835443716
-0.16269719851544273
-0.1899900660145084
-0.19035619115067703
-0.1749814774077707
-0.15107010154584843
-0.12319353370986297
-0.09419069398869329
-0.06576756598134603
-0.03889570974318446
-0.014076328751055467
0.008485446441726219
0.07582310693076716
0.16684762687593568
0.2600733755063072
0.34884386726480743
0.42980438590370795
0.5
0.5
0.5
0.5
0.5
0.5
0.5
0.5
0.5
0.5
0.5
0.5
0.5
0.5
0.5
0.5
0.5
0.5
0.5
0.5
0.5
0.5
0.5
0.5
0.5
0.5
0.5
0.41569455092162694
0.2890171830865643
0.19362191458502542
0.10643469230568858
0.024880079788755227
-0.049532694103622155
-0.11469563572872943
-0.16867966203657514
-0.19149449966499876
-0.18918126618762487
-0.17229193714616653
-0.1476107796677184
-0.11943225710114869
-0.09041355695262299
-0.06214232430257205
-0.035513851931365914
-0.010980899717509818
0.011281529429995829
0.08579264052233998
0.17825856956694286
0.271447135460603
0.359607033383194
0.4395979020014201
0.5
0.5
0.5
0.5
0.5
0.5
0.5
0.5
0.5
0.5
0.5
0.5
0.5
0.5
0.5
0.5
0.5
0.5
0.5
0.5
0.5
0.5
0.5
0.5
0.5
0.5
0.5
0.3988723952374169
0.27778279772395775
0.18353798843400193
0.09684202858926283
0.015891675708574526
-0.05766658593375795
-0.12172657670868958
-0.1743954475429268
-0.19304970973574676
-0.18824034457429506
-0.16993342061817074
-0.14452501774808546
-0.11605344304803744
-0.08700776318649306
-0.058866088251394166
-0.03245306365723677
-0.008176526578206889
0.013816502876616843
0.0949148983463785
0.1887404822152816
0.281935476156904
0.3695723545446067
0.44870531687483517
0.5
0.5
0.5
0.5
0.5
0.5
0.5
0.5
0.5
0.5
0.5
0.5
0.5
0.5
0.5
0.5
0.5
0.5
0.5
0.5
0.5
0.5
0.5
0.5
0.5
0.5
0.5
0.382684701729315
0.2670387963628449
0.17393305643113566
0.08773094731932218
0.007376927098355135
-0.06534967461009855
-0.12834432644580596
-0.17958534236201318
-0.19438112104963234
-0.18726159463841763
-0.16764729650969568
-0.14157292841810842
-0.11283838584011541
-0.08377630851205597
-0.055762932855954794
-0.02955723633760443
-0.005525334153816619
0.023786770064889717
0.1076682731912102
0.20162856360784365
0.2941061196425099
0.38057912027931656
0.4582250578426486
0.5
0.5
0.5
0.5
0.5
0.5
0.5
0.5
0.5
0.5
0.5
0.5
0.5
0.5
0.5
0.5
0.5
0.5
0.5
0.5
0.5
0.5
0.5
0.5
0.5
0.5
0.5
0.3639955686720583
0.2546654589702801
0.1628738496410863
0.07722829012950855
-0.002458555551203334
-0.07425187935955879
-0.1360474692923005
-0.18244493743321466
-0.19429007483035798
-0.18545125854419453
-0.16491013613518946
-0.138411288173229
-0.10956374600138641
-0.08057539487697118
-0.05274164763889533
-0.026769762285932752
-0.0029933380489362005
0.03550209745566868
0.1210458906030234
0.21477415079155243
0.30632577907883723
0.3914643940724157
0.4674695226268288
0.5
0.5
0.5
0.5
0.5
0.5
0.5
0.5
0.5
0.5
0.5
0.5
0.5
0.5
0.5
0.5
0.5
0.5
0.5
0.5
0.5
0.5
0.5
0.5
0.5
0.5
0.5
0.3468385569975835
0.2432186221560919
0.15258430955499008
0.06741148708576067
-0.011695021818485363
-0.0826579079534745
-0.14337268929225644
-0.1852752274002566
-0.19437456661958452
-0.18392859921456972
-0.16251386735021933
-0.13560707226782942
-0.10664093552295295
-0.0777080317482991
-0.05002900658930709
-0.02426321828197875
-0.0007141005971345038
0.04622274918896596
0.13327466958840622
0.22676848969462138
0.3174508659576747
0.4013490178763991
0.47583671752929013
0.5
0.5
0.5
0.5
0.5
0.5
0.5
0.5
0.5
0.5
0.5
0.5
0.5
0.5
0.5
0.5
0.5
0.5
0.5
0.5
0.5
0.5
0.5
0.5
0.5
0.5
0.4814524127629093
0.331037860822593
0.23026668511940568
0.1405985821966052
0.05630207068668258
-0.02167457889096025
-0.09122093307985568
-0.15027054516265392
-0.18720249615793283
-0.19331678236977057
-0.18117267613637367
-0.1588838172475847
-0.131621414120635
-0.10261765702534931
-0.07383444284862084
-0.04640810954120367
-0.020944384882580658
0.0022867240730453098
0.05671461879231415
0.1451882249434524
0.23854919009673348
0.3285066649962593
0.4113169810825182
0.48443692977234354
0.5
0.5
0.5
0.5
0.5
0.5
0.5
0.5
0.5
0.5
0.5
0.5
0.5
0.5
0.5
0.5
0.5
0.5
0.5
0.5
0.5
0.5
0.5
0.5
0.5
0.5
0.4578172298942646
0.31604382170571194
0.21725326614884144
0.1285056804352105
0.04521230521641173
-0.03147528852093229
-0.09944703724137727
-0.15668539016487182
-0.18867932191263082
-0.19184679365171653
-0.17804446728486933
-0.15492067808247612
-0.12733976959009286
-0.0983326888613637
-0.06973035899103441
-0.04258476969647795
-0.017448128708073773
0.005442789787365232
0.0662845055820876
0.1560337686634108
0.2493354549872963
0.3387087185892366
0.4206026375909016
0.49254447947654206
0.5
0.5
0.5
0.5
0.5
0.5
0.5
0.5
0.5
0.5
0.5
0.5
0.5
0.5
0.5
0.5
0.5
0.5
0.5
0.5
0.5
0.5
0.5
0.5
0.5
0.5
0.43610888839630946
0.3023353318791105
0.20539602396798579
0.11751690460188402
0.03516287693050757
-0.04032727744599751
-0.10684398220621638
-0.1624147477873381
-0.18992837783956928
-0.19042606033558396
-0.17512519500560497
-0.15125081466599144
-0.12338814178857482
-0.09438511344518441
-0.06595358005231655
-0.03906887846864948
-0.014234607262458843
0.008342617031821375
0.07533402178462817
0.16629304669065703
0.2595252567031472
0.34832964485629325
0.4293408886329535
0.5
0.5
0.5
0.5
0.5
0.5
0.5
0.5
0.5
0.5
0.5
0.5
0.5
0.5
0.5
0.5
0.5
0.5
0.5
0.5
0.5
0.5
0.5
0.5
0.5
0.5
0.5
0.4165236287856987
0.28956980783428155
0.19411726292649195
0.10690538045203829
0.02532060371211242
-0.0491346061313197
-0.11435215859478909
-0.16840117734053361
-0.19142045888337855
-0.1892297797253759
-0.1724099524954863
-0.14776434875342337
-0.11960003728791258
-0.09058247780110329
-0.06230470400795962
-0.035665483408424015
-0.011119784619535888
0.011156014283608351
0.08534124620247063
0.17773968657840095
0.27092768701708614
0.3591132371051188
0.43914636442109406
0.5
0.5
0.5
0.5
0.5
0.5
0.5
0.5
0.5
0.5
0.5
0.5
0.5
0.5
0.5
0.5
0.5
0.5
0.5
0.5
0.5
0.5
0.5
0.5
0.5
0.5
0.5
0.3996356484201967
0.2782930475158524
0.18399629938553885
0.09727823408097491
0.016300608712795706
-0.05729631562805759
-0.12140627817248617
-0.17413478714135755
-0.19297824939375052
-0.18828242604168133
-0.1700400150262945
-0.14466473968552007
-0.11620654999325897
-0.08716215441326614
-0.059014642139584184
-0.03259187024046506
-0.008303718321119646
0.01370152104814587
0.09450061761384221
0.18826448009379199
0.28145924014748314
0.36911993074319016
0.4482919079457514
0.5
0.5
0.5
0.5
0.5
0.5
0.5
0.5
0.5
0.5
0.5
0.5
0.5
0.5
0.5
0.5
0.5
0.5
0.5
0.5
0.5
0.5
0.5
0.5
0.5
0.5
0.5
0.3835144138932228
0.26758038910357673
0.17441187946847148
0.08818153459909811
0.00779485880749986
-0.06497572818491582
-0.12802561943182744
-0.17947822352408083
-0.1944021401102627
-0.18735654941855506
-0.16778137834607276
-0.14172413963031072
-0.11299314892941237
-0.08392654267243282
-0.05590411213099966
-0.02968710391054674
-0.005643054676285564
0.023250248483432878
0.1070542103945959
0.20102320346485014
0.29354133168672336
0.3800738639851676
0.4577936821333384
0.5
0.5
0.5
0.5
0.5
0.5
0.5
0.5
0.5
0.5
0.5
0.5
0.5
0.5
0.5
0.5
0.5
0.5
0.5
0.5
0.5
0.5
0.5
0.5
0.5
0.5
0.5
0.36477401185879826
0.2551853572502233
0.16334152019872183
0.07767472043685453
-0.0020382863893625425
-0.07386915472487743
-0.13571368706554154
-0.18231543278025109
-0.19428539381235077
-0.18551967425243665
-0.16501832126134286
-0.13853808274072676
-0.10969599858108259
-0.08070519215905758
-0.052864473009808455
-0.026883275511561777
-0.003096569750759115
0.03501567233187469
0.1204911156547237
0.214230136748364
0.30582132677024415
0.39101633147756504
0.46709039691873033
0.5
0.5
0.5
0.5
0.5
0.5
0.5
0.5
0.5
0.5
0.5
0.5
0.5
0.5
0.5
0.5
0.5
0.5
0.5
0.5
0.5
0.5
0.5
0.5
0.5
0.5
0.5
0.3475533846787609
0.2436953644930922
0.15301274613691068
0.06782016558105214
-0.01131057001926039
-0.0823080901486507
-0.14306792376179134
-0.18515759610574867
-0.1943712406541077
-0.18399216946910746
-0.16261379266638543
-0.13572396545983012
-0.10676275051158235
-0.07782752362664491
-0.05014204345110451
-0.02436766250800848
-0.0008090704368987067
0.04577670509398529
0.13276587397790696
0.2262694150152067
0.3169879203397478
0.4009376481793144
0.47548845149789604
0.5
0.5
0.5
0.5
0.5
0.5
0.5
0.5
0.5
0.5
0.5
0.5
0.5
0.5
0.5
0.5
0.5
0.5
0.5
0.5
0.5
0.5
0.5
0.5
0.5
0.5
0.4824750018028079
0.331689800724252
0.23083464061321934
0.14112798304925012
0.056789100701125805
-0.02124251431303459
-0.09085642562656715
-0.14998408378769879
-0.18713231159951038
-0.19337589801336263
-0.1813047808304823
-0.15905291108024633
-0.1318048949400179
-0.10280171133001714
-0.0740109790850293
-0.0465727230129952
-0.021095011951706044
0.002150691818026129
0.05630300830647311
0.14472208785645202
0.23808592091736536
0.32806879724214066
0.41091874884498897
0.48408953083302475
0.5
0.5
0.5
0.5
0.5
0.5
0.5
0.5
0.5
0.5
0.5
0.5
0.5
0.5
0.5
0.5
0.5
0.5
0.5
0.5
0.5
0.5
0.5
0.5
0.5
0.5
0.4587539624666557
0.3166352105631155
0.21776469283830457
0.12897957023105583
0.04564560880037649
-0.031093699131850006
-0.09912826802060215
-0.15643860168640544
-0.18862577013204873
-0.19190837697867036
-0.17817066195934073
-0.15507922147778708
-0.1275104401201741
-0.09850315969553403
-0.06989343978053475
-0.04273657658620578
-0.017586874546372755
0.00531759142553484
0.06590524033193984
0.15560380007921065
0.24890764841520657
0.33830388973812464
0.42023397757592873
0.49222239188768036
0.5
0.5
0.5
0.5
0.5
0.5
0.5
0.5
0.5
0.5
0.5
0.5
0.5
0.5
0.5
0.5
0.5
0.5
0.5
0.5
0.5
0.5
0.5
0.5
0.5
0.5
0.4369681760340851
0.3028780760658375
0.20586554763512716
0.11795209166894216
0.03556091173043996
-0.03997661990220214
-0.10655090770850373
-0.16218767854989558
-0.18987876724021258
-0.1904822022997753
-0.1752407010764362
-0.15139606111607817
-0.12354455943827647
-0.09454138125574052
-0.06610309293022787
-0.039208067249772105
-0.014361828049728964
0.008227813639884729
0.0749409235185794
0.1658473107586098
0.2590847167733062
0.3479163510814223
0.42896836647253495
0.4998326678238558
0.5
0.5
0.5
0.5
0.5
0.5
0.5
0.5
0.5
0.5
0.5
0.5
0.5
0.5
0.5
0.5
0.5
0.5
0.5
0.5
0.5
0.5
0.5
0.5
0.5
0.5
0.41725972813050205
0.29006105930233317
0.19455800066437168
0.10732449652154857
0.025713178436957307
-0.048779500795937514
-0.1140453701786649
-0.16815196665072796
-0.19135304722038182
-0.1892714149249901
-0.17251349462768173
-0.14789962673660595
-0.11974807714745572
-0.09073165422910057
-0.062448179331006215
-0.03579950767239615
-0.011242571096412468
0.01104502956407577
0.08493825792841397
0.1772766175361855
0.27046452033303825
0.3586733948860335
0.438744632791381
0.5
0.5
0.5
0.5
0.5
0.5
0.5
0.5
0.5
0.5
0.5
0.5
0.5
0.5
0.5
0.5
0.5
0.5
0.5
0.5
0.5
0.5
0.5
0.5
0.5
0.5
0.5
0.40031626084330574
0.2787480036395515
0.18440492765882777
0.09766714972187873
0.016665211169030802
-0.05696617786025682
-0.12112068520479302
-0.17390235515354158
-0.19291443942900033
-0.18831981389689756
-0.17013490719321522
-0.1447891656380209
-0.11634291483589854
-0.08729967333446065
-0.059146967568683984
-0.032715516785206455
-0.008417020811486875
0.013599093725122191
0.09413187347988067
0.18784083333258406
0.28103540634729046
0.36871730681251186
0.4479240207668549
0.5
0.5
0.5
0.5
0.5
0.5
0.5
0.5
0.5
0.5
0.5
0.5
0.5
0.5
0.5
0.5
0.5
0.5
0.5
0.5
0.5
0.5
0.5
0.5
0.5
0.5
0.5
0.3842532500218118
0.26806264975702804
0.17483823793203984
0.08858274380877312
0.00816698375003122
-0.06464277559635634
-0.12774185985174824
-0.17926883971953378
-0.19435611890307813
-0.1874078955397367
-0.16788739621918314
-0.14185756237729474
-0.1131368834188674
-0.08407016654794075
-0.05604154345594081
-0.029815055049425943
-0.005760010137912386
0.02269899272466419
0.10642438325520537
0.20040433322180617
0.2929661571749468
0.3795616252854658
0.45735880004893203
0.5
0.5
0.5
0.5
0.5
0.5
0.5
0.5
0.5
0.5
0.5
0.5
0.5
0.5
0.5
0.5
0.5
0.5
0.5
0.5
0.5
0.5
0.5
0.5
0.5
0.5
0.5
0.3655998313048738
0.2557347391236133
0.1638344115696752
0.07814431654984216
-0.0015970258043054297
-0.07346814426609205
-0.135364853823416
-0.18218148054107086
-0.1942826473744289
-0.18559366918380105
-0.1651339760352989
-0.13867313225906752
-0.10983661251736154
-0.08084305618746446
-0.052994848893472835
-0.027003715614326795
-0.0032060685797610233
0.034505101327515664
0.11990882199724118
0.2136589279111426
0.3052913960880834
0.39054535171038096
0.4666915628184534
0.5
0.5
0.5
0.5
0.5
0.5
0.5
0.5
0.5
0.5
0.5
0.5
0.5
0.5
0.5
0.5
0.5
0.5
0.5
0.5
0.5
0.5
0.5
0.5
0.5
0.5
0.5
0.3483041364285113
0.24419602829763248
0.1534626509343906
0.06824929566799082
-0.010906907159274337
-0.08194082369557909
-0.1427479936477941
-0.18503422323123886
-0.19436792111677104
-0.18405910271427295
-0.1627188977180717
-0.1358468783643192
-0.10689081891818342
-0.07795313859446429
-0.05026086603871516
-0.0244774485818392
-0.0009088949808651048
0.045307534851918574
0.1322306671598822
0.22574441228200715
0.3165009043939341
0.40050487121142053
0.4751220432732635
0.5
0.5
0.5
0.5
0.5
0.5
0.5
0.5
0.5
0.5
0.5
0.5
0.5
0.5
0.5
0.5
0.5
0.5
0.5
0.5
0.5
0.5
0.5
0.5
0.5
0.5
0.48370807204642396
0.3324699189947994
0.23151062478363282
0.14175550281426508
0.05736401335067737
-0.02073499507925558
-0.09043107414554741
-0.14965312764364203
-0.1870573673224084
-0.19345366228905192
-0.1814684089585723
-0.15925970223133978
-0.13202807020743212
-0.1030249327766195
-0.07422470338522247
-0.046771782076210466
-0.02127701332982923
0.0019864175201301792
0.05580285213772063
0.14415497611564554
0.2375217284095119
0.3275350087157276
0.41043276505971693
0.4836650675504031
0.5
0.5
0.5
0.5
0.5
0.5
0.5
0.5
0.5
0.5
0.5
0.5
0.5
0.5
0.5
0.5
0.5
0.5
0.5
0.5
0.5
0.5
0.5
0.5
0.5
0.5
0.4598958472987994
0.3173568616139166
0.21838922247167303
0.12955857531706466
0.04617530480370474
-0.030626936171787245
-0.09873803439297169
-0.15613612151030998
-0.1885596323009534
-0.19198308495784844
-0.1783244363512736
-0.15527260961404632
-0.12771871145597302
-0.09871123657620329
-0.07009252515249975
-0.04292191660788358
-0.017756279442558087
0.005164720584874494
0.06544084479825318
0.15507721614781295
0.2483836836972344
0.3378080559262591
0.4197824388804603
0.4918278961805745
0.5
0.5
0.5
0.5
0.5
0.5
0.5
0.5
0.5
0.5
0.5
0.5
0.5
0.5
0.5
0.5
0.5
0.5
0.5
0.5
0.5
0.5
0.5
0.5
0.5
0.5
0.4380200305019908
0.30354248135733874
0.20644034273913237
0.11848487149734621
0.036048228276192806
-0.03954728451462575
-0.10619204826153228
-0.1619096069537549
-0.18981793156072402
-0.19055082805126977
-0.17538200427156092
-0.15157377900195768
-0.12373596087375915
-0.0947326074229442
-0.06628605775762264
-0.039378400955416226
-0.01451751760882991
0.00808731901688653
0.07445994027441688
0.16530193739685772
0.25854571351226974
0.3474106954572844
0.4285126055102527
0.49943956101914094
0.5
0.5
0.5
0.5
0.5
0.5
0.5
0.5
0.5
0.5
0.5
0.5
0.5
0.5
0.5
0.5
0.5
0.5
0.5
0.5
0.5
0.5
0.5
0.5
0.5
0.5
0.41823895824471663
0.29071517732179936
0.19514526344949196
0.10788327215505356
0.026236889126121654
-0.048305425417627834
-0.11363539891286567
-0.16781846301956116
-0.19126167457359056
-0.1893253453393372
-0.17264998099872142
-0.14807850236785647
-0.11994407607973612
-0.09092929054807164
-0.06263833940086183
-0.03597718811645467
-0.011405382406725506
0.010897848443776614
0.0843999030038175
0.17665817237670334
0.26984635628821424
0.35808681796943237
0.4382093559299003
0.5
0.5
0.5
0.5
0.5
0.5
0.5
0.5
0.5
0.5
0.5
0.5
0.5
0.5
0.5
0.5
0.5
0.5
0.5
0.5
0.5
0.5
0.5
0.5
0.5
0.5
0.5
0.4012246900596811
0.2793551971835015
0.1849502737005625
0.0981861843510729
0.017151801007239453
-0.056525576773546304
-0.12073952251793452
-0.17359212749522257
-0.19282918204126198
-0.18836957679572175
-0.17026139872237545
-0.14495506971538652
-0.11652475726744849
-0.08748306515444149
-0.0593234395138561
-0.032880418053829685
-0.008568129017544113
0.013462487951061863
0.09364039150451786
0.18727620924878408
0.2804705544749889
0.36818073990199196
0.44743376334923507
0.5
0.5
0.5
0.5
0.5
0.5
0.5
0.5
0.5
0.5
0.5
0.5
0.5
0.5
0.5
0.5
0.5
0.5
0.5
0.5
0.5
0.5
0.5
0.5
0.5
0.5
0.5
0.385238339139099
0.26870563400895087
0.17540668028625617
0.08911764852817161
0.008663105009213634
-0.06419888750205627
-0.12736356459285836
-0.17896739017411423
-0.1942821173323781
-0.18746988098662276
-0.16802615337193905
-0.1420352339010944
-0.1133297002836745
-0.08426360143899769
-0.056227086052309305
-0.029988072061584714
-0.005918330149707218
0.021949565881573097
0.10556832209169803
0.19956350586136856
0.2921850711807347
0.3788663972430352
0.4567689809327523
0.5
0.5
0.5
0.5
0.5
0.5
0.5
0.5
0.5
0.5
0.5
0.5
0.5
0.5
0.5
0.5
0.5
0.5
0.5
0.5
0.5
0.5
0.5
0.5
0.5
0.5
0.5
0.366726920868769
0.25648419045595044
0.16450658680073516
0.07878457360342866
-0.0009955365161488094
-0.07292165753965563
-0.13488962103618063
-0.1819992211425786
-0.19427926083596492
-0.1856948888879013
-0.1652919670776818
-0.13885753681186574
-0.11002857463265625
-0.08103124153567132
-0.05317279936817676
-0.027168096369317718
-0.0033555110395597776
0.03380916306449416
0.11911512499088595
0.21288030551521409
0.30456899742873517
0.38990326733915553
0.4661477820268391
0.5
0.5
0.5
0.5
0.5
0.5
0.5
0.5
0.5
0.5
0.5
0.5
0.5
0.5
0.5
0.5
0.5
0.5
0.5
0.5
0.5
0.5
0.5
0.5
0.5
0.5
0.5
0.34932752841884473
0.2448785050336959
0.15407593092676264
0.06883425253599101
-0.010356669931366969
-0.0814402040926605
-0.14231190418236217
-0.18486607498642615
-0.1943634248699121
-0.18415037107408494
-0.1628621984914943
-0.1360144519009575
-0.1070654179443099
-0.07812439094800383
-0.050422857168379576
-0.024627119535228115
-0.0010449849906313258
0.04466786522181976
0.13150095763801584
0.22502861162312526
0.31583689259572373
0.3999148073476137
0.4746224658588162
0.5
0.5
0.5
0.5
0.5
0.5
0.5
0.5
0.5
0.5
0.5
0.5
0.5
0.5
0.5
0.5
0.5
0.5
0.5
0.5
0.5
0.5
0.5
0.5
0.5
0.5
0.4853892050432895
0.33353351310825213
0.2324322470112326
0.1426110512529256
0.05814783974270615
-0.020043050147066088
-0.08985115379186326
-0.14920190283261092
-0.18695518390590204
-0.19355967887271897
-0.181691490968104
-0.15954163228383644
-0.1323323385014471
-0.1033292644898034
-0.07451608731543857
-0.047043172120150745
-0.02152514763564295
0.0017624516290970504
0.05512095675052531
0.14338179634109394
0.23675252914508071
0.32680726165108676
0.40977019370001655
0.48308637139126176
0.5
0.5
0.5
0.5
0.5
0.5
0.5
0.5
0.5
0.5
0.5
0.5
0.5
0.5
0.5
0.5
0.5
0.5
0.5
0.5
0.5
0.5
0.5
0.5
0.5
0.5
0.4614526541635974
0.3183407357973047
0.21924068449255568
0.13034797062916081
0.04689747372222797
-0.02999056807104017
-0.09820600380756661
-0.15572373100158765
-0.18846946264927278
-0.19208493952515204
-0.17853408726759235
-0.15553626849242697
-0.12800266153871998
-0.09899492151876987
-0.07036395136231799
-0.04317460286615793
-0.01798724028877774
0.004956301708733457
0.06480770416471349
0.15435929002685228
0.24766932849615125
0.3371320533913329
0.4191668267322191
0.49129005442494716
0.5
0.5
0.5
0.5
0.5
0.5
0.5
0.5
0.5
0.5
0.5
0.5
0.5
0.5
0.5
0.5
0.5
0.5
0.5
0.5
0.5
0.5
0.5
0.5
0.5
0.5
0.4394540921887416
0.3044483083552828
0.2072239983336152
0.11921124493011714
0.036712618654255846
-0.03896194362641736
-0.10570279181391107
-0.16153049384555462
-0.18973499032967323
-0.19064439002233247
-0.17557465213522594
-0.15181607338471936
-0.12399691093000886
-0.09499331852344417
-0.06653550563434352
-0.039610628000043335
-0.014729779333610193
0.007895773539154216
0.0738041844224136
0.16455839429025726
0.25781085517745916
0.34672130213107
0.42789123683241204
0.49890361284355356
0.5
0.5
0.5
0.5
0.5
0.5
0.5
0.5
0.5
0.5
0.5
0.5
0.5
0.5
0.5
0.5
0.5
0.5
0.5
0.5
0.5
0.5
0.5
0.5
0.5
0.5
0.41957400655524724
0.29160697910132505
0.1959459171266162
0.10864508744033641
0.02695089808543849
-0.047659087515771525
-0.11307645832998103
-0.16736377575221473
-0.1911371002773926
-0.189398872188261
-0.17283606177084232
-0.14832237518484725
-0.1202112942107394
-0.09119874103553549
-0.0628975970303669
-0.03621943145805273
-0.01162735368827772
0.010697186819970728
0.08366592861169542
0.17581500574264347
0.2690035729166863
0.3572870993911423
0.4374795780641128
0.5
0.5
0.5
0.5
0.5
0.5
0.5
0.5
0.5
0.5
0.5
0.5
0.5
0.5
0.5
0.5
0.5
0.5
0.5
0.5
0.5
0.5
0.5
0.5
0.5
0.5
0.5
0.4024632108805981
0.28018302375793036
0.1856937795398821
0.09889381812491227
0.017815200680611543
-0.05592487656566447
-0.1202198585586467
-0.17316917388849562
-0.19271294508235326
-0.18843742180271894
-0.17043385287716328
-0.14518125756854638
-0.1167726749187229
-0.08773309518802719
-0.0595640352306116
-0.033105238712308194
-0.008774144693893926
0.01327624438646624
0.09297032206114425
0.1865064203968652
0.2797004550641137
0.36744920322491265
0.4467653634252249
0.5
0.5
0.5
0.5
0.5
0.5
0.5
0.5
0.5
0.5
0.5
0.5
0.5
0.5
0.5
0.5
0.5
0.5
0.5
0.5
0.5
0.5
0.5
0.5
0.5
0.5
0.5
0.3865813754040748
0.2695822563906164
0.17618167483535346
0.08984691903158648
0.009339499490919834
-0.06359370590194646
-0.12684780998481804
-0.17855640434098863
-0.19418122616286726
-0.18755438979056194
-0.168215330051405
-0.14227746508154415
-0.1135925800956662
-0.0845273238464983
-0.05648004837953369
-0.030223957442632843
-0.006134178151263825
0.020927823370515075
0.10440119805432585
0.1984171510616392
0.2911201656833669
0.3779185474930774
0.45596484204928966
0.5
0.5
0.5
0.5
0.5
0.5
0.5
0.5
0.5
0.5
0.5
0.5
0.5
0.5
0.5
0.5
0.5
0.5
0.5
0.5
0.5
0.5
0.5
0.5
0.5
0.5
0.5
0.36826355560744234
0.2575059663547851
0.16542300714887115
0.07965747781773536
-0.0001754869258293601
-0.0721765965303347
-0.13424170517108847
-0.1817507350132157
-0.19427464374712078
-0.18583288831451084
-0.16550736657378096
-0.13910894757004677
-0.11029028910887728
-0.08128780689890891
-0.05341541086060053
-0.02739220737750947
-0.0035592556952772636
0.03286034502448998
0.11803302607789157
0.21181875880214784
0.3035841042040293
0.38902787182349985
0.4654064101950189
0.5
0.5
0.5
0.5
0.5
0.5
0.5
0.5
0.5
0.5
0.5
0.5
0.5
0.5
0.5
0.5
0.5
0.5
0.5
0.5
0.5
0.5
0.5
0.5
0.5
0.5
0.5
0.3507227854897934
0.2458089700957098
0.15491205555340642
0.06963176239925517
-0.009606495618701083
-0.0807576767254109
-0.14171735496177396
-0.18463682751355404
-0.19435729484321518
-0.18427480318376022
-0.1630575697854647
-0.13624291583668036
-0.10730346018822523
-0.07835787045482978
-0.05064371024445413
-0.024831175711164777
-0.0012305253800474203
0.04379576188028822
0.13050609703744503
0.22405271388293568
0.314931601988217
0.39911033478376273
0.47394135937510484
0.5
0.5
0.5
0.5
0.5
0.5
0.5
0.5
0.5
0.5
0.5
0.5
0.5
0.5
0.5
0.5
0.5
0.5
0.5
0.5
0.5
0.5
0.5
0.5
0.5
0.5
0.48768120334231346
0.3349835803566084
0.23368875472474498
0.14377747625903703
0.05921648140318758
-0.019099676475527905
-0.0890605105371699
-0.1485867186078711
-0.18681587058729
-0.19370421819821304
-0.181995633226535
-0.15992600591874284
-0.13274716731845915
-0.10374417977030592
-0.07491335003865152
-0.047413175873716074
-0.021863445324115216
0.001457104317347191
0.05419128427935421
0.14232766990885126
0.23570382960199082
0.32581507659649206
0.4088668669363125
0.48229739716086134
0.5
0.5
0.5
0.5
0.5
0.5
0.5
0.5
0.5
0.5
0.5
0.5
0.5
0.5
0.5
0.5
0.5
0.5
0.5
0.5
0.5
0.5
0.5
0.5
0.5
0.5
0.4635751505351976
0.3196821156637301
0.22040153821869468
0.1314242047617104
0.04788205372627874
-0.029122965919880395
-0.09748065179850407
-0.1551614921149035
-0.18834652848007782
-0.19222380450218968
-0.17881991804034303
-0.15589573184356986
-0.12838978921266198
-0.09938168770980493
-0.07073400442318467
-0.04351910652840929
-0.018302124279315102
0.004672150656740037
0.06394450223017156
0.15338049450553715
0.24669540144288737
0.33621041503013493
0.41832752252531913
0.49055677966837485
0.5
0.5
0.5
0.5
0.5
0.5
0.5
0.5
0.5
0.5
0.5
0.5
0.5
0.5
0.5
0.5
0.5
0.5
0.5
0.5
0.5
0.5
0.5
0.5
0.5
0.5
0.441409242050685
0.30568328140165646
0.20829240713465869
0.12020155722276232
0.03761842540437471
-0.03816391020334864
-0.10503575657765996
-0.16101362421016463
-0.18962191113793703
-0.1907719491618708
-0.17583730153694166
-0.1521464091250735
-0.12435268116720599
-0.09534876297667738
-0.06687559419973699
-0.0399272382814817
-0.015019169591877435
0.00763462709210494
0.07292430440620473
0.16356075322431585
0.2568240578331927
0.34579456746511245
0.4270548743699853
0.4981810602575712
0.5
0.5
0.5
0.5
0.5
0.5
0.5
0.5
0.5
0.5
0.5
0.5
0.5
0.5
0.5
0.5
0.5
0.5
0.5
0.5
0.5
0.5
0.5
0.5
0.5
0.5
0.4213462275045536
0.2927913756886837
0.1970095981468154
0.10965740068104457
0.027899885642437616
-0.04679984262032044
-0.1123331887440232
-0.16675890340010402
-0.19097108182688194
-0.18949622787017328
-0.17308307410366142
-0.14864624780892888
-0.12056623467962413
-0.09155668099911285
-0.06324201659373219
-0.03654125987299062
-0.01192225752682985
0.010430589497806064
0.08268860868366168
0.17469222407553686
0.2678813475863221
0.3562222879231197
0.4365079714862717
0.5
0.5
0.5
0.5
0.5
0.5
0.5
0.5
0.5
0.5
0.5
0.5
0.5
0.5
0.5
0.5
0.5
0.5
0.5
0.5
0.5
0.5
0.5
0.5
0.5
0.5
0.5
0.40411199642276835
0.28128511573800913
0.18668364543422178
0.09983595082158564
0.018698465893672966
-0.05512506328519107
-0.1195279109615266
-0.172605961492298
-0.1925580694819352
-0.18852762291665404
-0.17066333021141922
-0.14548228118254158
-0.1171026378858886
-0.08806588031751206
-0.0598842696706996
-0.033404480213678034
-0.009048358681660429
0.013028346263455282
0.09207849748786356
0.1854818910960136
0.27867552657281885
0.3664756114730363
0.4458758125807803
0.5
0.5
0.5
0.5
0.5
0.5
0.5
0.5
0.5
0.5
0.5
0.5
0.5
0.5
0.5
0.5
0.5
0.5
0.5
0.5
0.5
0.5
0.5
0.5
0.5
0.5
0.5
0.38823570872865254
0.2706733518801119
0.17715302779272674
0.09076557762519843
0.010195621388458587
-0.06282361558656724
-0.1261870840614958
-0.17802482759886207
-0.1940437762196614
-0.1876529744288361
-0.16844755260736366
-0.14257782401904295
-0.11391991536531787
-0.08485644698928874
-0.05679617305281148
-0.03051900302365551
-0.006404324930952443
0.01967170793539913
0.10296466232045781
0.19700329336183453
0.2898035999270021
0.376743369805809
0.4549642576144467
0.5
0.5
0.5
0.5
0.5
0.5
0.5
0.5
0.5
0.5
0.5
0.5
0.5
0.5
0.5
0.5
0.5
0.5
0.5
0.5
0.5
0.5
0.5
0.5
0.5
0.5
0.5
0.3701477314283151
0.2587577450249824
0.16654510729816385
0.080725915520303
0.0008279467906830984
-0.07126521332440616
-0.1334494507825411
-0.1814469607663184
-0.19426910293748134
-0.18600175224010784
-0.16577087800393053
-0.13941648998850198
-0.11061042381464892
-0.08160163641969376
-0.05371216809379964
-0.02766633275280872
-0.003808468049550151
0.03170256861079673
0.1167128802441107
0.21052386242444288
0.30238286868430875
0.3879603380662672
0.4645024700638162
0.5
0.5
0.5
0.5
0.5
0.5
0.5
0.5
0.5
0.5
0.5
0.5
0.5
0.5
0.5
0.5
0.5
0.5
0.5
0.5
0.5
0.5
0.5
0.5
0.5
0.5
0.5
0.35242608503925565
0.24694476041765456
0.15593262085117598
0.07060514329103712
-0.008690939087808158
-0.0799247342702577
-0.14099183970733153
-0.18435722510395258
-0.19435003523781058
-0.1844269015191704
-0.16329624362933326
-0.13652196636015013
-0.10759418453691416
-0.07864300807856939
-0.050913419348877054
-0.02508036697185123
-0.0014571020595358641
0.04273070917506283
0.12929110188288623
0.22286085147883972
0.3138259457624172
0.39812778378001557
0.47310945487693523
0.5
0.5
0.5
0.5
0.5
0.5
0.5
0.5
0.5
0.5
0.5
0.5
0.5
0.5
0.5
0.5
0.5
0.5
0.5
0.5
0.5
0.5
0.5
0.5
0.5
0.5
0.49010977679059053
0.3365325274990607
0.23503915123159735
0.14503718442499558
0.06037632743699711
-0.01806974582403842
-0.08819055864169167
-0.14790182469847013
-0.18664674392629055
-0.19384351568114933
-0.18230910705025782
-0.16032782384233946
-0.13318343396497534
-0.1041819504274224
-0.07533332082325472
-0.04780483277929526
-0.022221856229706405
0.0011334012743876576
0.05322078044740708
0.14122731530265775
0.23460820504374252
0.324777347821315
0.40792083617962904
0.4814697840725361
0.5
0.5
0.5
0.5
0.5
0.5
0.5
0.5
0.5
0.5
0.5
0.5
0.5
0.5
0.5
0.5
0.5
0.5
0.5
0.5
0.5
0.5
0.5
0.5
0.5
0.5
0.46580970840460667
0.3210939052520369
0.2216230103732012
0.13255636393690817
0.04891751073759698
-0.028210852511801776
-0.0967184632909287
-0.15457116189546394
-0.18821858555199578
-0.19237135465052524
-0.17912206067231073
-0.15627526506701483
-0.12879832512399614
-0.09978973032531602
-0.07112434913567323
-0.04388246095779991
-0.018634213261055743
0.004372489826314552
0.06303305859865593
0.15234677204930397
0.24566664571332592
0.33523673084049876
0.41744066744868097
0.489781807133272
0.5
0.5
0.5
0.5
0.5
0.5
0.5
0.5
0.5
0.5
0.5
0.5
0.5
0.5
0.5
0.5
0.5
0.5
0.5
0.5
0.5
0.5
0.5
0.5
0.5
0.5
0.44347274029743
0.3069867872173486
0.20942016876684344
0.1212469329668382
0.03857464469240973
-0.03732141055209026
-0.10433149496905025
-0.16046783728326863
-0.18950235570832863
-0.19090641395834163
-0.17611437698079335
-0.15249494730139124
-0.12472808261709445
-0.09572383544980245
-0.06723447145824557
-0.040261345438291296
-0.015324555770604098
0.007359043774870899
0.07208899372568539
0.16261386536127054
0.2558820681863803
0.3449033166896642
0.426243397839982
0.49747224925258543
0.5
0.5
0.5
0.5
0.5
0.5
0.5
0.5
0.5
0.5
0.5
0.5
0.5
0.5
0.5
0.5
0.5
0.5
0.5
0.5
0.5
0.5
0.5
0.5
0.5
0.5
0.4229007434171652
0.2938341040893434
0.19794832828362424
0.11055234595770136
0.028740196923480288
-0.04603765703677176
-0.11167245536964865
-0.1662196023016027
-0.1908210644238284
-0.1895799528877915
-0.1732997324275335
-0.14893129509516811
-0.12087905910233943
-0.0918723800941611
-0.06354592466936748
-0.03682531524872823
-0.01218259922979592
0.01019520449239858
0.08181107290984824
0.17368362391665915
0.2668735563775485
0.35526652751577015
0.4356364092639039
0.5
0.5
0.5
0.5
0.5
0.5
0.5
0.5
0.5
0.5
0.5
0.5
0.5
0.5
0.5
0.5
0.5
0.5
0.5
0.5
0.5
0.5
0.5
0.5
0.5
0.5
0.5
0.4055900120193977
0.2822733623367575
0.18757146642135908
0.10068112836093362
0.019491003401527318
-0.05440721992217501
-0.1189066660512983
-0.1721000453533107
-0.19241832660132008
-0.18860768758183455
-0.1708683463909635
-0.14575152168948025
-0.11739789780506293
-0.08836373781688045
-0.06017093557026176
-0.03367237914057197
-0.009293867342301976
0.012806388554492565
0.09128044145978459
0.18456519216499195
0.2777585657495074
0.3656046700552999
0.44508013954742637
0.5
0.5
0.5
0.5
0.5
0.5
0.5
0.5
0.5
0.5
0.5
0.5
0.5
0.5
0.5
0.5
0.5
0.5
0.5
0.5
0.5
0.5
0.5
0.5
0.5
0.5
0.5
0.3895878082996089
0.271576872331131
0.17796435022419665
0.09153761015918649
0.01091924285168916
-0.06216855437655733
-0.12562058825730882
-0.17756399195462458
-0.19391774577706045
-0.18772784752287497
-0.16863655878145467
-0.14282541964845652
-0.1141911631564515
-0.0851299344037787
-0.05705929961098988
-0.030764852108598917
-0.006629594410569095
0.01864764635259314
0.10179173415424014
0.19584585248873482
0.28872249172161274
0.37577488270647447
0.45413592057817975
0.5
0.5
0.5
0.5
0.5
0.5
0.5
0.5
0.5
0.5
0.5
0.5
0.5
0.5
0.5
0.5
0.5
0.5
0.5
0.5
0.5
0.5
0.5
0.5
0.5
0.5
0.5
0.3716786312996794
0.2597736746988857
0.16745515427629198
0.08159204278171228
0.0016410536152512423
-0.07052700433942816
-0.13280804713132777
-0.18120109760015513
-0.19426472557634378
-0.18613858935651395
-0.16598434599158873
-0.13966560243749793
-0.11086972383124227
-0.0818558225083893
-0.0539525223754852
-0.027888354143181804
-0.004010310118740867
0.030767781197520883
0.11564727434663113
0.20947882363354997
0.30141358477824465
0.3870990993978495
0.4637733738371203
0.5
0.5
0.5
0.5
0.5
0.5
0.5
0.5
0.5
0.5
0.5
0.5
0.5
0.5
0.5
0.5
0.5
0.5
0.5
0.5
0.5
0.5
0.5
0.5
0.5
0.5
0.5
0.35380213270884137
0.24786222667685687
0.15675694075953772
0.07139129752324452
-0.007951539719829426
-0.07925211035624224
-0.14040602993967655
-0.18413161393616373
-0.19434440612883597
-0.18454998210785956
-0.16348923924300718
-0.13674755786889847
-0.10782918681067943
-0.07887347947542367
-0.05113141126734966
-0.025281769886427496
-0.0016402238048146556
0.04186985416872668
0.12830902523420112
0.22189744553039514
0.3129321943864608
0.3973335158387786
0.47243693611437293
0.5
0.5
0.5
0.5
0.5
0.5
0.5
0.5
0.5
0.5
0.5
0.5
0.5
0.5
0.5
0.5
0.5
0.5
0.5
0.5
0.5
0.5
0.5
0.5
0.5
0.5
0.49199347019550854
0.3377370335403686
0.2360912713344624
0.14602014043576017
0.061282753077517294
-0.017263391089923585
-0.08750783152272701
-0.1473624238635305
-0.1865102440249058
-0.19394813392075305
-0.18255007457264238
-0.16063813806491312
-0.13352100658696298
-0.10452103885612962
-0.07565882671012802
-0.04810851821056439
-0.022499841269835064
0.0008822859577305442
0.052471598904973826
0.14037791316304882
0.23376222185854972
0.32397578359077195
0.40718979391576193
0.48082991626179844
0.5
0.5
0.5
0.5
0.5
0.5
0.5
0.5
0.5
0.5
0.5
0.5
0.5
0.5
0.5
0.5
0.5
0.5
0.5
0.5
0.5
0.5
0.5
0.5
0.5
0.5
0.4675393855828638
0.32218660983701497
0.22256833362198264
0.13343249772950605
0.0497187396132962
-0.027505145748852322
-0.09612884780087538
-0.15411460765173057
-0.18811991768966807
-0.19248590226373108
-0.179356238758398
-0.15656931575092514
-0.12911479524252156
-0.1001057906685997
-0.07142668492890247
-0.04416388195328613
-0.01889141271885264
0.004140409590060956
0.062326890256089396
0.15154580903938358
0.24486948791312985
0.3344822069329385
0.41675339069596884
0.48918119678979394
0.5
0.5
0.5
0.5
0.5
0.5
0.5
0.5
0.5
0.5
0.5
0.5
0.5
0.5
0.5
0.5
0.5
0.5
0.5
0.5
0.5
0.5
0.5
0.5
0.5
0.5
0.4450712711802215
0.3079965977714061
0.21029384797286665
0.12205679975513245
0.03931545253507229
-0.03666869149409935
-0.10378585997915823
-0.1600449648176674
-0.18940968798535007
-0.19101053962790182
-0.1763289872963616
-0.15276492394343055
-0.12501887419039925
-0.0960143758358386
-0.06751246876111261
-0.04052015636233186
-0.015561119249984379
0.007145566178292484
0.0714419285676835
0.16188037228624852
0.2551523742237193
0.34421293142294335
0.42561481253069455
0.4969231955822857
0.5
0.5
0.5
0.5
0.5
0.5
0.5
0.5
0.5
0.5
0.5
0.5
0.5
0.5
0.5
0.5
0.5
0.5
0.5
0.5
0.5
0.5
0.5
0.5
0.5
0.5
0.4241049347985256
0.2946418421077317
0.19867550407495177
0.11124560356313762
0.02939113231613144
-0.04544724134848965
-0.11116062891213296
-0.16580184230611672
-0.19070485771552503
-0.18964481145209044
-0.17346756581228884
-0.149152104883987
-0.12112138589347532
-0.09211693353822814
-0.06378134419846604
-0.037045356004910435
-0.012384270376997852
0.010012865832454976
0.08113130160015314
0.17290232531744792
0.2660928842279606
0.3545261601125484
0.43496126465200635
0.5
0.5
0.5
0.5
0.5
0.5
0.5
0.5
0.5
0.5
0.5
0.5
0.5
0.5
0.5
0.5
0.5
0.5
0.5
0.5
0.5
0.5
0.5
0.5
0.5
0.5
0.5
0.4067349375905984
0.28303889477656374
0.18825920548542585
0.10133583423809767
0.020104932360264727
-0.05385115182042366
-0.11842542669939138
-0.17170814395353862
-0.19231007666019573
-0.18866970875671507
-0.17102715966079596
-0.14596008550991857
-0.11762661722404966
-0.08859446941020943
-0.0603929977254245
-0.03387990369189198
-0.009484047552121622
0.012634451795728141
0.0906622370457148
0.1838550824283936
0.27704825311658365
0.3649300057781236
0.4444637809976551
0.5
0.5
0.5
0.5
0.5
0.5
0.5
0.5
0.5
0.5
0.5
0.5
0.5
0.5
0.5
0.5
0.5
0.5
0.5
0.5
0.5
0.5
0.5
0.5
0.5
0.5
0.5
0.39063519560160037
0.2722767733475992
0.178592831185918
0.09213565569084564
0.011479787347936643
-0.06166111923275053
-0.12518175921213182
-0.17720701125000304
-0.193820117809532
-0.1877858470137569
-0.16878297006310383
-0.14301721653456334
-0.11440128190175436
-0.08534178804838566
-0.05726312734795391
-0.03095529606538905
-0.0068040966309145245
0.017854369694553507
0.1008831398401212
0.1949492552196832
0.28788502461517984
0.37502465615255814
0.4534942595425293
0.5
0.5
0.5
0.5
0.5
0.5
0.5
0.5
0.5
0.5
0.5
0.5
0.5
0.5
0.5
0.5
0.5
0.5
0.5
0.5
0.5
0.5
0.5
0.5
0.5
0.5
0.5
0.37286452399523934
0.2605606520830789
0.1681601109355924
0.08226297757358098
0.002270916779301302
-0.06995515986314293
-0.13231119171269823
-0.1810106427362086
-0.19426133471052698
-0.18624458854254644
-0.16614970633596382
-0.13985857432365179
-0.11107058739065234
-0.0820527246264462
-0.054138709854754885
-0.028060340274284168
-0.004166664587586522
0.030043659663388067
0.11482181588791912
0.20866929722985594
0.30066274096094076
0.38643195149030296
0.46320858844114493
0.5
0.5
0.5
0.5
0.5
0.5
0.5
0.5
0.5
0.5
0.5
0.5
0.5
0.5
0.5
0.5
