-0.5
-0.5
-0.5
-0.5
-0.5
-0.5
-0.5
-0.5
-0.5
-0.5
-0.5
-0.5
-0.5
-0.5
-0.5
-0.5
-0.5
-0.5
-0.5
-0.5
-0.5
-0.5
-0.5
-0.5
-0.5
-0.5
-0.5
-0.5
-0.5
-0.5
-0.5
-0.5
-0.5
-0.5
-0.5
-0.5
-0.5
-0.5
-0.5
-0.5
-0.5
-0.5
-0.5
-0.5
-0.5
-0.5
-0.45661208197862335
-0.293652044476327
-0.17832561596640029
-0.07306564520405345
0.02707979545868522
0.12044802855287418
0.204268823326622
0.27588292342425935
0.3217662187370691
0.32736670453363503
0.30920307551206105
0.277936184941614
0.24035104362429727
0.20067967656701435
0.16148259867203518
0.1242349143046938
0.0897149102904996
0.05826072510714886
0.02993902335550025
0.004655084536036136
-0.06956317068309725
-0.1543514166216785
-0.2393895652128495
-0.32053605644351396
-0.39511043841068266
-0.46096273496623147
-0.5
-0.5
-0.5
-0.5
-0.5
-0.5
-0.5
-0.5
-0.5
-0.5
-0.5
-0.5
-0.5
-0.5
-0.5
-0.5
-0.5
-0.5
-0.5
-0.5
-0.5
-0.5
-0.5
-0.5
-0.5
-0.46122517558393095
-0.325023871545419
-0.2293356191301134
-0.14283414698022567
-0.06122290319339185
0.014316469003548216
0.08168424856545053
0.13886722121525508
0.1776859495904204
0.1853081531123255
0.17438637210299224
0.15310090011714728
0.12667121273908222
0.09836497023342472
0.07017055254682802
0.04324440237585747
0.018207769507974092
-0.004657155585876704
-0.06979433973594029
-0.1610240247533769
-0.25502914543026495
-0.3447492336598133
-0.426722262336471
-0.49850119635829215
-0.5
-0.5
-0.5
-0.5
-0.5
-0.5
-0.5
-0.5
-0.5
-0.5
-0.5
-0.5
-0.5
-0.5
-0.5
-0.5
-0.5
-0.5
-0.5
-0.5
-0.5
-0.5
-0.5
-0.5
-0.5
-0.5
-0.40437363980436447
-0.2820263957007257
-0.18769011168534439
-0.1010282294169621
-0.020022325514441608
0.053720385254653946
0.11809293545908928
0.17119036258177145
0.19183701890419902
0.1882429533899176
0.17064565311827407
0.14562128189325452
0.11732720773706429
0.08833084089973442
0.06016151345501186
0.033677068319880044
0.009306597445981502
-0.013216722943149406
-0.09547839262127433
-0.18920878861415608
-0.2820467531441984
-0.36928335201082274
-0.448028340686901
-0.5
-0.5
-0.5
-0.5
-0.5
-0.5
-0.5
-0.5
-0.5
-0.5
-0.5
-0.5
-0.5
-0.5
-0.5
-0.5
-0.5
-0.5
-0.5
-0.5
-0.5
-0.5
-0.5
-0.5
-0.5
-0.5
-0.5
-0.36853939214026793
-0.2583934732192157
-0.16664538674715523
-0.0811188449981119
-0.001462310206052031
0.07042092344535189
0.1324272902673056
0.18064898543096863
0.19363609869482645
0.18549209929660693
0.16535500741139142
0.1390731321008729
0.11032406328322608
0.08136078039363615
0.05350816322265384
0.027492553163966815
0.003659754621364364
-0.03474167350845425
-0.12010867908038397
-0.21367297693244952
-0.30509662003905197
-0.39015010899631364
-0.46611527494135624
-0.5
-0.5
-0.5
-0.5
-0.5
-0.5
-0.5
-0.5
-0.5
-0.5
-0.5
-0.5
-0.5
-0.5
-0.5
-0.5
-0.5
-0.5
-0.5
-0.5
-0.5
-0.5
-0.5
-0.5
-0.5
-0.5
-0.4986501248395445
-0.34242303709546384
-0.24045778658971767
-0.1502968089651775
-0.0654065807955751
0.013408972900220029
0.0840399739023977
0.1443851276009136
0.1853862980587031
0.19395449955554744
0.18321627058200118
0.1616612506499514
0.13470890564856974
0.10575448952675726
0.07686625229181043
0.04924922831548417
0.023552919238515657
7.468351672268447e-05
-0.05023937827081487
-0.13782317466211486
-0.2311484804286203
-0.321420948680733
-0.4047776577618405
-0.47863161537987936
-0.5
-0.5
-0.5
-0.5
-0.5
-0.5
-0.5
-0.5
-0.5
-0.5
-0.5
-0.5
-0.5
-0.5
-0.5
-0.5
-0.5
-0.5
-0.5
-0.5
-0.5
-0.5
-0.5
-0.5
-0.5
-0.5
-0.4675648925058369
-0.3223864434706053
-0.22285959201771643
-0.13378878966778995
-0.050124216908733144
0.027065017428795746
0.09566883095635914
0.15364962466265808
0.18784302180937396
0.19233066347918937
0.17927867123924957
0.15654041779825012
0.12911555329598112
0.10012383548602743
0.0714540553042774
0.04419553065181947
0.01892420961363972
-0.004108341482839228
-0.06261832093968556
-0.1518666501134187
-0.2451518777784522
-0.3347070493389984
-0.4169134325371139
-0.48927338479361226
-0.5
-0.5
-0.5
-0.5
-0.5
-0.5
-0.5
-0.5
-0.5
-0.5
-0.5
-0.5
-0.5
-0.5
-0.5
-0.5
-0.5
-0.5
-0.5
-0.5
-0.5
-0.5
-0.5
-0.5
-0.5
-0.5
-0.44197986084551255
-0.3061289700708335
-0.20873296578648964
-0.12065002774689337
-0.03806561624114546
0.03773140210484227
0.104631429085289
0.16064989034611266
0.18946100202695615
0.1907363551620852
0.17587641023941836
0.152227475567699
0.12445479209519306
0.09545880715118815
0.06698557617210521
0.040032491363644285
0.015117170203987618
-0.0075450432819553215
-0.07287423780740154
-0.16349961604570545
-0.2567434360346961
-0.345695341977669
-0.42694026064071644
-0.49805504786189336
-0.5
-0.5
-0.5
-0.5
-0.5
-0.5
-0.5
-0.5
-0.5
-0.5
-0.5
-0.5
-0.5
-0.5
-0.5
-0.5
-0.5
-0.5
-0.5
-0.5
-0.5
-0.5
-0.5
-0.5
-0.5
-0.5
-0.42037722207738304
-0.29219466957814244
-0.1965043953023412
-0.10919798018649735
-0.027488324948328535
0.04715309220829578
0.11261780462097226
0.16696667266088272
0.1909909102084586
0.18940545276734855
0.17293157963700012
0.14846575699769793
0.12037651094444368
0.09136966011571357
0.06306455373346476
0.03637695064693702
0.011772640550135494
-0.010565242543202458
-0.08334652762138384
-0.17544182709342937
-0.268614506414608
-0.3568999374145244
-0.43710750067928683
-0.5
-0.5
-0.5
-0.5
-0.5
-0.5
-0.5
-0.5
-0.5
-0.5
-0.5
-0.5
-0.5
-0.5
-0.5
-0.5
-0.5
-0.5
-0.5
-0.5
-0.5
-0.5
-0.5
-0.5
-0.5
-0.5
-0.5
-0.40248814232126634
-0.2802227758072273
-0.1857433690098207
-0.09895066740405556
-0.0178771111267077
0.05586009139288928
0.1201543925444788
0.1731051767412375
0.19267881236346152
0.1884221862393326
0.17043030330329645
0.14518468406104412
0.11678002923696418
0.08774242957225764
0.059574127706319424
0.03311534330114185
0.008783825227669406
-0.013267224536952338
-0.09301779904256013
-0.18655798126365364
-0.27974419587318566
-0.3674819678960074
-0.446786128480657
-0.5
-0.5
-0.5
-0.5
-0.5
-0.5
-0.5
-0.5
-0.5
-0.5
-0.5
-0.5
-0.5
-0.5
-0.5
-0.5
-0.5
-0.5
-0.5
-0.5
-0.5
-0.5
-0.5
-0.5
-0.5
-0.5
-0.5
-0.3861743552264536
-0.2693291558854846
-0.17596561860043758
-0.08964901605500675
-0.00916080353084131
0.06374863047683621
0.1269744384659277
0.17865108482147085
0.1941949528622935
0.18752025380934279
0.16815469873322098
0.14220394742281506
0.11351467356749789
0.0844501782304461
0.05640663868244211
0.030155861669290296
0.00607209112905327
-0.02129390740004694
-0.10481764406338989
-0.19882112230348936
-0.2914896083224221
-0.3782411403848872
-0.4562317325812331
-0.5
-0.5
-0.5
-0.5
-0.5
-0.5
-0.5
-0.5
-0.5
-0.5
-0.5
-0.5
-0.5
-0.5
-0.5
-0.5
-0.5
-0.5
-0.5
-0.5
-0.5
-0.5
-0.5
-0.5
-0.5
-0.5
-0.5
-0.36755869797583296
-0.2570468403128847
-0.1650170571848194
-0.07927490665324533
0.0005312084380360016
0.07249604757349837
0.13451546680424242
0.1818496935573033
0.19426729505597928
0.18576376974215092
0.16540512344987668
0.13899172208132715
0.11016931553995768
0.08116980599009305
0.053304180690728065
0.02728967713976116
0.0034661808413667394
-0.033324073310366575
-0.1185611085789553
-0.21233459531826399
-0.30406014722829233
-0.38944826309663
-0.4657594697407191
-0.5
-0.5
-0.5
-0.5
-0.5
-0.5
-0.5
-0.5
-0.5
-0.5
-0.5
-0.5
-0.5
-0.5
-0.5
-0.5
-0.5
-0.5
-0.5
-0.5
-0.5
-0.5
-0.5
-0.5
-0.5
-0.5
-0.5
-0.3499681173977696
-0.24531044039785033
-0.15446695407070382
-0.06920923785898209
0.010002129465020992
0.08111579678449332
0.14202733333564477
0.18475339849076056
0.19435594220574226
0.1842046408678466
0.16295021620948735
0.1361184229840675
0.10717426969310206
0.07823144866427256
0.05052429937376046
0.024720954081487778
0.0011303730566570858
-0.04428110897396531
-0.13105936894334913
-0.22459436209658412
-0.31543282557439656
-0.3995544160958502
-0.4743158996883724
-0.5
-0.5
-0.5
-0.5
-0.5
-0.5
-0.5
-0.5
-0.5
-0.5
-0.5
-0.5
-0.5
-0.5
-0.5
-0.5
-0.5
-0.5
-0.5
-0.5
-0.5
-0.5
-0.5
-0.5
-0.5
-0.5
-0.48633587606920303
-0.3341352853397654
-0.2329555222942788
-0.14309814070917026
-0.058595317077761444
0.01964675869337884
0.08951761607150666
0.14894073447409983
0.18689342401460007
0.19361700861496256
0.18181592298733584
0.15969994293334222
0.13250367968332066
0.10350090494548636
0.07468057922091698
0.04719647095100943
0.021665368960806952
-0.0016358503437989835
-0.05474126721572253
-0.1429511135006244
-0.2363234931350695
-0.32640069382782955
-0.4093993500722719
-0.48276174156063995
-0.5
-0.5
-0.5
-0.5
-0.5
-0.5
-0.5
-0.5
-0.5
-0.5
-0.5
-0.5
-0.5
-0.5
-0.5
-0.5
-0.5
-0.5
-0.5
-0.5
-0.5
-0.5
-0.5
-0.5
-0.5
-0.5
-0.46228441067746273
-0.3188676271400245
-0.2196974613572043
-0.130772030869505
-0.04728595427932142
0.029647686984749844
0.0979187232948292
0.15550032562054472
0.18841944626735563
0.1921383163510193
0.17864556831556877
0.15567692588140136
0.12815435652890783
0.09914659014848493
0.0705091334026492
0.04330980230456816
0.018110841378293885
-0.004844747701457375
-0.06447153881544543
-0.15397803889425937
-0.24728971417366147
-0.33677252184976203
-0.41883909938547204
-0.4910033940882445
-0.5
-0.5
-0.5
-0.5
-0.5
-0.5
-0.5
-0.5
-0.5
-0.5
-0.5
-0.5
-0.5
-0.5
-0.5
-0.5
-0.5
-0.5
-0.5
-0.5
-0.5
-0.5
-0.5
-0.5
-0.5
-0.5
-0.44019844265276853
-0.30491907621305403
-0.20763165797175037
-0.11958938752222015
-0.03705875284863591
0.038656722549075484
0.10544737298102902
0.16133222235724143
0.18969104309442075
0.1906924432329049
0.1756743833358423
0.15194172933362848
0.12413234561143416
0.09512868543825148
0.06666505731841399
0.03973125605084327
0.014840049185745996
-0.0077962577220626605
-0.07346532105919623
-0.1641741359651256
-0.2574309416218502
-0.3463647258416049
-0.42756966612781877
-0.4986260559589085
-0.5
-0.5
-0.5
-0.5
-0.5
-0.5
-0.5
-0.5
-0.5
-0.5
-0.5
-0.5
-0.5
-0.5
-0.5
-0.5
-0.5
-0.5
-0.5
-0.5
-0.5
-0.5
-0.5
-0.5
-0.5
-0.5
-0.4202562854319768
-0.2920630965752281
-0.19635563380300614
-0.10903508099921061
-0.027316553843052205
0.04732794975238852
0.1127899481840191
0.16713053617579687
0.1910729340244247
0.18943618251631456
0.17293104251488212
0.1484469829400772
0.1203478875429479
0.09133650596252518
0.06303016819849072
0.0363433131011589
0.011740875032001052
-0.010594559468419196
-0.08329172198544632
-0.1753850846046885
-0.2685737320650773
-0.35687909366861237
-0.4371071203752055
-0.5
-0.5
-0.5
-0.5
-0.5
-0.5
-0.5
-0.5
-0.5
-0.5
-0.5
-0.5
-0.5
-0.5
-0.5
-0.5
-0.5
-0.5
-0.5
-0.5
-0.5
-0.5
-0.5
-0.5
-0.5
-0.5
-0.5
-0.4030909538662491
-0.28060277309227705
-0.18607087405957778
-0.09925278838488805
-0.01815179376006476
0.05562003289444273
0.11995607142166298
0.1729544009011893
0.1926538018743612
0.18847168982938756
0.17052121096240236
0.14529589296968715
0.11689834916190156
0.0878598540139135
0.05968601907622828
0.033219229325367694
0.00887860365964932
-0.013181808818608531
-0.09263113740333417
-0.18611673685894575
-0.2793105576556393
-0.36707876645347465
-0.44642683168492275
-0.5
-0.5
-0.5
-0.5
-0.5
-0.5
-0.5
-0.5
-0.5
-0.5
-0.5
-0.5
-0.5
-0.5
-0.5
-0.5
-0.5
-0.5
-0.5
-0.5
-0.5
-0.5
-0.5
-0.5
-0.5
-0.5
-0.5
-0.3872589597839582
-0.27002461789630683
-0.17657280849348517
-0.0902150151678382
-0.009680941769725504
0.06328817590481184
0.12658738878223041
0.17834883932499113
0.19413020317411034
0.18759696432656736
0.16831074902833532
0.14239967400229214
0.11372522009631847
0.08466039629112032
0.05660769561379664
0.0303429900720511
0.006243101125930739
-0.020412744378635383
-0.10381281711997559
-0.19783920394669074
-0.29058324005698133
-0.3774405963624504
-0.4555593077815597
-0.5
-0.5
-0.5
-0.5
-0.5
-0.5
-0.5
-0.5
-0.5
-0.5
-0.5
-0.5
-0.5
-0.5
-0.5
-0.5
-0.5
-0.5
-0.5
-0.5
-0.5
-0.5
-0.5
-0.5
-0.5
-0.5
-0.5
-0.3690370872144718
-0.25802039053203235
-0.16588443105879963
-0.08009702067361835
-0.00023746807537433634
0.0718013767542558
0.13391537945882903
0.18162554030586242
0.19427225118747982
0.18590231429167858
0.165615772401419
0.13923549231504684
0.11042202773916354
0.08141695790997672
0.05353754025890589
0.027505025299633945
0.003661822150634597
-0.03238292221459943
-0.11748853381044627
-0.21128459202411282
-0.30308849083046446
-0.3885873396912847
-0.46503330241070734
-0.5
-0.5
-0.5
-0.5
-0.5
-0.5
-0.5
-0.5
-0.5
-0.5
-0.5
-0.5
-0.5
-0.5
-0.5
-0.5
-0.5
-0.5
-0.5
-0.5
-0.5
-0.5
-0.5
-0.5
-0.5
-0.5
-0.5
-0.35142432066486934
-0.24627684210545947
-0.15533251053399655
-0.07003281408709561
0.00922923494560568
0.08041442225564044
0.1414183318852299
0.18452150829456115
0.19435417896370932
0.18433734699870696
0.16315579032586736
0.13635778084169203
0.10742314465368819
0.07847526294800311
0.050754755479434976
0.02493377621733528
0.0013238165429959592
-0.04335736686594871
-0.13000599070959995
-0.22356213221037158
-0.3144765054449418
-0.39870591069136924
-0.4735989434201249
-0.5
-0.5
-0.5
-0.5
-0.5
-0.5
-0.5
-0.5
-0.5
-0.5
-0.5
-0.5
-0.5
-0.5
-0.5
-0.5
-0.5
-0.5
-0.5
-0.5
-0.5
-0.5
-0.5
-0.5
-0.5
-0.5
-0.4887380849427345
-0.3356554404204941
-0.2342730434607374
-0.14432145063393292
-0.05971632954745287
0.01865686770500441
0.08868765266837841
0.14829454845843337
0.18674610282505544
0.19376731018796023
0.1821336233865437
0.160101849030024
0.13293761391386882
0.1039350290790425
0.07509629162813136
0.0475836938473323
0.022019432472526135
-0.001316258622521771
-0.0537663530976758
-0.14184587021630357
-0.23522426695878906
-0.3253610592503123
-0.4084531885128572
-0.4819357380882277
-0.5
-0.5
-0.5
-0.5
-0.5
-0.5
-0.5
-0.5
-0.5
-0.5
-0.5
-0.5
-0.5
-0.5
-0.5
-0.5
-0.5
-0.5
-0.5
-0.5
-0.5
-0.5
-0.5
-0.5
-0.5
-0.5
-0.46454990171473554
-0.3202980433987782
-0.22093449707528967
-0.13191824722322593
-0.04833395283127273
0.028724835680350225
0.09714789078666852
0.15490367425133034
0.18829043933751044
0.192287918069439
0.17895149447792258
0.15606109266941914
0.12856782472602457
0.09955952905877175
0.07090414448258842
0.04367748972550689
0.018446883785749546
-0.004541523791260715
-0.06354740803372783
-0.15293016634003392
-0.246247266828521
-0.33578629713120295
-0.41794125156160145
-0.49021926494564727
-0.5
-0.5
-0.5
-0.5
-0.5
-0.5
-0.5
-0.5
-0.5
-0.5
-0.5
-0.5
-0.5
-0.5
-0.5
-0.5
-0.5
-0.5
-0.5
-0.5
-0.5
-0.5
-0.5
-0.5
-0.5
-0.5
-0.442308319994855
-0.3062512130065679
-0.20878375877876032
-0.12065700726644568
-0.03803502470340059
0.03779686317725428
0.104728943753853
0.1607758618369518
0.18956985234471413
0.19083056243453944
0.17595804646312385
0.15229828715339044
0.12451626079796152
0.09551219694567803
0.06703196991959548
0.04007281995312728
0.015152236054709722
-0.007514547013633743
-0.07256034270662992
-0.16314817181397356
-0.2564136064530802
-0.3454062200585427
-0.4267012828062286
-0.49787219942842925
-0.5
-0.5
-0.5
-0.5
-0.5
-0.5
-0.5
-0.5
-0.5
-0.5
-0.5
-0.5
-0.5
-0.5
-0.5
-0.5
-0.5
-0.5
-0.5
-0.5
-0.5
-0.5
-0.5
-0.5
-0.5
-0.5
-0.422023520358979
-0.29324568931533496
-0.1974186020666412
-0.11004732898251796
-0.028266011135958613
0.04646775538031089
0.11204530323343831
0.1665239250725763
0.19090571527976086
0.1895327035754868
0.17317746938763667
0.14877044059472633
0.12070253031429168
0.09169422941710803
0.06337442790468961
0.03666502156417051
0.012035687341236057
-0.010328033171517148
-0.0823062734444383
-0.17425278491892293
-0.26744226043198105
-0.35580586970822625
-0.43612823732596007
-0.5
-0.5
-0.5
-0.5
-0.5
-0.5
-0.5
-0.5
-0.5
-0.5
-0.5
-0.5
-0.5
-0.5
-0.5
-0.5
-0.5
-0.5
-0.5
-0.5
-0.5
-0.5
-0.5
-0.5
-0.5
-0.5
-0.5
-0.4047559365125232
-0.2817156746615921
-0.18707045145955437
-0.10020417829234762
-0.019043759441070174
0.054812312233507576
0.11925724571198926
0.17238554251241156
0.19249718523022197
0.18856250467426705
0.17075265103015413
0.14559958339137224
0.11723127633229169
0.0881956505529441
0.0600091640075463
0.033521198200711866
0.009155321712956965
-0.012931643882311383
-0.09173080420209995
-0.1850825079515111
-0.278276029058923
-0.36609616318697286
-0.4455291566017734
-0.5
-0.5
-0.5
-0.5
-0.5
-0.5
-0.5
-0.5
-0.5
-0.5
-0.5
-0.5
-0.5
-0.5
-0.5
-0.5
-0.5
-0.5
-0.5
-0.5
-0.5
-0.5
-0.5
-0.5
-0.5
-0.5
-0.5
-0.38882477606384425
-0.2710669877757385
-0.17750649610456143
-0.0911019286987621
-0.010510881379229009
0.06253822507662332
0.12594027868116386
0.17782405502771326
0.19398886818250205
0.18768559402244533
0.16852989656801454
0.142685693667725
0.1140380895774662
0.08497559696678325
0.05691080914489488
0.03062611186672992
0.006502467883301111
-0.019225558337796933
-0.10245365643550414
-0.19649903459662504
-0.28933259657877575
-0.3763214315569859
-0.4546033779417028
-0.5
-0.5
-0.5
-0.5
-0.5
-0.5
-0.5
-0.5
-0.5
-0.5
-0.5
-0.5
-0.5
-0.5
-0.5
-0.5
-0.5
-0.5
-0.5
-0.5
-0.5
-0.5
-0.5
-0.5
-0.5
-0.5
-0.5
-0.37081468865441614
-0.2592003488183136
-0.16694158201413745
-0.08110325612439617
-0.0011821884061236076
0.07094360190647064
0.13317001388112382
0.1813398466824645
0.1942671955799955
0.18606136699140718
0.16586387810403824
0.1395250191280425
0.11072339133659781
0.08171237600936598
0.05381688168186305
0.02776305937617518
0.0038964032829366113
-0.03129531675387481
-0.11624863565207366
-0.21006857808359447
-0.3019605878378773
-0.3875851284170274
-0.4641848298700588
-0.5
-0.5
-0.5
-0.5
-0.5
-0.5
-0.5
-0.5
-0.5
-0.5
-0.5
-0.5
-0.5
-0.5
-0.5
-0.5
-0.5
-0.5
-0.5
-0.5
-0.5
-0.5
-0.5
-0.5
-0.5
-0.5
-0.5
-0.35302557520104527
-0.247344464737963
-0.15629174502313548
-0.07094764022261885
0.008368811382516217
0.07963169799061098
0.14073662493948258
0.18425893491132006
0.19434758271199015
0.18448052283187
0.1633803242210533
0.13662024773223802
0.10769656582619436
0.07874341545114738
0.051008389906204266
0.025168110351959316
0.0015368810505967945
-0.04235566872999341
-0.12886324995478077
-0.22244113360194662
-0.3134365735896192
-0.3977817525686992
-0.4728164649349763
-0.5
-0.5
-0.5
-0.5
-0.5
-0.5
-0.5
-0.5
-0.5
-0.5
-0.5
-0.5
-0.5
-0.5
-0.5
-0.5
-0.5
-0.5
-0.5
-0.5
-0.5
-0.5
-0.5
-0.5
-0.5
-0.5
-0.4909304256740515
-0.3370572820558036
-0.23549751745336311
-0.14546541868509005
-0.06077122053922923
0.017718449543937642
0.08789312189383292
0.14766682940142617
0.1865872763241726
0.19388909353722517
0.18241408679872617
0.16046301516003048
0.13333050067620422
0.10432967752213163
0.07547513055920896
0.04793713622900253
0.022342963061057874
-0.001024000492960364
-0.05289439252613637
-0.14085726533943133
-0.23423964456370572
-0.3244281388554706
-0.40760235074976703
-0.48119101962905964
-0.5
-0.5
-0.5
-0.5
-0.5
-0.5
-0.5
-0.5
-0.5
-0.5
-0.5
-0.5
-0.5
-0.5
-0.5
-0.5
-0.5
-0.5
-0.5
-0.5
-0.5
-0.5
-0.5
-0.5
-0.5
-0.5
-0.4665632574681964
-0.3215699516393954
-0.2220348488024393
-0.1329380593829096
-0.04926657320690975
0.027903405084229838
0.09646159204300675
0.1543722599478058
0.18817559998375888
0.19242125829878176
0.17922408240067378
0.15640337082708333
0.12893619811281765
0.09992742479487293
0.07125606438594534
0.0440050644933313
0.01874626447099592
-0.004271382026143744
-0.06272541020669853
-0.1519978255324715
-0.24531935696236473
-0.33490801590894725
-0.41714124931926505
-0.48952014597432325
-0.5
-0.5
-0.5
-0.5
-0.5
-0.5
-0.5
-0.5
-0.5
-0.5
-0.5
-0.5
-0.5
-0.5
-0.5
-0.5
-0.5
-0.5
-0.5
-0.5
-0.5
-0.5
-0.5
-0.5
-0.5
-0.5
-0.4441691537566922
-0.30742671971662705
-0.20980079450444838
-0.1215997582922439
-0.038897383910136085
0.037037047953122015
0.10409378444549522
0.16028360928804564
0.1894619842095242
0.19095177717072798
0.17620787376745317
0.15261256489919606
0.12485476841776821
0.09585041182012288
0.06735558332943947
0.04037409860215757
0.015427616647732956
-0.007266040457287681
-0.0718070943606447
-0.16229431294824376
-0.2555641708852919
-0.3446025445482452
-0.42596954936525544
-0.49723304940082375
-0.5
-0.5
-0.5
-0.5
-0.5
-0.5
-0.5
-0.5
-0.5
-0.5
-0.5
-0.5
-0.5
-0.5
-0.5
-0.5
-0.5
-0.5
-0.5
-0.5
-0.5
-0.5
-0.5
-0.5
-0.5
-0.5
-0.4234253593216672
-0.2941860018259408
-0.19826512842606014
-0.1108543693657913
-0.029023782312853796
0.04578043755405048
0.11144947393243154
0.1660376016939964
0.19077043800110194
0.18960820904973785
0.1733728504226858
0.1490274926997861
0.12098463076775512
0.09197892182002487
0.06364848713022941
0.036921177820498974
0.012270458929941719
-0.010115767149821098
-0.08151492495215718
-0.17334324475985546
-0.2665334501361155
-0.3549439803656639
-0.4353422769564377
-0.5
-0.5
-0.5
-0.5
-0.5
-0.5
-0.5
-0.5
-0.5
-0.5
-0.5
-0.5
-0.5
-0.5
-0.5
-0.5
-0.5
-0.5
-0.5
-0.5
-0.5
-0.5
-0.5
-0.5
-0.5
-0.5
-0.5
-0.40608880817231624
-0.28260687278471885
-0.18787108555323567
-0.10096635631709233
-0.01975846656191782
0.05416496431485962
0.11869701019811207
0.1719293103067322
0.1923711666274004
0.18863470760923484
0.17093753468463224
0.14584238421678664
0.11749754128364853
0.08846425791592694
0.06026767875809802
0.03376278890291373
0.009376720900961755
-0.012731482903952485
-0.091011115680251
-0.1842558270839692
-0.27744911227380975
-0.36531074707432787
-0.444811617929479
-0.5
-0.5
-0.5
-0.5
-0.5
-0.5
-0.5
-0.5
-0.5
-0.5
-0.5
-0.5
-0.5
-0.5
-0.5
-0.5
-0.5
-0.5
-0.5
-0.5
-0.5
-0.5
-0.5
-0.5
-0.5
-0.5
-0.5
-0.3900441110542262
-0.27188178987502126
-0.1782381530441151
-0.09179815353829252
-0.011163448601674175
0.061947486145464636
0.1254294088281408
0.17740847041738605
0.19387521336050362
0.18775311546923612
0.1687003440407151
0.14290897751405496
0.11428270308855237
0.08522223015894737
0.05714809881460958
0.030847820560093053
0.006705617715557999
-0.018302048964831896
-0.10139589769728408
-0.19545524264066994
-0.2883576424060095
-0.3754480404419613
-0.45385637575855053
-0.5
-0.5
-0.5
-0.5
-0.5
-0.5
-0.5
-0.5
-0.5
-0.5
-0.5
-0.5
-0.5
-0.5
-0.5
-0.5
-0.5
-0.5
-0.5
-0.5
-0.5
-0.5
-0.5
-0.5
-0.5
-0.5
-0.5
-0.37219527501611027
-0.2601165277441458
-0.16776227433194468
-0.081884340936907
-0.0019154585849152639
0.07027787567872668
0.13259158805818783
0.18111812440073294
0.1942632483170147
0.1861847687559307
0.16605638655867128
0.13974967219563517
0.11095723166060822
0.08194160450396648
0.05403363645231862
0.02796328128819059
0.004078427204043611
-0.03045231181547753
-0.11528765671662344
-0.20912614693141857
-0.3010864736174899
-0.3868084510344036
-0.4635273205265375
-0.5
-0.5
-0.5
-0.5
-0.5
-0.5
-0.5
-0.5
-0.5
-0.5
-0.5
-0.5
-0.5
-0.5
-0.5
-0.5
-0.5
-0.5
-0.5
-0.5
-0.5
-0.5
-0.5
-0.5
-0.5
-0.5
-0.5
-0.3542665173300771
-0.24817185055952456
-0.1570351298791881
-0.07165660660019324
0.007702009340198601
0.07902511516518851
0.14020833253769427
0.1840554753252721
0.1943425064326726
0.18459151899160042
0.16355437084903945
0.13682368984422477
0.10790849470405939
0.07895125830149619
0.05120497855486883
0.02534973876449742
0.0017020232063018614
-0.041579335291513364
-0.1279775968249236
-0.22157231805530836
-0.31263057373646064
-0.3970654685727078
-0.47220997641162893
-0.5
-0.5
-0.5
-0.5
-0.5
-0.5
-0.5
-0.5
-0.5
-0.5
-0.5
-0.5
-0.5
-0.5
-0.5
-0.5
-0.5
-0.5
-0.5
-0.5
-0.5
-0.5
-0.5
-0.5
-0.5
-0.5
-0.49262917363263886
-0.33814352677817694
-0.23644633780386554
-0.14635186560625185
-0.061588650998686156
0.016991264810601647
0.08727742673565364
0.14718038841889924
0.1864641784298856
0.19398344018329317
0.18263139559946273
0.16074286201692867
0.13363492962533985
0.10463547344463742
0.07576867750146943
0.04821100509726328
0.0225936548623904
-0.0007975402822374411
-0.052218767271478506
-0.14009125937047373
-0.233476721884815
-0.32370527399810084
-0.4069430838736281
-0.4806139755119759
-0.5
-0.5
-0.5
-0.5
-0.5
-0.5
-0.5
-0.5
-0.5
-0.5
-0.5
-0.5
-0.5
-0.5
-0.5
-0.5
-0.5
-0.5
-0.5
-0.5
-0.5
-0.5
-0.5
-0.5
-0.5
-0.5
-0.46812311206123824
-0.32255537263711886
-0.2228873585927868
-0.13372817284172284
-0.049989136029673364
0.027266985860272208
0.0959298660610981
0.15396053103858087
0.18808661954312544
0.19252455946260616
0.17943526850517832
0.1566685511298196
0.1292215966677377
0.10021245380405841
0.07152871634269653
0.044258855101306116
0.018978211652011745
-0.004062087819528659
-0.062088574595494384
-0.15127550234716647
-0.24460046539211294
-0.3342275723753179
-0.4165214505146658
-0.48897850453891334
-0.5
-0.5
-0.5
-0.5
-0.5
-0.5
-0.5
-0.5
-0.5
-0.5
-0.5
-0.5
-0.5
-0.5
-0.5
-0.5
-0.5
-0.5
-0.5
-0.5
-0.5
-0.5
-0.5
-0.5
-0.5
-0.5
-0.4456107387816156
-0.3083373857307964
-0.21058869471677388
-0.12233011126799564
-0.03956545823374963
0.03644841374492014
0.10360172065306106
0.15990225503492705
0.18937841474881467
0.1910456796591089
0.17640141336793214
0.15285603488351973
0.12511700969359285
0.09611242656908214
0.06760628649075373
0.040607499128071156
0.0156409540121335
-0.007073522373425178
-0.07122355888067888
-0.16163283515457938
-0.2549061192055404
-0.3439799421903087
-0.4254026793697948
-0.4967379025299747
-0.5
-0.5
-0.5
-0.5
-0.5
-0.5
-0.5
-0.5
-0.5
-0.5
-0.5
-0.5
-0.5
-0.5
-0.5
-0.5
-0.5
-0.5
-0.5
-0.5
-0.5
-0.5
-0.5
-0.5
-0.5
-0.5
-0.42451132183900014
-0.2949144352087101
-0.19892090926750172
-0.11147956214397753
-0.0296108081184574
0.045247989561749136
0.11098789919272656
0.16566085786549478
0.19066564061011781
0.1896666997336126
0.17352420573976624
0.1492266231357965
0.1212031656412842
0.09219946473046092
0.06386079290337376
0.037119614725811045
0.012452329775146431
-0.009951330706447936
-0.08090189433572087
-0.1726386549156575
-0.26582942523857445
-0.35427630305291097
-0.43473341879218846
-0.5
-0.5
-0.5
-0.5
-0.5
-0.5
-0.5
-0.5
-0.5
-0.5
-0.5
-0.5
-0.5
-0.5
-0.5
-0.5
-0.5
-0.5
-0.5
-0.5
-0.5
-0.5
-0.5
-0.5
-0.5
-0.5
-0.5
-0.40712132377560145
-0.2832972444600465
-0.1884913016844747
-0.10155678249235384
-0.02031211933750976
0.0536634915585833
0.11826301942858075
0.17157588619756925
0.1922735447817443
0.18869063948421483
0.1710807555057977
0.14603047102748812
0.11770380479498244
0.08867233604394664
0.06046793862213329
0.033949938479916564
0.009548229021718924
-0.012576427073461849
-0.09045360720019241
-0.18361543663926633
-0.27680853885458345
-0.3647023220205651
-0.44425577408908307
-0.5
-0.5
-0.5
-0.5
-0.5
-0.5
-0.5
-0.5
-0.5
-0.5
-0.5
-0.5
-0.5
-0.5
-0.5
-0.5
-0.5
-0.5
-0.5
-0.5
-0.5
-0.5
-0.5
-0.5
-0.5
-0.5
-0.5
-0.39098866485212397
-0.27251297392714546
-0.1788049291310599
-0.0923374823746973
-0.011668958290350917
0.061489871481658076
0.1250336644496397
0.1770865384297835
0.1937871706041785
0.18780542051491356
0.16883238052081317
0.14308194359537052
0.11447219217084292
0.08541328380629609
0.05733191454566555
0.031019566543508903
0.006862987137726262
-0.017586656972426395
-0.10057651004750373
-0.19464667415528336
-0.2876023986277778
-0.3747714718555864
-0.45327771362401914
-0.5
-0.5
-0.5
-0.5
-0.5
-0.5
-0.5
-0.5
-0.5
-0.5
-0.5
-0.5
-0.5
-0.5
-0.5
-0.5
-0.5
-0.5
-0.5
-0.5
-0.5
-0.5
-0.5
-0.5
-0.5
-0.5
-0.5
-0.3732647356469857
-0.26082623894435275
-0.16839801767883666
-0.08248940271498295
-0.0024834811860272032
0.06976217543607988
0.13214351437685756
0.18094636857719004
0.1942601903708907
0.18628036084258737
0.1662055116687744
0.13992369792006665
0.11113837424623174
0.08211917458620621
0.054201543869073276
0.02811838165852054
0.004219430643460864
-0.02979928521340164
-0.11454324254445902
-0.20839610059044034
-0.30040934835178235
-0.3862068043357376
-0.46301798629219615
-0.5
-0.5
-0.5
-0.5
-0.5
-0.5
-0.5
-0.5
-0.5
-0.5
-0.5
-0.5
-0.5
-0.5
-0.5
-0.5
-0.5
-0.5
-0.5
-0.5
-0.5
-0.5
-0.5
-0.5
-0.5
-0.5
-0.5
-0.35522780085854744
-0.24881277690358183
-0.15761098576443655
-0.07220580059215165
0.007185477502376081
0.07855523152537869
0.13979909578598537
0.18389786719663104
0.19433857403339183
0.1846775010006354
0.16368919430681184
0.13698128424052824
0.10807266330088938
0.07911226170463559
0.05135726400635898
0.025490435419627477
0.001829948947072113
-0.04097795660415415
-0.12729153475698463
-0.2208992990216077
-0.31200621420429353
-0.396510606478629
-0.47174016622620374
-0.5
-0.5
-0.5
-0.5
-0.5
-0.5
-0.5
-0.5
-0.5
-0.5
-0.5
-0.5
-0.5
-0.5
-0.5
-0.5
-0.5
-0.5
-0.5
-0.5
-0.5
-0.5
-0.5
-0.5
-0.5
-0.5
-0.4939450898615614
-0.33898497424663826
-0.2371813310429538
-0.14703854198482885
-0.06222186455994516
0.01642795908549355
0.08680048516342165
0.14680357215512163
0.1863688219169629
0.19405652470942136
0.18279973141928174
0.16095964226395076
0.13387075212730892
0.10487235486341162
0.0759960703871233
0.04842315458312052
0.022787850491369555
-0.0006221153858446682
-0.051695401766026494
-0.13949788145746927
-0.23288573239538868
-0.32314531483629594
-0.4064323901604461
-0.4801669747237918
-0.5
-0.5
-0.5
-0.5
-0.5
-0.5
-0.5
-0.5
-0.5
-0.5
-0.5
-0.5
-0.5
-0.5
-0.5
-0.5
-0.5
-0.5
-0.5
-0.5
-0.5
-0.5
-0.5
-0.5
-0.5
-0.5
-0.4693314351743483
-0.3233187175099004
-0.22354774536602906
-0.13434022503541054
-0.050548860919990724
0.02677399109633105
0.09551797068961088
0.1536415899948821
0.18801769184972916
0.19260458048070483
0.1795988613406846
0.15687396994571023
0.12944267732002823
0.10043324819430877
0.07173992299526477
0.04445545103122506
0.019157886826893566
-0.0038999605063834153
-0.0615952573793192
-0.1507159631856242
-0.24404358448551605
-0.3337004747823935
-0.4160413306425572
-0.4885589283490684
-0.5
-0.5
-0.5
-0.5
-0.5
-0.5
-0.5
-0.5
-0.5
-0.5
-0.5
-0.5
-0.5
-0.5
-0.5
-0.5
-0.5
-0.5
-0.5
-0.5
-0.5
-0.5
-0.5
-0.5
-0.5
-0.5
-0.4467274453215426
-0.30904282224242985
-0.21119903217944253
-0.12289587045881928
-0.040082974017400186
0.0359924352909623
0.10322054931135127
0.15960684350881627
0.18931367865066306
0.1911184200844066
0.17655133649144483
0.15304463598285345
0.12532015175056777
0.09631539315088866
0.06780049068757155
0.0407883000463245
0.01580621324319309
-0.006924390548211923
-0.07077153014500115
-0.16112042934315818
-0.25439636738953986
-0.3434976507620561
-0.4249635603427869
-0.49635434295595443
-0.5
-0.5
-0.5
-0.5
-0.5
-0.5
-0.5
-0.5
-0.5
-0.5
-0.5
-0.5
-0.5
-0.5
-0.5
-0.5
-0.5
-0.5
-0.5
-0.5
-0.5
-0.5
-0.5
-0.5
-0.5
-0.5
-0.42535254949804385
-0.2954787072777537
-0.19942890193216722
-0.11196386013969462
-0.030065540534691515
0.04483553518373096
0.11063034591734999
0.16536901782380653
0.19058446057624445
0.18971200882574846
0.17364145129356023
0.14938087710623704
0.12137245102430749
0.09237030561542348
0.0640252529903772
0.037273331463094084
0.012593213815402016
-0.009823952013640558
-0.08042701763714377
-0.17209285297594384
-0.2652840609259454
-0.3537590949519757
-0.43426177422619705
-0.5
-0.5
-0.5
-0.5
-0.5
-0.5
-0.5
-0.5
-0.5
-0.5
-0.5
-0.5
-0.5
-0.5
-0.5
-0.5
-0.5
-0.5
-0.5
-0.5
-0.5
-0.5
-0.5
-0.5
-0.5
-0.5
-0.5
-0.40792114934613166
-0.28383203242863664
-0.18897174452119914
-0.10201414890539462
-0.02074099968746468
0.053275031821214736
0.11792683378574176
0.1713021105317053
0.1921979232102885
0.18873396642427553
0.17119169976047477
0.14617617017236817
0.11786358429889299
0.08883352121869736
0.060623067474532055
0.03409491160902611
0.009681085688252211
-0.012456314972178528
-0.0900217400896357
-0.18311936603035106
-0.27631232650574444
-0.3642310130079782
-0.44382519646801255
-0.5
-0.5
-0.5
-0.5
-0.5
-0.5
-0.5
-0.5
-0.5
-0.5
-0.5
-0.5
-0.5
-0.5
-0.5
-0.5
-0.5
-0.5
-0.5
-0.5
-0.5
-0.5
-0.5
-0.5
-0.5
-0.5
-0.5
-0.3917203518436034
-0.27300191289756387
-0.17924397526346725
-0.09275526683225244
-0.012060545161084457
0.061135385903096306
0.12472710592710479
0.17683715776871856
0.19371896936314914
0.1878459379748022
0.16893466095708265
0.14321592964456553
0.11461897755988748
0.08556128116654704
0.05747430514306351
0.031152607459245085
0.0069848914269673434
-0.01703248736366192
-0.09994178148152749
-0.19402032652136464
-0.2870173583218326
-0.3742473763188703
-0.4528294601156484
-0.5
-0.5
-0.5
-0.5
-0.5
-0.5
-0.5
-0.5
-0.5
-0.5
-0.5
-0.5
-0.5
-0.5
-0.5
-0.5
-0.5
-0.5
-0.5
-0.5
-0.5
-0.5
-0.5
-0.5
-0.5
-0.5
-0.5
-0.3740931801556545
-0.26137600798738325
-0.16889048843561222
-0.08295810637263012
-0.0029234929015975464
0.06936269459101774
0.1317964196146666
0.18081332004188333
0.19425782156959082
0.1863544100748028
0.1663210295986549
0.14005850480437532
0.11127869411952951
0.08225672706381282
0.05433161128188502
0.028238528250545403
0.004328657221553178
-0.029293426200332817
-0.11396659127589381
-0.20783057918509357
-0.29988482160525637
-0.38574074613118003
-0.4626234368008016
-0.5
-0.5
-0.5
-0.5
-0.5
-0.5
-0.5
-0.5
-0.5
-0.5
-0.5
-0.5
-0.5
-0.5
-0.5
-0.5
-0.5
-0.5
-0.5
-0.5
-0.5
-0.5
-0.5
-0.5
-0.5
-0.5
-0.5
-0.3559724472949406
-0.24930926259633135
-0.15805706542858527
-0.07263122694947549
0.006785352480022766
0.07819124195452809
0.13948208557940234
0.18377577800172373
0.1943355278482859
0.18474410590381796
0.16379363363635246
0.13710336279700164
0.10819983448081538
0.07923698100631438
0.05147523005426968
0.02559942434929341
0.0019290450453507413
-0.040512106018069094
-0.12676008523410787
-0.22037795312429126
-0.3115225617898253
-0.39608078939767144
-0.47137623355763303
-0.5
-0.5
-0.5
-0.5
-0.5
-0.5
-0.5
-0.5
-0.5
-0.5
-0.5
-0.5
-0.5
-0.5
-0.5
-0.5
-0.5
-0.5
-0.5
-0.5
-0.5
-0.5
-0.5
-0.5
-0.5
-0.5
-0.4949644481392418
-0.33963679115088097
-0.23775068449144465
-0.14757046737331225
-0.06271237563642135
0.015991601252070664
0.08643102825587146
0.14651167608292037
0.18629495516983008
0.19411313873600577
0.18293013068591613
0.16112756840873144
0.134053429120083
0.10505585213305546
0.07617221748162095
0.048587493565967366
0.022938281740411015
-0.0004862246533048342
-0.05126944421403001
-0.13901489636457898
-0.23240604384331648
-0.32269245348887804
-0.4060211309701609
-0.4798088989277572
-0.5
-0.5
-0.5
-0.5
-0.5
-0.5
-0.5
-0.5
-0.5
-0.5
-0.5
-0.5
-0.5
-0.5
-0.5
-0.5
-0.5
-0.5
-0.5
-0.5
-0.5
-0.5
-0.5
-0.5
-0.5
-0.5
-0.47030463612875006
-0.32393433416650497
-0.22408087209670552
-0.13483475103698217
-0.051001513173714375
0.02637486643440401
0.09518400454915776
0.15338239228011075
0.1879604596456591
0.1926677380422579
0.17972963180273527
0.15703864680193735
0.129620129297922
0.1006105895588657
0.07190963319674515
0.04461346366487229
0.01930232620855743
-0.003769610650828925
-0.06119905927570424
-0.15026669836191114
-0.24359655667421165
-0.3332774523757251
-0.4156561049443699
-0.4882223753480541
-0.5
-0.5
-0.5
-0.5
-0.5
-0.5
-0.5
-0.5
-0.5
-0.5
-0.5
-0.5
-0.5
-0.5
-0.5
-0.5
-0.5
-0.5
-0.5
-0.5
-0.5
-0.5
-0.5
-0.5
-0.5
-0.5
-0.4476249832368401
-0.3096097450109334
-0.21168948770340346
-0.12335047257885778
-0.040498781491178915
0.03562610307515102
0.10291435330850707
0.1593695820965041
0.18926177119968612
0.19117697406475775
0.17667190164452995
0.15319627154761695
0.12548346265165478
0.09647855451660892
0.06795660317303354
0.04093363518633608
0.015939053447487694
-0.006804515235092512
-0.07040821879904213
-0.1607085841634372
-0.2539866453381088
-0.34310998989830244
-0.4246105902079564
-0.4960460210589388
-0.5
-0.5
-0.5
-0.5
-0.5
-0.5
-0.5
-0.5
-0.5
-0.5
-0.5
-0.5
-0.5
-0.5
-0.5
-0.5
-0.5
-0.5
-0.5
-0.5
-0.5
-0.5
-0.5
-0.5
-0.5
-0.5
-0.42616924071212303
-0.29601207853029077
-0.19990066202789786
-0.11240796243542811
-0.030477607047229238
0.04446668352111227
0.11031581490144571
0.1651181675409613
0.19052255864004308
0.18976309387326495
0.173756341110874
0.14952812694357376
0.12153231645361118
0.0925307176254524
0.06417913995778834
0.0374168419616735
0.012724541341577744
-0.009705342651132098
-0.0800054288745583
-0.17160985487999542
-0.26480205502597454
-0.35330236389508163
-0.4338455801032608
-0.5
-0.5
-0.5
-0.5
-0.5
-0.5
-0.5
-0.5
-0.5
-0.5
-0.5
-0.5
-0.5
-0.5
-0.5
-0.5
-0.5
-0.5
-0.5
-0.5
-0.5
-0.5
-0.5
-0.5
-0.5
-0.5
-0.5
-0.4086310143486306
-0.2843061379984973
-0.1893973238629349
-0.10241901588029984
-0.021120384566843342
0.05293169085433225
0.1176300224632687
0.17106078603039754
0.192132177099973
0.18877356326167294
0.17129112741427432
0.14630629677638451
0.11800608702139781
0.08897717147823914
0.060761258817963015
0.03422401878146197
0.009799379132136354
-0.012349383932707625
-0.08963680805760477
-0.18267706765005493
-0.2758697722433711
-0.36381054440242133
-0.4434409431721856
-0.5
-0.5
-0.5
-0.5
-0.5
-0.5
-0.5
-0.5
-0.5
-0.5
-0.5
-0.5
-0.5
-0.5
-0.5
-0.5
-0.5
-0.5
-0.5
-0.5
-0.5
-0.5
-0.5
-0.5
-0.5
-0.5
-0.5
-0.3923718409573258
-0.27343733534397296
-0.179635011401291
-0.09312739902399503
-0.012409372703484911
0.0608195768422628
0.12445395997609732
0.176614917424205
0.19365811322537707
0.18788192674231208
0.16902567162853022
0.14333518998593087
0.11474964726725312
0.08569303870280931
0.057601076316520894
0.03127105769342364
0.007093428355948728
-0.01653894034459924
-0.09937649268513138
-0.1934625133382285
-0.2864963457183018
-0.37378065241706093
-0.4524302908389195
-0.5
-0.5
-0.5
-0.5
-0.5
-0.5
-0.5
-0.5
-0.5
-0.5
-0.5
-0.5
-0.5
-0.5
-0.5
-0.5
-0.5
-0.5
-0.5
-0.5
-0.5
-0.5
-0.5
-0.5
-0.5
-0.5
-0.5
-0.3749394007005953
-0.2619382665483487
-0.16939415326110557
-0.08343713546966802
-0.003372683443323199
0.06895555737042536
0.13144352964849937
0.18068196986725682
0.1942614549073416
0.18643671876137113
0.1664457728516392
0.14020270746535246
0.11142810842790607
0.08240280996378002
0.054469515768942434
0.028365772619682317
0.004444246988741463
-0.028757142541552483
-0.11335371341788142
-0.2072278314312846
-0.29932402778355416
-0.38524068192638933
-0.46219821642304065
-0.5
-0.5
-0.5
-0.5
-0.5
-0.5
-0.5
-0.5
-0.5
-0.5
-0.5
-0.5
-0.5
-0.5
-0.5
-0.5
-0.5
-0.5
-0.5
-0.5
-0.5
-0.5
-0.5
-0.5
-0.5
-0.5
-0.5
-0.35675708915304927
-0.2498328575705867
-0.15852778935588407
-0.0730803765728456
0.006362703104809686
0.07780653583190311
0.13914677902610673
0.18364605900606001
0.19433140666342752
0.1848135096776906
0.16390301475843871
0.1372314237625688
0.10833334054044452
0.0793679707423317
0.05159916136189424
0.025713945798944704
0.0020331848894271642
-0.040022316825159276
-0.12620142607407314
-0.21983003722295769
-0.3110143880020131
-0.39562931202623774
-0.47099410046739776
-0.5
-0.5
-0.5
-0.5
-0.5
-0.5
-0.5
-0.5
-0.5
-0.5
-0.5
-0.5
-0.5
-0.5
-0.5
-0.5
-0.5
-0.5
-0.5
-0.5
-0.5
-0.5
-0.5
-0.5
-0.5
-0.5
-0.49603660419288526
-0.34032230962597737
-0.23834943888558535
-0.14812983460105988
-0.06322816789823676
0.0155327783169249
0.08604257814589633
0.14620480631245658
0.1862173523267362
0.19417273883313468
0.18306731436265766
0.16130420772575904
0.13424557392017789
0.10524885395712424
0.07635748506319684
0.04876033959978021
0.023096498826221
-0.0003433014687897473
-0.050723988376137896
-0.13839620902232264
-0.23179768775086557
-0.32212555200581827
-0.4055143045457366
-0.4793762504271125
-0.5
-0.5
-0.5
-0.5
-0.5
-0.5
-0.5
-0.5
-0.5
-0.5
-0.5
-0.5
-0.5
-0.5
-0.5
-0.5
-0.5
-0.5
-0.5
-0.5
-0.5
-0.5
-0.5
-0.5
-0.5
-0.5
-0.47150463558342315
-0.3246971050611734
-0.22474391134727406
-0.13545169456961548
-0.05156806380669643
0.02587332325461178
0.09476207388618618
0.15305220567544187
0.1878820519483665
0.19273971462195738
0.17988636179946438
0.15723818564768466
0.1298361548540774
0.10082702626350348
0.07211707537936551
0.044806802180175964
0.01947917907216179
-0.0036099311299974124
-0.06071566150636998
-0.14971909457205607
-0.24305214932542474
-0.3327627251671663
-0.41518780197688293
-0.48781367826688804
-0.5
-0.5
-0.5
-0.5
-0.5
-0.5
-0.5
-0.5
-0.5
-0.5
-0.5
-0.5
-0.5
-0.5
-0.5
-0.5
-0.5
-0.5
-0.5
-0.5
-0.5
-0.5
-0.5
-0.5
-0.5
-0.5
-0.44872315760231807
-0.31030311318636306
-0.21228914584262953
-0.1239061519645494
-0.041006904238836184
0.03517858593435219
0.1025404655302753
0.1590800673274565
0.18919882371668384
0.19124902763608065
0.1768197215458691
0.15338203200322842
0.12568345461152175
0.09667832468467352
0.06814772028751481
0.041111544587306814
0.01610165874266023
-0.006657785363633484
-0.0699636963756341
-0.1602046487300291
-0.25348526202352895
-0.3426355548470712
-0.42417856173003765
-0.49566858977957345
-0.5
-0.5
-0.5
-0.5
-0.5
-0.5
-0.5
-0.5
-0.5
-0.5
-0.5
-0.5
-0.5
-0.5
-0.5
-0.5
-0.5
-0.5
-0.5
-0.5
-0.5
-0.5
-0.5
-0.5
-0.5
-0.5
-0.42732675541640575
-0.2967545887058225
-0.20054935556454312
-0.1130131216044542
-0.031034257575593305
0.04397330335406813
0.10990037554229815
0.164792876739561
0.19045057241080432
0.18984210892661613
0.17392016960431467
0.14973449647030657
0.12175472484397931
0.09275300328752778
0.06439186975829225
0.03761491466753153
0.012905603202045923
-0.009541940430418228
-0.07944461062227576
-0.17096893233721355
-0.26416306760102304
-0.3526972822104991
-0.4332945111410066
-0.5
-0.5
-0.5
-0.5
-0.5
-0.5
-0.5
-0.5
-0.5
-0.5
-0.5
-0.5
-0.5
-0.5
-0.5
-0.5
-0.5
-0.5
-0.5
-0.5
-0.5
-0.5
-0.5
-0.5
-0.5
-0.5
-0.5
-0.4095750874860284
-0.28493612470091917
-0.18996247483522555
-0.10295638503039761
-0.021623660556449043
0.052476523552621335
0.11723687398228722
0.1707415294121104
0.19204613388940484
0.18882738785819675
0.1714243382940216
0.1464801855813317
0.11819631247898399
0.08916882125477621
0.06094556333963508
0.03439617001470163
0.00995708772564663
-0.012206838740789205
-0.08912320809234031
-0.18208678376933574
-0.2752790157462378
-0.36324914331514613
-0.44292777220254786
-0.5
-0.5
-0.5
-0.5
-0.5
-0.5
-0.5
-0.5
-0.5
-0.5
-0.5
-0.5
-0.5
-0.5
-0.5
-0.5
-0.5
-0.5
-0.5
-0.5
-0.5
-0.5
-0.5
-0.5
-0.5
-0.5
-0.5
-0.3932404108618039
-0.2740179192225742
-0.18015645761323307
-0.09362367005058164
-0.012874595610270212
0.0603983579288524
0.12408960886335618
0.17631842879073067
0.19357684737863057
0.18792981834580924
0.16914694780788697
0.14349414830727059
0.11492382973780046
0.08586868029108374
0.05777007598844819
0.031428967833535326
0.007238124710168603
-0.015880819736649177
-0.0986227125492396
-0.19271871321152723
-0.2858016295131621
-0.3731583385595587
-0.45189806709153
-0.5
-0.5
-0.5
-0.5
-0.5
-0.5
-0.5
-0.5
-0.5
-0.5
-0.5
-0.5
-0.5
-0.5
-0.5
-0.5
-0.5
-0.5
-0.5
-0.5
-0.5
-0.5
-0.5
-0.5
-0.5
-0.5
-0.5
-0.3760889984918312
-0.26270221612320244
-0.17007849083285148
-0.08408794369408573
-0.003982865038438699
0.06840261688492111
0.1309644100763484
0.1805043062453512
0.19426742187491375
0.18654967140258205
0.16661638581356342
0.1403997145681979
0.11163212407266132
0.08260221392950107
0.054657718611570094
0.028539404018471437
0.004601960391313664
-0.028025278855092317
-0.11251706892349334
-0.2064047373880043
-0.298557940625084
-0.38455726587516165
-0.46161678061882305
-0.5
-0.5
-0.5
-0.5
-0.5
-0.5
-0.5
-0.5
-0.5
-0.5
-0.5
-0.5
-0.5
-0.5
-0.5
-0.5
-0.5
-0.5
-0.5
-0.5
-0.5
-0.5
-0.5
-0.5
-0.5
-0.5
-0.5
-0.35782710250390587
-0.2505469550542536
-0.15916982664559964
-0.07369302403536482
0.005786167615924986
0.07728172154267376
0.13868931380782168
0.1834689853124425
0.19432563676447678
0.18490802737718048
0.16405206766023972
0.13740596563204277
0.10851532084727522
0.07954653060348726
0.05176810512869967
0.02587006549926585
0.002175154227707865
-0.03935457030730943
-0.12543980320428
-0.21908308086903117
-0.31032163186514794
-0.39501386768732216
-0.47047320783800295
-0.5
-0.5
-0.5
-0.5
-0.5
-0.5
-0.5
-0.5
-0.5
-0.5
-0.5
-0.5
-0.5
-0.5
-0.5
-0.5
-0.5
-0.5
-0.5
-0.5
-0.5
-0.5
-0.5
-0.5
-0.5
-0.5
-0.49749837983850004
-0.34125693451786204
-0.23916576494297903
-0.1488924568910706
-0.0639313775929064
0.014907242343020988
0.08551298946564423
0.14578644448575295
0.18611156351688984
0.19425400632101986
0.18325435531560164
0.16154503996830505
0.13450754476683613
0.10551199232579334
0.07661007802765707
0.04899599674836552
0.02331221075332901
-0.00014844125991431145
-0.049980336897908095
-0.13755271701722033
-0.23096828020697524
-0.3213526610309331
-0.4048233164931713
-0.47878639262667416
-0.5
-0.5
-0.5
-0.5
-0.5
-0.5
-0.5
-0.5
-0.5
-0.5
-0.5
-0.5
-0.5
-0.5
-0.5
-0.5
-0.5
-0.5
-0.5
-0.5
-0.5
-0.5
-0.5
-0.5
-0.5
-0.5
-0.4731406680730161
-0.3257370370705716
-0.22564787303527684
-0.13629281106430197
-0.05234047649382845
0.025189539288775986
0.0941868306133844
0.15260204275997247
0.1877751546902131
0.19283784545735783
0.1801000421258564
0.15751022984955643
0.13013067633994946
0.10112210823316792
0.07239989450752549
0.045070392859429376
0.01972029380160556
-0.0033922299170320303
-0.06005661336397994
-0.14897250994956812
-0.24230992252638545
-0.3320609632003006
-0.41454933320468157
-0.4872564741190085
-0.5
-0.5
-0.5
-0.5
-0.5
-0.5
-0.5
-0.5
-0.5
-0.5
-0.5
-0.5
-0.5
-0.5
-0.5
-0.5
-0.5
-0.5
-0.5
-0.5
-0.5
-0.5
-0.5
-0.5
-0.5
-0.5
-0.4502203706329657
-0.31124842750846904
-0.21310669917874586
-0.12466374621894905
-0.041699661441868874
0.03456845630152161
0.10203071961225574
0.15868535264727535
0.1891130031094832
0.1913472628467413
0.17702125398517232
0.15363529130664866
0.1259561166733072
0.09695068437604126
0.0684082827143937
0.041354100081510636
0.016323349153762545
-0.006457738951936243
-0.06935764996051386
-0.15951760069846455
-0.2528016934777295
-0.3419887266403642
-0.4235895491822322
-0.4951540131624344
-0.5
-0.5
-0.5
-0.5
-0.5
-0.5
-0.5
-0.5
-0.5
-0.5
-0.5
-0.5
-0.5
-0.5
-0.5
-0.5
-0.5
-0.5
-0.5
-0.5
-0.5
-0.5
-0.5
-0.5
-0.5
-0.5
-0.42890487075410655
-0.29776690127735866
-0.20143376178554007
-0.11383817457804402
-0.031793175551368125
0.04330064599266359
0.10933397997189309
0.16434938658160292
0.19035242889984905
0.1899498353139779
0.17414352768643282
0.15001585351732538
0.12205794871916076
0.09305605983834841
0.06468189817885117
0.03788496011407372
0.013152456652710032
-0.009319163519242057
-0.0786800105111321
-0.17009512082066292
-0.263291894356006
-0.35187233487240344
-0.43254320287018155
-0.5
-0.5
-0.5
-0.5
-0.5
-0.5
-0.5
-0.5
-0.5
-0.5
-0.5
-0.5
-0.5
-0.5
-0.5
-0.5
-0.5
-0.5
-0.5
-0.5
-0.5
-0.5
-0.5
-0.5
-0.5
-0.5
-0.5
-0.4108622039861124
-0.28579502667325696
-0.19073298202684014
-0.10368901545134762
-0.022309809547445714
0.051855964274491795
0.11670086900864474
0.17030626603568866
0.19192882556709567
0.1889007704425747
0.17160595337763795
0.14671725953426895
0.11845565925627932
0.0894301098989988
0.06119683771865636
0.0346308750226737
0.010172102140585726
-0.012012497580552006
-0.08842298374963076
-0.1812820112412803
-0.27447359886931344
-0.362483748583736
-0.44222813273727396
-0.5
-0.5
-0.5
-0.5
-0.5
-0.5
-0.5
-0.5
-0.5
-0.5
-0.5
-0.5
-0.5
-0.5
-0.5
-0.5
-0.5
-0.5
-0.5
-0.5
-0.5
-0.5
-0.5
-0.5
-0.5
-0.5
-0.5
-0.3944245888820623
-0.2748094671042681
-0.18086737925558277
-0.09430026872021197
-0.013508864352472005
0.05982408270182504
0.12359286521928414
0.17591420649229217
0.19346605234747827
0.18799511209341457
0.16931229153572225
0.14371086655783916
0.1151613040642877
0.08610814392797728
0.058000484267444974
0.031644257030283174
0.007435398690488593
-0.014983560973225785
-0.09759503491015198
-0.19170464197012432
-0.2848544775844847
-0.372309897475267
-0.4511724517322288
-0.5
-0.5
-0.5
-0.5
-0.5
-0.5
-0.5
-0.5
-0.5
-0.5
-0.5
-0.5
-0.5
-0.5
-0.5
-0.5
-0.5
-0.5
-0.5
-0.5
-0.5
-0.5
-0.5
-0.5
-0.5
-0.5
-0.5
-0.3776563201653672
-0.26374375842197545
-0.17101149289355122
-0.08497523300796989
-0.004814765417935407
0.06764875704481732
0.13031119510381695
0.1802620858380768
0.19427555703112676
0.18670366710787312
0.1668489935960904
0.14066830720510937
0.11191027191202518
0.08287407436595084
0.0549143078260963
0.02877612703290766
0.0048169813629481695
-0.027027481341385662
-0.11137641689798461
-0.20528255957658004
-0.2975134840190965
-0.38362552018349794
-0.4608240712515404
-0.5
-0.5
-0.5
-0.5
-0.5
-0.5
-0.5
-0.5
-0.5
-0.5
-0.5
-0.5
-0.5
-0.5
-0.5
-0.5
-0.5
-0.5
-0.5
-0.5
-0.5
-0.5
-0.5
-0.5
-0.5
-0.5
-0.5
-0.3592859215174326
-0.2515205307445486
-0.16004515797196184
-0.07452828629279057
0.00500013916825659
0.07656620798101077
0.13806562162872216
0.18322756919287952
0.19431777028478459
0.18503688952363972
0.16425528120612254
0.13764392995056451
0.10876342647276127
0.07978997291221968
0.05199843718860864
0.026082913672639152
0.002368710289280318
-0.03844418791284798
-0.1244014330543145
-0.21806470653705362
-0.3093771522253474
-0.3941747922658231
-0.4697630409310566
-0.5
-0.5
-0.5
-0.5
-0.5
-0.5
-0.5
-0.5
-0.5
-0.5
-0.5
-0.5
-0.5
-0.5
-0.5
-0.5
-0.5
-0.5
-0.5
-0.5
-0.5
-0.5
-0.5
-0.5
-0.5
-0.5
-0.49949131394874347
-0.34253116961194596
-0.24027871551767266
-0.14993218961582444
-0.06489010925009658
0.014054408337120905
0.0847909666651967
0.14521606451167013
0.18596733473030636
0.19436480358949693
0.18350936045011224
0.1618733822775068
0.13486470671419826
0.10587074603208702
0.07695445449636495
0.04931728351432507
0.02360630489753579
0.00011722437636940697
-0.04896646831859397
-0.13640272933359254
-0.2298374947882491
-0.32029892833811785
-0.4038812473980563
-0.47798220100245953
-0.5
-0.5
-0.5
-0.5
-0.5
-0.5
-0.5
-0.5
-0.5
-0.5
-0.5
-0.5
-0.5
-0.5
-0.5
-0.5
-0.5
-0.5
-0.5
-0.5
-0.5
-0.5
-0.5
-0.5
-0.5
-0.5
-0.47537117790792194
-0.32715484422865176
-0.22688030298290618
-0.1374395600595908
-0.053393557105744394
0.024257291995124497
0.09340256392821067
0.1519883062867342
0.18762941468373207
0.1929716336277395
0.1803913664562563
0.15788112545930988
0.13053221669749593
0.1015244127348367
0.07278548027729081
0.04542976323025283
0.020049021243625176
-0.003095423649626672
-0.05915809003230482
-0.14795464242331646
-0.24129799630516469
-0.33110420532488305
-0.41367886707107243
-0.4864968013497934
-0.5
-0.5
-0.5
-0.5
-0.5
-0.5
-0.5
-0.5
-0.5
-0.5
-0.5
-0.5
-0.5
-0.5
-0.5
-0.5
-0.5
-0.5
-0.5
-0.5
-0.5
-0.5
-0.5
-0.5
-0.5
-0.5
-0.4522616188423102
-0.3125372362001965
-0.2142213229825934
-0.12569662389470204
-0.042644142535243124
0.03373662676558442
0.10133574974418846
0.15814721237088947
0.18899599827637847
0.19148119331872515
0.17729601630852343
0.1539805762387353
0.12632785465179297
0.09732201011320885
0.06876352447117873
0.041684791812129474
0.016625594155260548
-0.006185002626975411
-0.06853138734168768
-0.15858090329104374
-0.2518697398802687
-0.3411068635442867
-0.4227865099460788
-0.49445245728708087
-0.5
-0.5
-0.5
-0.5
-0.5
-0.5
-0.5
-0.5
-0.5
-0.5
-0.5
-0.5
-0.5
-0.5
-0.5
-0.5
-0.5
-0.5
-0.5
-0.5
-0.5
-0.5
-0.5
-0.5
-0.5
-0.5
-0.4310178247833401
-0.29911974866652424
-0.202614277624794
-0.1149386138750943
-0.032804722161800914
0.042404717653924284
0.10858024348502715
0.16375993348722118
0.19022217799273933
0.19009331585627165
0.17444074555870692
0.15039017269442434
0.12246132410672117
0.09345919336961572
0.0650676901020425
0.038244164082759324
0.013480807219966917
-0.009022840962622403
-0.07766327163682574
-0.16893421254117413
-0.26213564943340806
-0.35077860653929693
-0.43154827323730566
-0.5
-0.5
-0.5
-0.5
-0.5
-0.5
-0.5
-0.5
-0.5
-0.5
-0.5
-0.5
-0.5
-0.5
-0.5
-0.5
-0.5
-0.5
-0.5
-0.5
-0.5
-0.5
-0.5
-0.5
-0.5
-0.5
-0.5
-0.4125751656919104
-0.286937946676748
-0.19175817965113773
-0.10466374106348453
-0.02322262096405886
0.05103048847647096
0.11598795798152062
0.16972745170768666
0.19177307452886228
0.18899873374319742
0.17184790608465939
0.1470329787391278
0.11880098740980116
0.08977799567732292
0.061531374023323204
0.03494334168572555
0.010458348221977554
-0.011753777484989014
-0.08749100211235955
-0.1802108560349256
-0.27340154964305385
-0.3614649320171062
-0.4412968033292446
-0.5
-0.5
-0.5
-0.5
-0.5
-0.5
-0.5
-0.5
-0.5
-0.5
-0.5
-0.5
-0.5
-0.5
-0.5
-0.5
-0.5
-0.5
-0.5
-0.5
-0.5
-0.5
-0.5
-0.5
-0.5
-0.5
-0.5
-0.39600067209868994
-0.27586299413944915
-0.18181360354079085
-0.09520081496782073
-0.014353074192097082
0.059059719923594045
0.12293169303766693
0.1753761767208427
0.19331857782353012
0.18808201408036218
0.1695323615869233
0.14399931710304625
0.11547738159473209
0.08642686964316804
0.058307157558679434
0.031930806978834436
0.007697970475774696
-0.014249119448978553
-0.09647362050204067
-0.19053142973805942
-0.28372730366818566
-0.3712745891359997
-0.45026075885660866
-0.5
-0.5
-0.5
-0.5
-0.5
-0.5
-0.5
-0.5
-0.5
-0.5
-0.5
-0.5
-0.5
-0.5
-0.5
-0.5
-0.5
-0.5
-0.5
-0.5
-0.5
-0.5
-0.5
-0.5
-0.5
-0.5
-0.5
-0.37956292794321866
-0.2650010655783092
-0.17213149527736904
-0.08603562258337782
-0.005804468229494875
0.06675663981465552
0.1295434545798102
0.1799883746368126
0.19430203729893136
0.18690432936885426
0.16714281655128482
0.14100399955963605
0.11225609312196871
0.08321105578916699
0.05523174893980631
0.029068612451681353
0.0050824132780112885
-0.02580542069361874
-0.10997867093224928
-0.2039062178058258
-0.29623112187975825
-0.3824801359511883
-0.4598480994418943
-0.5
-0.5
-0.5
-0.5
-0.5
-0.5
-0.5
-0.5
-0.5
-0.5
-0.5
-0.5
-0.5
-0.5
-0.5
-0.5
-0.5
-0.5
-0.5
-0.5
-0.5
-0.5
-0.5
-0.5
-0.5
-0.5
-0.5
-0.3610666933283751
-0.2527093531441283
-0.16111424947003905
-0.07554860593258095
0.004039809014186546
0.07569187236589259
0.137303317566708
0.18293219583594822
0.19430768705618406
0.1851938459477379
0.1645030919799686
0.1379342264049792
0.10906614858257302
0.08008703546143137
0.052279519885663595
0.026342671274293572
0.002604931044216885
-0.037332261272177925
-0.12313321912923231
-0.21682099164940677
-0.3082237697816187
-0.3931502197191345
-0.46889597475531425
-0.5
-0.5
-0.5
-0.5
-0.5
-0.5
-0.5
-0.5
-0.5
-0.5
-0.5
-0.5
-0.5
-0.5
-0.5
-0.5
-0.5
-0.5
-0.5
-0.5
-0.5
-0.5
-0.5
-0.5
-0.5
-0.5
-0.5
-0.3441490335893434
-0.24142488961203074
-0.15097232635056468
-0.06587384324712464
0.013141513246726633
0.08397408974052423
0.14451936288920275
0.18571781255549136
0.1943870804915696
0.18368941753193235
0.1621379005488084
0.13516726420724823
0.10618260931093448
0.07725844618755406
0.049603707886164305
0.02387024918167635
0.0003567786665037431
-0.047900980273374805
-0.13518900186800964
-0.22864624718508686
-0.31919268864993067
-0.40289678730230205
-0.47714706080271824
-0.5
-0.5
-0.5
-0.5
-0.5
-0.5
-0.5
-0.5
-0.5
-0.5
-0.5
-0.5
-0.5
-0.5
-0.5
-0.5
-0.5
-0.5
-0.5
-0.5
-0.5
-0.5
-0.5
-0.5
-0.5
-0.5
-0.4777298574798986
-0.3286598120675255
-0.22819209119922418
-0.13866277015682282
-0.05451929728316146
0.0232581469387092
0.09255913287293571
0.15132485948032415
0.18746569513598765
0.19310674016642626
0.18069522288376827
0.15827056728098843
0.1309550242049763
0.10194866601583952
0.07319247641670779
0.04580931603036875
0.02039635288078434
-0.0027817286548197373
-0.0582099695194358
-0.14688111054717312
-0.24023120617918142
-0.3300960314384432
-0.4127620697475804
-0.48569714682357057
-0.5
-0.5
-0.5
-0.5
-0.5
-0.5
-0.5
-0.5
-0.5
-0.5
-0.5
-0.5
-0.5
-0.5
-0.5
-0.5
-0.5
-0.5
-0.5
-0.5
-0.5
-0.5
-0.5
-0.5
-0.5
-0.5
-0.45441702909515824
-0.3138977574950189
-0.2153977331703794
-0.12678658604573745
-0.043640664500476656
0.032859129347571736
0.10060281118959735
0.15757989119593885
0.1888730254672688
0.19162296679512214
0.17758635261399647
0.15434528555402194
0.12672043687402523
0.09771411993828205
0.06913862839710794
0.042033959858785774
0.0169447178117641
-0.005897040836998491
-0.06765954217524695
-0.15759254909323267
-0.2508863748497109
-0.34017632872531167
-0.42193912291044566
-0.49371212865737885
-0.5
-0.5
-0.5
-0.5
-0.5
-0.5
-0.5
-0.5
-0.5
-0.5
-0.5
-0.5
-0.5
-0.5
-0.5
-0.5
-0.5
-0.5
-0.5
-0.5
-0.5
-0.5
-0.5
-0.5
-0.5
-0.5
-0.4329932716328807
-0.30036746786112745
-0.20369365902519954
-0.11593905058613574
-0.033719741860352315
0.041598620822388965
0.1079065310769437
0.163237966574018
0.19010817155046011
0.19022242260388278
0.1747063218546493
0.15072411595129853
0.12282094542315303
0.09381846682999473
0.06541143141351058
0.038564168323307446
0.01377329549683426
-0.00875890150835762
-0.07675948838943403
-0.16790940232943452
-0.261122780274557
-0.34982837544868683
-0.4306917779129277
-0.5
-0.5
-0.5
-0.5
-0.5
-0.5
-0.5
-0.5
-0.5
-0.5
-0.5
-0.5
-0.5
-0.5
-0.5
-0.5
-0.5
-0.5
-0.5
-0.5
-0.5
-0.5
-0.5
-0.5
-0.5
-0.5
-0.5
-0.41410723397817734
-0.28795915143058914
-0.19267354188151314
-0.10553353295477214
-0.024036671566301127
0.05029485627304109
0.11535324232769895
0.16921283689958477
0.19163625497208203
0.18908838424761165
0.17206599001662282
0.14731676287834938
0.1191110323467881
0.09009014833622664
0.061831439078379846
0.035223544804453
0.010714996636823071
-0.011521835349577347
-0.08665686073984746
-0.17925200069685054
-0.27244164918638536
-0.3605524345725212
-0.4404623964993113
-0.5
-0.5
-0.5
-0.5
-0.5
-0.5
-0.5
-0.5
-0.5
-0.5
-0.5
-0.5
-0.5
-0.5
-0.5
-0.5
-0.5
-0.5
-0.5
-0.5
-0.5
-0.5
-0.5
-0.5
-0.5
-0.5
-0.5
-0.3974111034081046
-0.2768058953426211
-0.18266052593020887
-0.09600688825136233
-0.015108750106269553
0.05837548959063321
0.12233980655757049
0.1748944967754379
0.19318652464364028
0.18815977720054178
0.16972933953321578
0.1442575121154136
0.11576031105315943
0.08671217236120143
0.05858167334435338
0.032187310522488466
0.007933010718893074
-0.014036642157079338
-0.09570806248000319
-0.1896518154746985
-0.28284725720813625
-0.3704385457630393
-0.44949681189096047
-0.5
-0.5
-0.5
-0.5
-0.5
-0.5
-0.5
-0.5
-0.5
-0.5
-0.5
-0.5
-0.5
-0.5
-0.5
-0.5
-0.5
-0.5
-0.5
-0.5
-0.5
-0.5
-0.5
-0.5
-0.5
-0.5
-0.5
-0.38109617038367943
-0.2660018861153458
-0.17301632236729841
-0.08686827222665527
-0.006576772961522592
0.06606561640757025
0.12895450923427598
0.17979042749777296
0.1943408788570835
0.18707979828635202
0.16739058917282712
0.141283425912488
0.1125420830628504
0.08348867662798054
0.05549263706722263
0.02930859744887182
0.005299951487269805
-0.024813971288153214
-0.10884393150141441
-0.20278756019044586
-0.29518743845451
-0.3815464623236177
-0.45905095128591855
-0.5
-0.5
-0.5
-0.5
-0.5
-0.5
-0.5
-0.5
-0.5
-0.5
-0.5
-0.5
-0.5
-0.5
-0.5
-0.5
-0.5
-0.5
-0.5
-0.5
-0.5
-0.5
-0.5
-0.5
-0.5
-0.5
-0.5
-0.36250519471277365
-0.2536700840076507
-0.16197846763697082
-0.07637357379818394
0.003263184874678804
0.07498462754058965
0.13668651443691948
0.18269288149089336
0.1942990369068025
0.18532027276166985
0.1647030095297478
0.13816853272903606
0.10931054088098158
0.08032689056412923
0.05250649144835129
0.02655243472960722
0.002795695057397629
-0.0364333861482497
-0.12210803893995387
-0.21581569676079887
-0.3072915818467469
-0.3923222355114041
-0.46819538045725556
-0.5
-0.5
-0.5
-0.5
-0.5
-0.5
-0.5
-0.5
-0.5
-0.5
-0.5
-0.5
-0.5
-0.5
-0.5
-0.5
-0.5
-0.5
-0.5
-0.5
-0.5
-0.5
-0.5
-0.5
-0.5
-0.5
-0.5
-0.34546997855861505
-0.24230587171211093
-0.15176404323916998
-0.06662904875571535
0.012431076754663262
0.08332765412847776
0.14395618031383306
0.18550043923473714
0.19438093437052972
0.1838068903300234
0.1623225546229533
0.13538327357277835
0.10640771376703773
0.07747925771975805
0.04981259105877045
0.024063253843579435
0.0005322754125818285
-0.047076726094570365
-0.13424878785592453
-0.2277239966841511
-0.31833720179466946
-0.4021366086660324
-0.47650349274538517
-0.5
-0.5
-0.5
-0.5
-0.5
-0.5
-0.5
-0.5
-0.5
-0.5
-0.5
-0.5
-0.5
-0.5
-0.5
-0.5
-0.5
-0.5
-0.5
-0.5
-0.5
-0.5
-0.5
-0.5
-0.5
-0.5
-0.4795581705032757
-0.32982777793466816
-0.2292110168548851
-0.13961353383769654
-0.05539489686021787
0.022480386001671904
0.09190188323564519
0.1508070386687672
0.18733642637226855
0.19320990126589654
0.18092972148309694
0.1585717617066632
0.13128231803107493
0.10227723735520555
0.07350777478000903
0.04610341024548059
0.02066551585350873
-0.0025386098144858926
-0.05747553604537636
-0.14604965887996563
-0.23940509301893775
-0.32931542265114394
-0.41205232221520893
-0.48507819799088964
-0.5
-0.5
-0.5
-0.5
-0.5
-0.5
-0.5
-0.5
-0.5
-0.5
-0.5
-0.5
-0.5
-0.5
-0.5
-0.5
-0.5
-0.5
-0.5
-0.5
-0.5
-0.5
-0.5
-0.5
-0.5
-0.5
-0.45608701944598656
-0.3149517853997992
-0.2163090682216764
-0.12763091001723215
-0.044412567392584645
0.032179463361911465
0.10003515902571025
0.15714056182130987
0.18877788900731352
0.19173289815296102
0.17781135317282615
0.1546278865023868
0.12702461880941507
0.09801792674085119
0.06942925369853348
0.04230448715068258
0.01719196536830858
-0.0056739378749790514
-0.06698420034154734
-0.15682696246154004
-0.25012464889346003
-0.33945551989347134
-0.4212827153276194
-0.4931386440368044
-0.5
-0.5
-0.5
-0.5
-0.5
-0.5
-0.5
-0.5
-0.5
-0.5
-0.5
-0.5
-0.5
-0.5
-0.5
-0.5
-0.5
-0.5
-0.5
-0.5
-0.5
-0.5
-0.5
-0.5
-0.5
-0.5
-0.43452349006385854
-0.30133397369885506
-0.20452976641885573
-0.11671400510706126
-0.034428529895088544
0.040974207354888215
0.1073846659089015
0.1628336470906684
0.19001986683551297
0.19032243818152028
0.17491204915184366
0.15098280119470053
0.12309952087008846
0.09409677227005786
0.06567770480411761
0.03881205399903276
0.013999866291571128
-0.008554445624693374
-0.07605937812650893
-0.16711553794325407
-0.2603381651570664
-0.34909228197195663
-0.43002829590233793
-0.5
-0.5
-0.5
-0.5
-0.5
-0.5
-0.5
-0.5
-0.5
-0.5
-0.5
-0.5
-0.5
-0.5
-0.5
-0.5
-0.5
-0.5
-0.5
-0.5
-0.5
-0.5
-0.5
-0.5
-0.5
-0.5
-0.5
-0.41529403330291886
-0.2887502166680838
-0.1933826177146356
-0.10620730848116217
-0.024667267940254534
0.049725005650766874
0.11486156543180048
0.1688141946687689
0.19153026788273786
0.18915782987669894
0.17223492533976648
0.14753659227570115
0.11935120449585701
0.0903319533072715
0.06206388060536072
0.035440600574949466
0.010913806079324684
-0.011342164298837942
-0.08601070372952802
-0.17850923574429106
-0.2716980748025073
-0.359845580470217
-0.43981603441605194
-0.5
-0.5
-0.5
-0.5
-0.5
-0.5
-0.5
-0.5
-0.5
-0.5
-0.5
-0.5
-0.5
-0.5
-0.5
-0.5
-0.5
-0.5
-0.5
-0.5
-0.5
-0.5
-0.5
-0.5
-0.5
-0.5
-0.5
-0.398503676736765
-0.27753630214099995
-0.1833165838847537
-0.0966313029237505
-0.015694125056178954
0.057845459098067153
0.12188130910773409
0.17452136947110797
0.19308423137386488
0.18822001551979006
0.1698819261321659
0.14445751974815424
0.11597947891063687
0.0869331786280062
0.05879432364148829
0.032386007853991705
0.008115081765656673
-0.013872049225265748
-0.0951150324224303
-0.1889704331574853
-0.28216554008757866
-0.3697909150818771
-0.44890502979305896
-0.5
-0.5
-0.5
-0.5
-0.5
-0.5
-0.5
-0.5
-0.5
-0.5
-0.5
-0.5
-0.5
-0.5
-0.5
-0.5
-0.5
-0.5
-0.5
-0.5
-0.5
-0.5
-0.5
-0.5
-0.5
-0.5
-0.5
-0.38228387768848576
-0.26677715937561997
-0.17370174273823974
-0.08751327398380765
-0.007175029279151146
0.06553032366374167
0.12849828999937496
0.17963709019378338
0.1943709669923831
0.18721572311775703
0.16758252317528444
0.14149988008673497
0.11276362163932141
0.08370373218275418
0.055694730833654615
0.029494498863544605
0.005468464774822435
-0.024045957235586446
-0.10796491959721843
-0.20192100586578698
-0.29437896196118973
-0.3808232035629845
-0.4584334502978116
-0.5
-0.5
-0.5
-0.5
-0.5
-0.5
-0.5
-0.5
-0.5
-0.5
-0.5
-0.5
-0.5
-0.5
-0.5
-0.5
-0.5
-0.5
-0.5
-0.5
-0.5
-0.5
-0.5
-0.5
-0.5
-0.5
-0.5
-0.3636195120621092
-0.2544143023181219
-0.1626479235780442
-0.07701262497779993
0.002661582565848475
0.0744367690613651
0.13620871550114644
0.18250749958495627
0.19429233617427644
0.18541820773233697
0.16485787319233125
0.13835003523142853
0.10949985635905368
0.08051269135960049
