-0.5
-0.5
-0.5
-0.5
-0.5
-0.5
-0.5
-0.5
-0.5
-0.5
-0.5
-0.5
-0.5
-0.4979120409587037
-0.45572076978401455
-0.3076685527993246
-0.29104967765017087
-0.2060545814233784
-0.1820046128513172
-0.16714905999093643
-0.15145334953751227
-0.13363420910763796
-0.11425322247713776
-0.09424969995682586
-0.07460974310600643
-0.05627406276428765
-0.04009792551873992
-0.02682488413360351
-0.01706678934866368
-0.01128889558590307
-0.009800059803433903
-0.01274814456902923
-0.02012062398164549
-0.023883672799460298
-0.014308010843158747
0.03045382239051997
0.04782870324365951
0.048468275656830095
0.039307139518097056
0.02481326472697143
-0.06603849249051458
-0.19786742624411846
-0.3315246076212939
-0.4558840951809511
-0.5
-0.5
-0.5
-0.5
-0.5
-0.5
-0.5
-0.5
-0.5
-0.5
-0.5
-0.5
-0.5
-0.5
-0.5
-0.5
-0.5
-0.5
-0.5
-0.5
-0.5
-0.5
-0.5
-0.5
-0.5
-0.5
-0.5
-0.5
-0.5
-0.34589232430335803
-0.22764505224857573
-0.1291290872340637
-0.03808575294199734
0.045737660136318525
0.12033985444968698
0.18355948146515622
0.21454680666535442
0.2160227408312151
0.20020104944194594
0.17495260356108966
0.1452762000813964
0.11428006257911594
0.08383570227440862
0.05501253922608473
0.028365943665550675
-0.0035344810637590873
-0.08802351048478263
-0.18248643755734073
-0.27574538848350294
-0.3633404613698206
-0.44243458059410595
-0.5
-0.5
-0.5
-0.5
-0.5
-0.5
-0.5
-0.5
-0.5
-0.5
-0.5
-0.5
-0.5
-0.5
-0.5
-0.5
-0.5
-0.5
-0.5
-0.5
-0.5
-0.5
-0.5
-0.5
-0.5
-0.5
-0.5
-0.385583764698896
-0.2689761324272263
-0.1755373453015719
-0.08904438073395282
-0.00833238373711731
0.06482719145901883
0.12831519159629656
0.1802534405134375
0.1964562540674213
0.19006989700940458
0.17076394888178814
0.14473668002297047
0.11589465666177423
0.08663940966793326
0.058391063944364996
0.03193601131350832
0.007656990761044868
-0.015837721623680856
-0.09817349810290077
-0.19174392037731147
-0.28433187879905564
-0.3712653725491609
-0.4496697249601069
-0.5
-0.5
-0.5
-0.5
-0.5
-0.5
-0.5
-0.5
-0.5
-0.5
-0.5
-0.5
-0.5
-0.5
-0.5
-0.5
-0.5
-0.5
-0.5
-0.5
-0.5
-0.5
-0.5
-0.5
-0.5
-0.5
-0.5
-0.36803685331332125
-0.2579563544388366
-0.16619434996496268
-0.08065245584384367
-0.0009951965957497033
0.07087143913031357
0.13284440838726308
0.1807864408291049
0.1936043662997653
0.1853629151458409
0.16517442329239318
0.1388702353228376
0.11011679284150944
0.08115979927117611
0.053319430257197875
0.027319025728727575
0.0035025110530084724
-0.03449350655320088
-0.11988510227642868
-0.21356365979776842
-0.3051168830488335
-0.39029662845404556
-0.46637799129539304
-0.5
-0.5
-0.5
-0.5
-0.5
-0.5
-0.5
-0.5
-0.5
-0.5
-0.5
-0.5
-0.5
-0.5
-0.5
-0.5
-0.5
-0.5
-0.5
-0.5
-0.5
-0.5
-0.5
-0.5
-0.5
-0.5
-0.5
-0.3452661127795261
-0.24234417263859342
-0.15190507112099422
-0.0668388039056027
0.012166018370932452
0.08301761103073624
0.14361173671421268
0.18525380065932295
0.19420193717513623
0.18367503291423204
0.16222385275485662
0.1353081458242409
0.10634955875492702
0.0774334960662375
0.04977601962388334
0.024033609877596174
0.0005079418976536854
-0.04756783588234492
-0.13479739383704636
-0.22823261825147367
-0.3187753487394915
-0.40248995969217505
-0.47676348844987837
-0.5
-0.5
-0.5
-0.5
-0.5
-0.5
-0.5
-0.5
-0.5
-0.5
-0.5
-0.5
-0.5
-0.5
-0.5
-0.5
-0.5
-0.5
-0.5
-0.5
-0.5
-0.5
-0.5
-0.5
-0.5
-0.5
-0.47573485531502147
-0.3275043014618477
-0.2272601093708021
-0.13784854571662397
-0.05382053715342083
0.02382569685801561
0.09297993779612723
0.15158768324206062
0.18741816923463084
0.1928799978336142
0.18037349249451962
0.1579070910300555
0.13058267669085943
0.10158702451129231
0.07285251725927666
0.04549652428770368
0.020112772689363068
-0.0030361498788140096
-0.059180350692763006
-0.1479778199715398
-0.24130514802933567
-0.3310921984803412
-0.4136479437521762
-0.4864483587110818
-0.5
-0.5
-0.5
-0.5
-0.5
-0.5
-0.5
-0.5
-0.5
-0.5
-0.5
-0.5
-0.5
-0.5
-0.5
-0.5
-0.5
-0.5
-0.5
-0.5
-0.5
-0.5
-0.5
-0.5
-0.5
-0.5
-0.451006298437257
-0.31178598023523707
-0.21359822193980016
-0.12513860113411013
-0.04215171126928591
0.034151776725164784
0.10166200267528858
0.15837560023133257
0.18900705981278043
0.1913648643230007
0.17711025461252128
0.15376219167813365
0.12609973607951774
0.09709793993719984
0.06855137888609897
0.04148866173311594
0.016447185348494098
-0.006345450101660821
-0.06911431174027605
-0.1592392533436109
-0.25251545919990487
-0.34170719952275486
-0.42332192839750243
-0.4949082245489433
-0.5
-0.5
-0.5
-0.5
-0.5
-0.5
-0.5
-0.5
-0.5
-0.5
-0.5
-0.5
-0.5
-0.5
-0.5
-0.5
-0.5
-0.5
-0.5
-0.5
-0.5
-0.5
-0.5
-0.5
-0.5
-0.5
-0.4288379565340248
-0.29775002650348203
-0.2014353343394788
-0.11385128050516241
-0.0318158109576695
0.04326967662420167
0.10929588906393406
0.16430553974139417
0.19032068921985223
0.1899265204418914
0.17412612767004154
0.15000265017735948
0.12204775958073244
0.09304806573019109
0.06467552705032009
0.0378798086404617
0.013148237253778117
-0.009322658558872987
-0.07876860930142826
-0.17019349178841958
-0.26338220593134853
-0.3519491212805108
-0.43260399017186313
-0.5
-0.5
-0.5
-0.5
-0.5
-0.5
-0.5
-0.5
-0.5
-0.5
-0.5
-0.5
-0.5
-0.5
-0.5
-0.5
-0.5
-0.5
-0.5
-0.5
-0.5
-0.5
-0.5
-0.5
-0.5
-0.5
-0.5
-0.41045212133339437
-0.28553288520270687
-0.1905047388302617
-0.10347679306372626
-0.022115328719771066
0.05202752665906896
0.1168443846818722
0.17041749410415663
0.1919507063442608
0.18886953882179314
0.17154503666560883
0.14664160584199792
0.11837462705841728
0.08934939402764697
0.06111975045916418
0.034559195928912545
0.010106639723612143
-0.012071536395157567
-0.08867558641612255
-0.18157072381072348
-0.2747585038782248
-0.36274998773073625
-0.4424668001189947
-0.5
-0.5
-0.5
-0.5
-0.5
-0.5
-0.5
-0.5
-0.5
-0.5
-0.5
-0.5
-0.5
-0.5
-0.5
-0.5
-0.5
-0.5
-0.5
-0.5
-0.5
-0.5
-0.5
-0.5
-0.5
-0.5
-0.5
-0.39387192663784965
-0.27444569401711927
-0.18054405222067632
-0.09399490726715554
-0.01322470793154329
0.06007923473203303
0.12381127421563343
0.17608932512532338
0.19351003402289213
0.1879606332340955
0.16923346282211682
0.1436095008877778
0.11505110174691191
0.08599748297411136
0.05789427700390026
0.03154518223179725
0.007344716442999166
-0.015428555827719403
-0.0981038890634921
-0.19220437358759418
-0.2853185005050506
-0.372722651215072
-0.451522305991892
-0.5
-0.5
-0.5
-0.5
-0.5
-0.5
-0.5
-0.5
-0.5
-0.5
-0.5
-0.5
-0.5
-0.5
-0.5
-0.5
-0.5
-0.5
-0.5
-0.5
-0.5
-0.5
-0.5
-0.5
-0.5
-0.5
-0.5
-0.3767970615488916
-0.26317727268427915
-0.1705067965414293
-0.08449720097276886
-0.004368315800903355
0.06805155347596592
0.13065829846771104
0.180387896168002
0.1942667643218039
0.18661664137922718
0.1667199928819154
0.14052029712985692
0.11175747546644743
0.08272500199511457
0.05477377073606471
0.028646570796040716
0.004699365677102385
-0.02758841594486522
-0.1120172151666946
-0.20591181137018433
-0.2980978231587065
-0.38414538226551376
-0.4612648206562913
-0.5
-0.5
-0.5
-0.5
-0.5
-0.5
-0.5
-0.5
-0.5
-0.5
-0.5
-0.5
-0.5
-0.5
-0.5
-0.5
-0.5
-0.5
-0.5
-0.5
-0.5
-0.5
-0.5
-0.5
-0.5
-0.5
-0.5
-0.358428640249914
-0.25095083438679316
-0.15953442817989794
-0.0740419735007587
0.005456854861347837
0.07698100595153268
0.13842616961945142
0.18336559134019492
0.1943199483945942
0.18495964178286073
0.16413494467220624
0.13750356392023655
0.10861735216715618
0.07964679747755854
0.05186306351312442
0.025957872168001606
0.0022550378766150736
-0.038986236191296486
-0.12501950035077597
-0.21867034061373553
-0.3099382297907215
-0.3946725985194973
-0.47018365460886485
-0.5
-0.5
-0.5
-0.5
-0.5
-0.5
-0.5
-0.5
-0.5
-0.5
-0.5
-0.5
-0.5
-0.5
-0.5
-0.5
-0.5
-0.5
-0.5
-0.5
-0.5
-0.5
-0.5
-0.5
-0.5
-0.5
-0.4982763789123645
-0.34175573169759454
-0.2396022947780982
-0.1493008939124944
-0.06430856584988442
0.014571128072487949
0.08522778263683117
0.14556038652817993
0.18605323341486846
0.19429611803766023
0.18335332828776385
0.16167299706687965
0.13464696909236318
0.10565216474063799
0.07674470663696342
0.04912164362124016
0.023427251358884904
-4.450311364301296e-05
-0.04958765620357852
-0.13710723917421935
-0.23052994115231978
-0.3209438415093201
-0.40445744497027014
-0.47847366204788255
-0.5
-0.5
-0.5
-0.5
-0.5
-0.5
-0.5
-0.5
-0.5
-0.5
-0.5
-0.5
-0.5
-0.5
-0.5
-0.5
-0.5
-0.5
-0.5
-0.5
-0.5
-0.5
-0.5
-0.5
-0.5
-0.5
-0.4739877853091333
-0.32627615232405577
-0.22611691682040247
-0.13672954935812792
-0.05274182018873458
0.02483395728317661
0.09388737156841198
0.15236732263592256
0.18771881619932618
0.19288808561584925
0.1802103806354891
0.15765095801984463
0.13028314767012827
0.1012749321253017
0.07254640380977673
0.04520696337762631
0.01984523306113839
-0.0032794140542989902
-0.05971651991472393
-0.14858721593643964
-0.24192674894815153
-0.3316985304822992
-0.4142194311770375
-0.4869683936702988
-0.5
-0.5
-0.5
-0.5
-0.5
-0.5
-0.5
-0.5
-0.5
-0.5
-0.5
-0.5
-0.5
-0.5
-0.5
-0.5
-0.5
-0.5
-0.5
-0.5
-0.5
-0.5
-0.5
-0.5
-0.5
-0.5
-0.45098440192058575
-0.3117311196695145
-0.2135243454635506
-0.12505090159931498
-0.04205381115245599
0.034256413845206724
0.10176986880179317
0.15848319185740944
0.18906876853344634
0.1913971445214916
0.1771239712655931
0.15376448197681636
0.12609525566782653
0.09708969659488254
0.06854128970823492
0.04147792505888137
0.016436528634479974
-0.0063556054324415134
-0.06904889836967237
-0.15916756584754665
-0.2524533677863378
-0.3416590496668205
-0.42328926280795204
-0.49489159316832904
-0.5
-0.5
-0.5
-0.5
-0.5
-0.5
-0.5
-0.5
-0.5
-0.5
-0.5
-0.5
-0.5
-0.5
-0.5
-0.5
-0.5
-0.5
-0.5
-0.5
-0.5
-0.5
-0.5
-0.5
-0.5
-0.5
-0.4297039799278974
-0.29827968533706706
-0.20188186805713249
-0.11425628857038889
-0.03217784736637769
0.04295962150521149
0.1090467450337671
0.16412438332992707
0.19030248333366118
0.19000425444693902
0.1742565739206906
0.15015831467274543
0.12221150984590823
0.09320955140694331
0.06482880015189152
0.03802174594579388
0.013277498462412218
-0.009206315335612225
-0.07829323721015746
-0.1696530830325635
-0.26285113719870157
-0.3514549042280556
-0.4321629705644096
-0.5
-0.5
-0.5
-0.5
-0.5
-0.5
-0.5
-0.5
-0.5
-0.5
-0.5
-0.5
-0.5
-0.5
-0.5
-0.5
-0.5
-0.5
-0.5
-0.5
-0.5
-0.5
-0.5
-0.5
-0.5
-0.5
-0.5
-0.4115114315160393
-0.2862283447627184
-0.1911217551540495
-0.10405871211286727
-0.022656082055913906
0.05154276087755105
0.11643030721915337
0.17008651748115433
0.19186954238743925
0.18893772845751222
0.17169753937491428
0.14683684060401403
0.11858648732270372
0.08956192421398312
0.06132360392536029
0.03474928444265579
0.010280579061869854
-0.011914449587148934
-0.08806999719059971
-0.1808763096280006
-0.2740675430938012
-0.36209783749828206
-0.4418753412894056
-0.5
-0.5
-0.5
-0.5
-0.5
-0.5
-0.5
-0.5
-0.5
-0.5
-0.5
-0.5
-0.5
-0.5
-0.5
-0.5
-0.5
-0.5
-0.5
-0.5
-0.5
-0.5
-0.5
-0.5
-0.5
-0.5
-0.5
-0.39502062947717526
-0.27520792320001425
-0.18122527353738077
-0.09464090105513406
-0.013828200956039316
0.05953493577251423
0.12334273874487
0.17571064861281027
0.19341022913586525
0.18802794771819908
0.1693955029343055
0.14381994705531465
0.11528083801429057
0.08622868257905614
0.05811646668150616
0.03175263001892603
0.007534703860505032
-0.014532128364231012
-0.0970779795133192
-0.19119441514341995
-0.28437790128457835
-0.3718829682778473
-0.45080730479328224
-0.5
-0.5
-0.5
-0.5
-0.5
-0.5
-0.5
-0.5
-0.5
-0.5
-0.5
-0.5
-0.5
-0.5
-0.5
-0.5
-0.5
-0.5
-0.5
-0.5
-0.5
-0.5
-0.5
-0.5
-0.5
-0.5
-0.5
-0.378444286088496
-0.2642674231033423
-0.17148060580345026
-0.08542137554956919
-0.005233070127214079
0.06726968069874761
0.12998271391923788
0.18014025993492067
0.19427961571752272
0.1867810692239481
0.16696592578481206
0.14080333584953797
0.11205010766442425
0.08301075114396905
0.05504330822054726
0.02889514040252561
0.004925084406293245
-0.02652594214548204
-0.1108030691923268
-0.20471848947739818
-0.29698847137950474
-0.3831571532155943
-0.46042558350848956
-0.5
-0.5
-0.5
-0.5
-0.5
-0.5
-0.5
-0.5
-0.5
-0.5
-0.5
-0.5
-0.5
-0.5
-0.5
-0.5
-0.5
-0.5
-0.5
-0.5
-0.5
-0.5
-0.5
-0.5
-0.5
-0.5
-0.5
-0.3600189230198421
-0.2520097333340183
-0.16048500537911364
-0.07494800678952512
0.004605152003031354
0.07620664842306257
0.13775219675044648
0.18310623891915667
0.1943138000184662
0.18510162689967502
0.16435738171724823
0.13776349424410828
0.10888808820537932
0.0799122926486654
0.052114170223868106
0.026189862131568153
0.002465965421384664
-0.03798680608318239
-0.12387974803183116
-0.21755306373066735
-0.308902630540218
-0.39375322261913615
-0.46940623255836955
-0.5
-0.5
-0.5
-0.5
-0.5
-0.5
-0.5
-0.5
-0.5
-0.5
-0.5
-0.5
-0.5
-0.5
-0.5
-0.5
-0.5
-0.5
-0.5
-0.5
-0.5
-0.5
-0.5
-0.5
-0.5
-0.5
-0.5
-0.3431869883022093
-0.24078327509055186
-0.15039572694759507
-0.06532383769589023
0.013658911235325255
0.08444487391879951
0.14492951227879913
0.1858761109286694
0.19439154380723722
0.18360385073921193
0.16200340702261207
0.1350099358591531
0.10601865810303579
0.07709762248106711
0.04945157245197862
0.023729678810373134
0.00022895996109961736
-0.04850136241004804
-0.13587384999637164
-0.22931800997246204
-0.319815819816317
-0.40345049502123775
-0.4776158285649806
-0.5
-0.5
-0.5
-0.5
-0.5
-0.5
-0.5
-0.5
-0.5
-0.5
-0.5
-0.5
-0.5
-0.5
-0.5
-0.5
-0.5
-0.5
-0.5
-0.5
-0.5
-0.5
-0.5
-0.5
-0.5
-0.5
-0.47639803965707495
-0.3278090212553551
-0.22744986893273733
-0.13797020091904644
-0.053881481415892496
0.023824692639569545
0.09303789297636056
0.15170205394578828
0.18755985594687286
0.19303159179510632
0.18052440428055028
0.158051165522746
0.1307166110258844
0.10170932246261288
0.07296280151659085
0.04559508708607274
0.02020028480964442
-0.002958825205001292
-0.05874496571114668
-0.14748677902062585
-0.2408329848552498
-0.33066466154532675
-0.4132790802189299
-0.4861480144169034
-0.5
-0.5
-0.5
-0.5
-0.5
-0.5
-0.5
-0.5
-0.5
-0.5
-0.5
-0.5
-0.5
-0.5
-0.5
-0.5
-0.5
-0.5
-0.5
-0.5
-0.5
-0.5
-0.5
-0.5
-0.5
-0.5
-0.45320047570662636
-0.3131299218880461
-0.21473384731788991
-0.12617151705892687
-0.043078353289598525
0.03335424750948068
0.10101632937829497
0.15789992881760861
0.18894232756056495
0.19154288245053397
0.17742244352171976
0.15413941626369898
0.12649884658443022
0.097492803104135
0.06892691411253271
0.04183688660596907
0.016764603380281184
-0.006059566434412522
-0.06815151780764006
-0.15815026651310599
-0.2514412794596589
-0.34070142546772403
-0.42241730400793875
-0.49412990139009977
-0.5
-0.5
-0.5
-0.5
-0.5
-0.5
-0.5
-0.5
-0.5
-0.5
-0.5
-0.5
-0.5
-0.5
-0.5
-0.5
-0.5
-0.5
-0.5
-0.5
-0.5
-0.5
-0.5
-0.5
-0.5
-0.5
-0.43187850695376256
-0.29966336888935674
-0.20308455581564017
-0.11537449758316598
-0.03320339140758338
0.04205350419962339
0.10828670787753625
0.1635325112678011
0.19017250024931165
0.1901495604705431
0.17455644905966594
0.15053566350250114
0.12261800309434345
0.09361572128395412
0.06521745126523804
0.03838358365365757
0.013608238732605304
-0.008907847553880355
-0.07726952120332425
-0.16848773530966532
-0.2616943749174727
-0.35036462167128696
-0.4311751262075193
-0.5
-0.5
-0.5
-0.5
-0.5
-0.5
-0.5
-0.5
-0.5
-0.5
-0.5
-0.5
-0.5
-0.5
-0.5
-0.5
-0.5
-0.5
-0.5
-0.5
-0.5
-0.5
-0.5
-0.5
-0.5
-0.5
-0.5
-0.4132426372713012
-0.2873828518919318
-0.19215697275621224
-0.10504268064248123
-0.023577275857384394
0.05070999794622
0.11571143352224589
0.169503251287221
0.19171346722925153
0.1890377920709494
0.17194291865014044
0.1471566147099821
0.11893606431463688
0.08991399080633089
0.06166210293641006
0.03506541736175606
0.010570161845389947
-0.011652727614904546
-0.08712759444712342
-0.17979311446974006
-0.27298335248459576
-0.36106738651026776
-0.4409332790744531
-0.5
-0.5
-0.5
-0.5
-0.5
-0.5
-0.5
-0.5
-0.5
-0.5
-0.5
-0.5
-0.5
-0.5
-0.5
-0.5
-0.5
-0.5
-0.5
-0.5
-0.5
-0.5
-0.5
-0.5
-0.5
-0.5
-0.5
-0.3966151449765051
-0.2762737816581998
-0.1821825767604469
-0.09555199182879398
-0.014682294846151411
0.058761625425523434
0.12267382932143278
0.1751663259180174
0.1932610467574084
0.1881158923992967
0.16961817751178943
0.14411180311031546
0.11560064352714794
0.08655116554008646
0.05842675399926556
0.03204255615545748
0.007800368885373943
-0.01415655088613077
-0.09614009559901227
-0.1901482147853817
-0.28334390035893287
-0.37091035625273416
-0.4499279356107288
-0.5
-0.5
-0.5
-0.5
-0.5
-0.5
-0.5
-0.5
-0.5
-0.5
-0.5
-0.5
-0.5
-0.5
-0.5
-0.5
-0.5
-0.5
-0.5
-0.5
-0.5
-0.5
-0.5
-0.5
-0.5
-0.5
-0.5
-0.3802309013291526
-0.2654370838077351
-0.17251697978288644
-0.08639837546748241
-0.006140931239474012
0.06645558785902161
0.12928687400697436
0.17990213669904942
0.1943189589453952
0.18698077422225767
0.16725076131046235
0.14112573462072742
0.11238068769010456
0.0833320042745096
0.055345407644089795
0.02917316448577678
0.00517718612992879
-0.025373485604209434
-0.10948431006032028
-0.20341886310372942
-0.29577643041205987
-0.3820733713427392
-0.45950081352303884
-0.5
-0.5
-0.5
-0.5
-0.5
-0.5
-0.5
-0.5
-0.5
-0.5
-0.5
-0.5
-0.5
-0.5
-0.5
-0.5
-0.5
-0.5
-0.5
-0.5
-0.5
-0.5
-0.5
-0.5
-0.5
-0.5
-0.5
-0.3616933900157491
-0.25312790467822316
-0.1614907543775272
-0.07590801110414996
0.0037014652213005483
0.07538375430983502
0.13703460127844336
0.18282793616233461
0.19430391845826755
0.18524892493153955
0.16459018791485136
0.13803630414607182
0.10917262038153885
0.08019153059343931
0.05237840218520251
0.02643405670155685
0.002688039186508062
-0.036940658072851906
-0.12268658996315834
-0.21638302568097934
-0.3078176535115671
-0.39278950074365687
-0.46859075434991265
-0.5
-0.5
-0.5
-0.5
-0.5
-0.5
-0.5
-0.5
-0.5
-0.5
-0.5
-0.5
-0.5
-0.5
-0.5
-0.5
-0.5
-0.5
-0.5
-0.5
-0.5
-0.5
-0.5
-0.5
-0.5
-0.5
-0.5
-0.3447245148413449
-0.2418086972201669
-0.15131724480514502
-0.0662028552117857
0.01283200528673345
0.08369246431780086
0.1442740073772938
0.1856231119073023
0.1943844028447823
0.18374059556422662
0.1622183467016418
0.1352613705732889
0.10628067803653718
0.07735464466551523
0.04969470967110978
0.02395433335507635
0.00043323536336303814
-0.0475418868218066
-0.13477938951067492
-0.2282444607784198
-0.3188199883935294
-0.4025656088867716
-0.4768666847862755
-0.5
-0.5
-0.5
-0.5
-0.5
-0.5
-0.5
-0.5
-0.5
-0.5
-0.5
-0.5
-0.5
-0.5
-0.5
-0.5
-0.5
-0.5
-0.5
-0.5
-0.5
-0.5
-0.5
-0.5
-0.5
-0.5
-0.4785263774174522
-0.32916864623350206
-0.22863599475338214
-0.1390769783801779
-0.05490075963782537
0.022919308806405914
0.09227279649918763
0.15109926644577187
0.18740937808468794
0.1931516831502016
0.18079738416071955
0.1584017851600048
0.13109761251009378
0.10209181088211516
0.07332983880040533
0.0459374406492028
0.020513615994534495
-0.0026758118862252323
-0.057890007435621005
-0.1465188816758516
-0.23987130306988835
-0.3297559526861676
-0.4124528622901851
-0.48542749657597434
-0.5
-0.5
-0.5
-0.5
-0.5
-0.5
-0.5
-0.5
-0.5
-0.5
-0.5
-0.5
-0.5
-0.5
-0.5
-0.5
-0.5
-0.5
-0.5
-0.5
-0.5
-0.5
-0.5
-0.5
-0.5
-0.5
-0.45514457412913145
-0.31435695342997017
-0.21579476379377216
-0.12715442274370087
-0.0439769503615296
0.03256302725209104
0.10035550883614164
0.15738849372096397
0.18883157847463328
0.1916708592891918
0.1776843759552218
0.15446840298076048
0.12685295623649595
0.09784647587175499
0.06926524170155135
0.04215181730021966
0.017052433245032472
-0.00579984419498486
-0.0673653239634312
-0.15725901499415695
-0.2505545226838902
-0.33986230243869275
-0.4216531535547601
-0.49346228536921777
-0.5
-0.5
-0.5
-0.5
-0.5
-0.5
-0.5
-0.5
-0.5
-0.5
-0.5
-0.5
-0.5
-0.5
-0.5
-0.5
-0.5
-0.5
-0.5
-0.5
-0.5
-0.5
-0.5
-0.5
-0.5
-0.5
-0.43365992374058226
-0.30078853399563404
-0.20405791601871215
-0.11627666583454382
-0.03402853114183807
0.041326590006752206
0.10767917626174295
0.16306182149243953
0.19006970087732145
0.19026599520066012
0.17479594862359504
0.15083681428131568
0.12294230908275505
0.09393971285926483
0.0655274355827512
0.03867216173506982
0.013872002907327596
-0.008669828638786403
-0.07645447966754809
-0.16756354886214025
-0.26078095632536735
-0.34950769034535223
-0.43040272658358525
-0.5
-0.5
-0.5
-0.5
-0.5
-0.5
-0.5
-0.5
-0.5
-0.5
-0.5
-0.5
-0.5
-0.5
-0.5
-0.5
-0.5
-0.5
-0.5
-0.5
-0.5
-0.5
-0.5
-0.5
-0.5
-0.5
-0.5
-0.4146242727027251
-0.28830378540117296
-0.19298245650585277
-0.105827068715588
-0.02431139598057619
0.05004659623648877
0.11513903930714631
0.1690391651833174
0.19159008083708273
0.18911863879649937
0.17213958805614815
0.14741253333338733
0.11921566528640382
0.09019549262807891
0.0619327041101525
0.03531810690698356
0.010801609578968252
-0.011443560202628655
-0.08637535721670714
-0.17892840914270475
-0.2721177049962724
-0.3602444878691126
-0.44018080363219986
-0.5
-0.5
-0.5
-0.5
-0.5
-0.5
-0.5
-0.5
-0.5
-0.5
-0.5
-0.5
-0.5
-0.5
-0.5
-0.5
-0.5
-0.5
-0.5
-0.5
-0.5
-0.5
-0.5
-0.5
-0.5
-0.5
-0.5
-0.3978870917875935
-0.27712410295413975
-0.18294634286892875
-0.09627891953940126
-0.015363773424687421
0.058144577531108244
0.12214005844475417
0.17473194085478871
0.19314195975467352
0.1881860205093403
0.16979581511500053
0.14434464705313277
0.11585579329740159
0.08680845552336547
0.05867431616099816
0.032273874617173015
0.008012331438579823
-0.013964935919097976
-0.09544970415644982
-0.18935496577712407
-0.28255026165048375
-0.37015640023707874
-0.4492389972500664
-0.5
-0.5
-0.5
-0.5
-0.5
-0.5
-0.5
-0.5
-0.5
-0.5
-0.5
-0.5
-0.5
-0.5
-0.5
-0.5
-0.5
-0.5
-0.5
-0.5
-0.5
-0.5
-0.5
-0.5
-0.5
-0.5
-0.5
-0.38161360463010285
-0.2663396401513438
-0.173314931269134
-0.08714927243425785
-0.006837408142296941
0.06583241181438937
0.12875575365162395
0.17972362486648774
0.19435398699499806
0.18713901503292807
0.16747420676567426
0.14137772591559605
0.11263859812675159
0.08358236731132507
0.05558068084316614
0.02938958689645288
0.005373365657323603
-0.02447937978653214
-0.10846098289254802
-0.2024100388261768
-0.29483521916459987
-0.3812313688244787
-0.45878193201120016
-0.5
-0.5
-0.5
-0.5
-0.5
-0.5
-0.5
-0.5
-0.5
-0.5
-0.5
-0.5
-0.5
-0.5
-0.5
-0.5
-0.5
-0.5
-0.5
-0.5
-0.5
-0.5
-0.5
-0.5
-0.5
-0.5
-0.5
-0.3629906560269767
-0.253994308699697
-0.16227012150174602
-0.07665198158424613
0.003001091990233129
0.07474594858763461
0.13647835748742354
0.18261211837225622
0.194296117678449
0.18536293891898503
0.16477047712958137
0.13824760575370754
0.10939301769137233
0.0804078361748034
0.05258308915900212
0.0266232250976568
0.0028600735483310658
-0.03613003635583251
-0.12176206407725787
-0.21547643273218225
-0.30697698974265497
-0.39204280978151534
-0.4679589459077865
-0.5
-0.5
-0.5
-0.5
-0.5
-0.5
-0.5
-0.5
-0.5
-0.5
-0.5
-0.5
-0.5
-0.5
-0.5
-0.5
-0.5
-0.5
-0.5
-0.5
-0.5
-0.5
-0.5
-0.5
-0.5
-0.5
-0.5
-0.3459157672667461
-0.24260318301696043
-0.15203122957731308
-0.06688391333841165
0.012191320690839502
0.08310949689750058
0.14376611907815728
0.18542708071160108
0.1943788601951707
0.1838465347119146
0.1623848711486514
0.13545617179202984
0.10648368137130293
0.07755377656042284
0.04988308435095745
0.02412838850165544
0.0005915015495924214
-0.04679855916597825
-0.13393148713643954
-0.2274127582386825
-0.3180484945521995
-0.4018800657670348
-0.4762863032490053
-0.5
-0.5
-0.5
-0.5
-0.5
-0.5
-0.5
-0.5
-0.5
-0.5
-0.5
-0.5
-0.5
-0.5
-0.5
-0.5
-0.5
-0.5
-0.5
-0.5
-0.5
-0.5
-0.5
-0.5
-0.5
-0.5
-0.480175184319885
-0.33022193969377855
-0.22955488095245413
-0.13993439482823655
-0.05569039168537171
0.0222179094791225
0.09168007651965149
0.15063228599155432
0.18729280112184865
0.19324471577674163
0.18100885939539157
0.1586734079344797
0.13139277220943602
0.10238812266507458
0.0736141807641244
0.046202660314700106
0.020756352198809225
-0.0024565627680203095
-0.05722768155064106
-0.1457690629646745
-0.23912629872759578
-0.3290519850445822
-0.41181279866096954
-0.4848693169204422
-0.5
-0.5
-0.5
-0.5
-0.5
-0.5
-0.5
-0.5
-0.5
-0.5
-0.5
-0.5
-0.5
-0.5
-0.5
-0.5
-0.5
-0.5
-0.5
-0.5
-0.5
-0.5
-0.5
-0.5
-0.5
-0.5
-0.45665060298148713
-0.3153074957024682
-0.2166166229509981
-0.12791585004028672
-0.04467306695828549
0.03195009164183127
0.09984358940769744
0.15699229820875826
0.1887457826286678
0.19176999747107182
0.17788728571360335
0.15472325785679475
0.12712727325319517
0.09812045458589003
0.06952733308851922
0.04239578392227783
0.01727540576184239
-0.005598645729690543
-0.06675628792395721
-0.1565685944893544
-0.24986758381089952
-0.33921226340424016
-0.4210611927864739
-0.4929451060982011
-0.5
-0.5
-0.5
-0.5
-0.5
-0.5
-0.5
-0.5
-0.5
-0.5
-0.5
-0.5
-0.5
-0.5
-0.5
-0.5
-0.5
-0.5
-0.5
-0.5
-0.5
-0.5
-0.5
-0.5
-0.5
-0.5
-0.43503990377366397
-0.3016601473059235
-0.2048119335345111
-0.11697553452732379
-0.034667729640123546
0.04076348209584324
0.10720854835466698
0.16269719851562925
0.1899900660145626
0.19035619115065172
0.17498147740769998
0.15107010154575418
0.12319353370975916
0.09419069398858826
0.06576756598124467
0.038895709743089535
0.014076328750968425
-0.008485446441804878
-0.07582310693099337
-0.16684762687619287
-0.26007337550656484
-0.348843867265053
-0.42980438590393355
-0.5
-0.5
-0.5
-0.5
-0.5
-0.5
-0.5
-0.5
-0.5
-0.5
-0.5
-0.5
-0.5
-0.5
-0.5
-0.5
-0.5
-0.5
-0.5
-0.5
-0.5
-0.5
-0.5
-0.5
-0.5
-0.5
-0.5
-0.4156945509213904
-0.28901718308639984
-0.193621914584874
-0.10643469230554181
-0.02488007978861545
0.04953269410375094
0.11469563572884323
0.1686796620366705
0.19149449966502863
0.18918126618761522
0.17229193714613422
0.14761077966767422
0.1194322571010995
0.09041355695257292
0.06214232430252353
0.035513851931320506
0.010980899717468184
-0.011281529430033521
-0.08579264052245228
-0.1782585695670731
-0.27144713546073596
-0.3596070333833232
-0.43959790200154114
-0.5
-0.5
-0.5
-0.5
-0.5
-0.5
-0.5
-0.5
-0.5
-0.5
-0.5
-0.5
-0.5
-0.5
-0.5
-0.5
-0.5
-0.5
-0.5
-0.5
-0.5
-0.5
-0.5
-0.5
-0.5
-0.5
-0.5
-0.398872395237302
-0.2777827977238776
-0.18353798843392782
-0.09684202858919089
-0.015891675708505804
0.05766658593382146
0.12172657670874587
0.1743954475429742
0.1930497097357622
0.18824034457429117
0.16993342061815575
0.1445250177480646
0.11605344304801402
0.08700776318646919
0.05886608825137096
0.03245306365721512
0.008176526578186905
-0.013816502876634829
-0.09491489834643241
-0.1887404822153439
-0.2819354761569674
-0.36957235454466814
-0.4487053168748926
-0.5
-0.5
-0.5
-0.5
-0.5
-0.5
-0.5
-0.5
-0.5
-0.5
-0.5
-0.5
-0.5
-0.5
-0.5
-0.5
-0.5
-0.5
-0.5
-0.5
-0.5
-0.5
-0.5
-0.5
-0.5
-0.5
-0.5
-0.38268470172925195
-0.2670387963628019
-0.1739330564310967
-0.08773094731928477
-0.007376927098319719
0.06534967461013086
0.12834432644583438
0.17958534236202384
0.19438112104963212
0.18726159463841097
0.16764729650968568
0.14157292841809688
0.11283838584010353
0.0837763085120442
0.05576293285594369
0.029557236337594106
0.005525334153807182
-0.023786770064924856
-0.10766827319125066
-0.20162856360788423
-0.2941061196425484
-0.3805791202793517
-0.4582250578426795
-0.5
-0.5
-0.5
-0.5
-0.5
-0.5
-0.5
-0.5
-0.5
-0.5
-0.5
-0.5
-0.5
-0.5
-0.5
-0.5
-0.5
-0.5
-0.5
-0.5
-0.5
-0.5
-0.5
-0.5
-0.5
-0.5
-0.5
-0.3639955686720263
-0.25466545897025744
-0.16287384964106516
-0.07722829012948784
0.002458555551223318
0.07425187935957733
0.13604746929231704
0.18244493743322177
0.19429007483035932
0.18545125854419242
0.16491013613518546
0.138411288173224
0.10956374600138097
0.08057539487696586
0.05274164763889011
0.026769762285927867
0.0029933380489316486
-0.035502097455685555
-0.12104589060304255
-0.21477415079157153
-0.30632577907885516
-0.39146439407243194
-0.4674695226268428
-0.5
-0.5
-0.5
-0.5
-0.5
-0.5
-0.5
-0.5
-0.5
-0.5
-0.5
-0.5
-0.5
-0.5
-0.5
-0.5
-0.5
-0.5
-0.5
-0.5
-0.5
-0.5
-0.5
-0.5
-0.5
-0.5
-0.5
-0.34683855699756794
-0.24321862215608098
-0.15258430955497998
-0.06741148708575068
0.01169502181849491
0.08265790795348349
0.14337268929226454
0.18527522740026015
0.19437456661958508
0.1839285992145685
0.16251386735021733
0.13560707226782698
0.1066409355229504
0.07770803174829666
0.05002900658930487
0.02426321828197653
0.0007141005971325054
-0.04622274918897401
-0.13327466958841538
-0.2267684896946306
-0.31745086595768335
-0.40134901787640687
-0.47583671752929696
-0.5
-0.5
-0.5
-0.5
-0.5
-0.5
-0.5
-0.5
-0.5
-0.5
-0.5
-0.5
-0.5
-0.5
-0.5
-0.5
-0.5
-0.5
-0.5
-0.5
-0.5
-0.5
-0.5
-0.5
-0.5
-0.5
-0.48145241276289796
-0.33103786082258546
-0.23026668511939885
-0.1405985821965987
-0.056302070686676364
0.021674578890966023
0.09122093307986079
0.15027054516265814
0.18720249615793427
0.19331678236977035
0.18117267613637233
0.15888381724758283
0.13162141412063277
0.10261765702534709
0.07383444284861873
0.04640810954120156
0.02094438488257866
-0.002286724073047086
-0.05671461879231854
-0.1451882249434574
-0.23854919009673847
-0.3285066649962642
-0.4113169810825228
-0.48443692977234754
-0.5
-0.5
-0.5
-0.5
-0.5
-0.5
-0.5
-0.5
-0.5
-0.5
-0.5
-0.5
-0.5
-0.5
-0.5
-0.5
-0.5
-0.5
-0.5
-0.5
-0.5
-0.5
-0.5
-0.5
-0.5
-0.5
-0.4578172298942593
-0.3160438217057086
-0.21725326614883855
-0.12850568043520777
-0.04521230521640923
0.0314752885209344
0.09944703724137904
0.15668539016487337
0.18867932191263126
0.1918467936517163
0.17804446728486867
0.15492067808247523
0.12733976959009197
0.09833268886136282
0.06973035899103353
0.042584769696477065
0.017448128708073107
-0.005442789787365898
-0.06628450558208926
-0.15603376866341262
-0.2493354549872982
-0.33870871858923846
-0.42060263759090316
-0.49254447947654345
-0.5
-0.5
-0.5
-0.5
-0.5
-0.5
-0.5
-0.5
-0.5
-0.5
-0.5
-0.5
-0.5
-0.5
-0.5
-0.5
-0.5
-0.5
-0.5
-0.5
-0.5
-0.5
-0.5
-0.5
-0.5
-0.5
-0.4361088883963078
-0.30233533187910944
-0.2053960239679848
-0.11751690460188308
-0.03516287693050657
0.0403272774459984
0.10684398220621716
0.162414747787339
0.18992837783956962
0.19042606033558396
0.17512519500560475
0.15125081466599122
0.1233881417885746
0.09438511344518397
0.06595358005231611
0.03906887846864904
0.01423460726245851
-0.008342617031821709
-0.07533402178462917
-0.16629304669065825
-0.2595252567031486
-0.34832964485629464
-0.4293408886329547
-0.5
-0.5
-0.5
-0.5
-0.5
-0.5
-0.5
-0.5
-0.5
-0.5
-0.5
-0.5
-0.5
-0.5
-0.5
-0.5
-0.5
-0.5
-0.5
-0.5
-0.5
-0.5
-0.5
-0.5
-0.5
-0.5
-0.5
-0.41652362878569793
-0.289569807834281
-0.19411726292649145
-0.10690538045203779
-0.025320603712111922
0.049134606131320036
0.11435215859478942
0.16840117734053384
0.19142045888337844
0.18922977972537558
0.17240995249548596
0.14776434875342304
0.11960003728791224
0.09058247780110307
0.0623047040079594
0.035665483408423904
0.011119784619535777
-0.011156014283608462
-0.08534124620247113
-0.1777396865784015
-0.27092768701708664
-0.35911323710511933
-0.4391463644210945
-0.5
-0.5
-0.5
-0.5
-0.5
-0.5
-0.5
-0.5
-0.5
-0.5
-0.5
-0.5
-0.5
-0.5
-0.5
-0.5
-0.5
-0.5
-0.5
-0.5
-0.5
-0.5
-0.5
-0.5
-0.5
-0.5
-0.5
-0.39963564842019633
-0.27829304751585204
-0.18399629938553852
-0.09727823408097452
-0.01630060871279526
0.05729631562805804
0.12140627817248661
0.17413478714135788
0.19297824939375063
0.18828242604168133
0.1700400150262945
0.14466473968552007
0.11620654999325886
0.08716215441326602
0.05901464213958407
0.03259187024046495
0.008303718321119535
-0.013701521048145981
-0.0945006176138426
-0.18826448009379249
-0.2814592401474837
-0.36911993074319077
-0.4482919079457521
-0.5
-0.5
-0.5
-0.5
-0.5
-0.5
-0.5
-0.5
-0.5
-0.5
-0.5
-0.5
-0.5
-0.5
-0.5
-0.5
-0.5
-0.5
-0.5
-0.5
-0.5
-0.5
-0.5
-0.5
-0.5
-0.5
-0.5
-0.3835144138932224
-0.2675803891035764
-0.17441187946847125
-0.08818153459909783
-0.007794858807499638
0.06497572818491604
0.12802561943182778
0.17947822352408094
0.1944021401102628
0.18735654941855517
0.16778137834607287
0.1417241396303106
0.11299314892941226
0.08392654267243271
0.05590411213099955
0.02968710391054663
0.005643054676285453
-0.023250248483433156
-0.10705421039459628
-0.20102320346485059
-0.2935413316867238
-0.38007386398516807
-0.4577936821333388
-0.5
-0.5
-0.5
-0.5
-0.5
-0.5
-0.5
-0.5
-0.5
-0.5
-0.5
-0.5
-0.5
-0.5
-0.5
-0.5
-0.5
-0.5
-0.5
-0.5
-0.5
-0.5
-0.5
-0.5
-0.5
-0.5
-0.5
-0.36477401185879776
-0.2551853572502229
-0.1633415201987214
-0.07767472043685403
0.0020382863893629866
0.07386915472487787
0.135713687065542
0.1823154327802512
0.19428539381235077
0.18551967425243654
0.16501832126134275
0.13853808274072654
0.10969599858108237
0.08070519215905736
0.05286447300980823
0.026883275511561555
0.003096569750759004
-0.035015672331874914
-0.12049111565472392
-0.2142301367483641
-0.3058213267702442
-0.3910163314775651
-0.46709039691873033
-0.5
-0.5
-0.5
-0.5
-0.5
-0.5
-0.5
-0.5
-0.5
-0.5
-0.5
-0.5
-0.5
-0.5
-0.5
-0.5
-0.5
-0.5
-0.5
-0.5
-0.5
-0.5
-0.5
-0.5
-0.5
-0.5
-0.5
-0.34755338467876085
-0.24369536449309215
-0.15301274613691063
-0.06782016558105208
0.01131057001926039
0.0823080901486507
0.14306792376179145
0.18515759610574878
0.19437124065410782
0.18399216946910757
0.16261379266638554
0.13572396545983
0.10676275051158224
0.07782752362664469
0.05014204345110429
0.02436766250800826
0.0008090704368984847
-0.045776705093985626
-0.1327658739779073
-0.22626941501520692
-0.31698792033974804
-0.40093764817931465
-0.47548845149789626
-0.5
-0.5
-0.5
-0.5
-0.5
-0.5
-0.5
-0.5
-0.5
-0.5
-0.5
-0.5
-0.5
-0.5
-0.5
-0.5
-0.5
-0.5
-0.5
-0.5
-0.5
-0.5
-0.5
-0.5
-0.5
-0.5
-0.4824750018028077
-0.331689800724252
-0.2308346406132193
-0.14112798304925006
-0.056789100701125805
0.02124251431303459
0.09085642562656715
0.14998408378769867
0.18713231159951027
0.19337589801336263
0.18130478083048218
0.15905291108024622
0.1318048949400178
0.10280171133001703
0.07401097908502918
0.04657272301299509
0.021095011951705933
-0.00215069181802624
-0.05630300830647311
-0.14472208785645202
-0.23808592091736536
-0.32806879724214066
-0.41091874884498897
-0.48408953083302475
-0.5
-0.5
-0.5
-0.5
-0.5
-0.5
-0.5
-0.5
-0.5
-0.5
-0.5
-0.5
-0.5
-0.5
-0.5
-0.5
-0.5
-0.5
-0.5
-0.5
-0.5
-0.5
-0.5
-0.5
-0.5
-0.5
-0.4587539624666557
-0.3166352105631155
-0.21776469283830457
-0.12897957023105583
-0.04564560880037649
0.031093699131850006
0.09912826802060215
0.15643860168640544
0.18862577013204873
0.19190837697867036
0.17817066195934073
0.15507922147778708
0.1275104401201741
0.09850315969553403
0.06989343978053475
0.04273657658620578
0.017586874546372755
-0.00531759142553484
-0.06590524033193984
-0.15560380007921065
-0.24890764841520657
-0.33830388973812464
-0.42023397757592873
-0.49222239188768036
-0.5
-0.5
-0.5
-0.5
-0.5
-0.5
-0.5
-0.5
-0.5
-0.5
-0.5
-0.5
-0.5
-0.5
-0.5
-0.5
-0.5
-0.5
-0.5
-0.5
-0.5
-0.5
-0.5
-0.5
-0.5
-0.5
-0.4369681760340851
-0.3028780760658375
-0.20586554763512716
-0.11795209166894216
-0.03556091173043996
0.03997661990220214
0.10655090770850373
0.16218767854989558
0.18987876724021258
0.1904822022997753
0.1752407010764362
0.15139606111607817
0.12354455943827647
0.09454138125574052
0.06610309293022787
0.039208067249772105
0.014361828049728964
-0.008227813639884729
-0.0749409235185794
-0.1658473107586098
-0.2590847167733062
-0.3479163510814223
-0.42896836647253495
-0.4998326678238558
-0.5
-0.5
-0.5
-0.5
-0.5
-0.5
-0.5
-0.5
-0.5
-0.5
-0.5
-0.5
-0.5
-0.5
-0.5
-0.5
-0.5
-0.5
-0.5
-0.5
-0.5
-0.5
-0.5
-0.5
-0.5
-0.5
-0.41725972813050205
-0.29006105930233317
-0.19455800066437168
-0.10732449652154857
-0.025713178436957307
0.048779500795937514
0.1140453701786649
0.16815196665072796
0.19135304722038182
0.1892714149249901
0.17251349462768173
0.14789962673660595
0.11974807714745572
0.09073165422910057
0.062448179331006215
0.03579950767239615
0.011242571096412468
-0.01104502956407577
-0.08493825792841397
-0.1772766175361855
-0.27046452033303825
-0.3586733948860335
-0.438744632791381
-0.5
-0.5
-0.5
-0.5
-0.5
-0.5
-0.5
-0.5
-0.5
-0.5
-0.5
-0.5
-0.5
-0.5
-0.5
-0.5
-0.5
-0.5
-0.5
-0.5
-0.5
-0.5
-0.5
-0.5
-0.5
-0.5
-0.5
-0.40031626084330574
-0.2787480036395515
-0.18440492765882777
-0.09766714972187873
-0.016665211169030802
0.05696617786025682
0.12112068520479302
0.17390235515354158
0.19291443942900033
0.18831981389689756
0.17013490719321522
0.1447891656380209
0.11634291483589854
0.08729967333446065
0.059146967568683984
0.032715516785206455
0.008417020811486875
-0.013599093725122191
-0.09413187347988067
-0.18784083333258406
-0.28103540634729046
-0.36871730681251186
-0.4479240207668549
-0.5
-0.5
-0.5
-0.5
-0.5
-0.5
-0.5
-0.5
-0.5
-0.5
-0.5
-0.5
-0.5
-0.5
-0.5
-0.5
-0.5
-0.5
-0.5
-0.5
-0.5
-0.5
-0.5
-0.5
-0.5
-0.5
-0.5
-0.3842532500218118
-0.26806264975702804
-0.17483823793203984
-0.08858274380877312
-0.00816698375003122
0.06464277559635634
0.12774185985174824
0.17926883971953378
0.19435611890307813
0.1874078955397367
0.16788739621918314
0.14185756237729474
0.1131368834188674
0.08407016654794075
0.05604154345594081
0.029815055049425943
0.005760010137912386
-0.02269899272466419
-0.10642438325520537
-0.20040433322180617
-0.2929661571749468
-0.3795616252854658
-0.45735880004893203
-0.5
-0.5
-0.5
-0.5
-0.5
-0.5
-0.5
-0.5
-0.5
-0.5
-0.5
-0.5
-0.5
-0.5
-0.5
-0.5
-0.5
-0.5
-0.5
-0.5
-0.5
-0.5
-0.5
-0.5
-0.5
-0.5
-0.5
-0.3655998313048738
-0.2557347391236133
-0.1638344115696752
-0.07814431654984216
0.0015970258043054297
0.07346814426609205
0.135364853823416
0.18218148054107086
0.1942826473744289
0.18559366918380105
0.1651339760352989
0.13867313225906752
0.10983661251736154
0.08084305618746446
0.052994848893472835
0.027003715614326795
0.0032060685797610233
-0.034505101327515664
-0.11990882199724118
-0.2136589279111426
-0.3052913960880834
-0.39054535171038096
-0.4666915628184534
-0.5
-0.5
-0.5
-0.5
-0.5
-0.5
-0.5
-0.5
-0.5
-0.5
-0.5
-0.5
-0.5
-0.5
-0.5
-0.5
-0.5
-0.5
-0.5
-0.5
-0.5
-0.5
-0.5
-0.5
-0.5
-0.5
-0.5
-0.3483041364285113
-0.24419602829763248
-0.1534626509343906
-0.06824929566799082
0.010906907159274337
0.08194082369557909
0.1427479936477941
0.18503422323123886
0.19436792111677104
0.18405910271427295
0.1627188977180717
0.1358468783643192
0.10689081891818342
0.07795313859446429
0.05026086603871516
0.0244774485818392
0.0009088949808651048
-0.045307534851918574
-0.1322306671598822
-0.22574441228200715
-0.3165009043939341
-0.40050487121142053
-0.4751220432732635
-0.5
-0.5
-0.5
-0.5
-0.5
-0.5
-0.5
-0.5
-0.5
-0.5
-0.5
-0.5
-0.5
-0.5
-0.5
-0.5
-0.5
-0.5
-0.5
-0.5
-0.5
-0.5
-0.5
-0.5
-0.5
-0.5
-0.48370807204642396
-0.3324699189947994
-0.23151062478363282
-0.14175550281426508
-0.05736401335067737
0.02073499507925558
0.09043107414554741
0.14965312764364203
0.1870573673224084
0.19345366228905192
0.1814684089585723
0.15925970223133978
0.13202807020743212
0.1030249327766195
0.07422470338522247
0.046771782076210466
0.02127701332982923
-0.0019864175201301792
-0.05580285213772063
-0.14415497611564554
-0.2375217284095119
-0.3275350087157276
-0.41043276505971693
-0.4836650675504031
-0.5
-0.5
-0.5
-0.5
-0.5
-0.5
-0.5
-0.5
-0.5
-0.5
-0.5
-0.5
-0.5
-0.5
-0.5
-0.5
-0.5
-0.5
-0.5
-0.5
-0.5
-0.5
-0.5
-0.5
-0.5
-0.5
-0.4598958472987994
-0.3173568616139166
-0.21838922247167303
-0.12955857531706466
-0.04617530480370474
0.030626936171787245
0.09873803439297169
0.15613612151030998
0.1885596323009534
0.19198308495784844
0.1783244363512736
0.15527260961404632
0.12771871145597302
0.09871123657620329
0.07009252515249975
0.04292191660788358
0.017756279442558087
-0.005164720584874494
-0.06544084479825318
-0.15507721614781295
-0.2483836836972344
-0.3378080559262591
-0.4197824388804603
-0.4918278961805745
-0.5
-0.5
-0.5
-0.5
-0.5
-0.5
-0.5
-0.5
-0.5
-0.5
-0.5
-0.5
-0.5
-0.5
-0.5
-0.5
-0.5
-0.5
-0.5
-0.5
-0.5
-0.5
-0.5
-0.5
-0.5
-0.5
-0.4380200305019908
-0.30354248135733874
-0.20644034273913237
-0.11848487149734621
-0.036048228276192806
0.03954728451462575
0.10619204826153228
0.1619096069537549
0.18981793156072402
0.19055082805126977
0.17538200427156092
0.15157377900195768
0.12373596087375915
0.0947326074229442
0.06628605775762264
0.039378400955416226
0.01451751760882991
-0.00808731901688653
-0.07445994027441688
-0.16530193739685772
-0.25854571351226974
-0.3474106954572844
-0.4285126055102527
-0.49943956101914094
-0.5
-0.5
-0.5
-0.5
-0.5
-0.5
-0.5
-0.5
-0.5
-0.5
-0.5
-0.5
-0.5
-0.5
-0.5
-0.5
-0.5
-0.5
-0.5
-0.5
-0.5
-0.5
-0.5
-0.5
-0.5
-0.5
-0.41823895824471663
-0.29071517732179936
-0.19514526344949196
-0.10788327215505356
-0.026236889126121654
0.048305425417627834
0.11363539891286567
0.16781846301956116
0.19126167457359056
0.1893253453393372
0.17264998099872142
0.14807850236785647
0.11994407607973612
0.09092929054807164
0.06263833940086183
0.03597718811645467
0.011405382406725506
-0.010897848443776614
-0.0843999030038175
-0.17665817237670334
-0.26984635628821424
-0.35808681796943237
-0.4382093559299003
-0.5
-0.5
-0.5
-0.5
-0.5
-0.5
-0.5
-0.5
-0.5
-0.5
-0.5
-0.5
-0.5
-0.5
-0.5
-0.5
-0.5
-0.5
-0.5
-0.5
-0.5
-0.5
-0.5
-0.5
-0.5
-0.5
-0.5
-0.4012246900596811
-0.2793551971835015
-0.1849502737005625
-0.0981861843510729
-0.017151801007239453
0.056525576773546304
0.12073952251793452
0.17359212749522257
0.19282918204126198
0.18836957679572175
0.17026139872237545
0.14495506971538652
0.11652475726744849
0.08748306515444149
0.0593234395138561
0.032880418053829685
0.008568129017544113
-0.013462487951061863
-0.09364039150451786
-0.18727620924878408
-0.2804705544749889
-0.36818073990199196
-0.44743376334923507
-0.5
-0.5
-0.5
-0.5
-0.5
-0.5
-0.5
-0.5
-0.5
-0.5
-0.5
-0.5
-0.5
-0.5
-0.5
-0.5
-0.5
-0.5
-0.5
-0.5
-0.5
-0.5
-0.5
-0.5
-0.5
-0.5
-0.5
-0.385238339139099
-0.26870563400895087
-0.17540668028625617
-0.08911764852817161
-0.008663105009213634
0.06419888750205627
0.12736356459285836
0.17896739017411423
0.1942821173323781
0.18746988098662276
0.16802615337193905
0.1420352339010944
0.1133297002836745
0.08426360143899769
0.056227086052309305
0.029988072061584714
0.005918330149707218
-0.021949565881573097
-0.10556832209169803
-0.19956350586136856
-0.2921850711807347
-0.3788663972430352
-0.4567689809327523
-0.5
-0.5
-0.5
-0.5
-0.5
-0.5
-0.5
-0.5
-0.5
-0.5
-0.5
-0.5
-0.5
-0.5
-0.5
-0.5
-0.5
-0.5
-0.5
-0.5
-0.5
-0.5
-0.5
-0.5
-0.5
-0.5
-0.5
-0.366726920868769
-0.25648419045595044
-0.16450658680073516
-0.07878457360342866
0.0009955365161488094
0.07292165753965563
0.13488962103618063
0.1819992211425786
0.19427926083596492
0.1856948888879013
0.1652919670776818
0.13885753681186574
0.11002857463265625
0.08103124153567132
0.05317279936817676
0.027168096369317718
0.0033555110395597776
-0.03380916306449416
-0.11911512499088595
-0.21288030551521409
-0.30456899742873517
-0.38990326733915553
-0.4661477820268391
-0.5
-0.5
-0.5
-0.5
-0.5
-0.5
-0.5
-0.5
-0.5
-0.5
-0.5
-0.5
-0.5
-0.5
-0.5
-0.5
-0.5
-0.5
-0.5
-0.5
-0.5
-0.5
-0.5
-0.5
-0.5
-0.5
-0.5
-0.34932752841884473
-0.2448785050336959
-0.15407593092676264
-0.06883425253599101
0.010356669931366969
0.0814402040926605
0.14231190418236217
0.18486607498642615
0.1943634248699121
0.18415037107408494
0.1628621984914943
0.1360144519009575
0.1070654179443099
0.07812439094800383
0.050422857168379576
0.024627119535228115
0.0010449849906313258
-0.04466786522181976
-0.13150095763801584
-0.22502861162312526
-0.31583689259572373
-0.3999148073476137
-0.4746224658588162
-0.5
-0.5
-0.5
-0.5
-0.5
-0.5
-0.5
-0.5
-0.5
-0.5
-0.5
-0.5
-0.5
-0.5
-0.5
-0.5
-0.5
-0.5
-0.5
-0.5
-0.5
-0.5
-0.5
-0.5
-0.5
-0.5
-0.4853892050432895
-0.33353351310825213
-0.2324322470112326
-0.1426110512529256
-0.05814783974270615
0.020043050147066088
0.08985115379186326
0.14920190283261092
0.18695518390590204
0.19355967887271897
0.181691490968104
0.15954163228383644
0.1323323385014471
0.1033292644898034
0.07451608731543857
0.047043172120150745
0.02152514763564295
-0.0017624516290970504
-0.05512095675052531
-0.14338179634109394
-0.23675252914508071
-0.32680726165108676
-0.40977019370001655
-0.48308637139126176
-0.5
-0.5
-0.5
-0.5
-0.5
-0.5
-0.5
-0.5
-0.5
-0.5
-0.5
-0.5
-0.5
-0.5
-0.5
-0.5
-0.5
-0.5
-0.5
-0.5
-0.5
-0.5
-0.5
-0.5
-0.5
-0.5
-0.4614526541635974
-0.3183407357973047
-0.21924068449255568
-0.13034797062916081
-0.04689747372222797
0.02999056807104017
0.09820600380756661
0.15572373100158765
0.18846946264927278
0.19208493952515204
0.17853408726759235
0.15553626849242697
0.12800266153871998
0.09899492151876987
0.07036395136231799
0.04317460286615793
0.01798724028877774
-0.004956301708733457
-0.06480770416471349
-0.15435929002685228
-0.24766932849615125
-0.3371320533913329
-0.4191668267322191
-0.49129005442494716
-0.5
-0.5
-0.5
-0.5
-0.5
-0.5
-0.5
-0.5
-0.5
-0.5
-0.5
-0.5
-0.5
-0.5
-0.5
-0.5
-0.5
-0.5
-0.5
-0.5
-0.5
-0.5
-0.5
-0.5
-0.5
-0.5
-0.4394540921887416
-0.3044483083552828
-0.2072239983336152
-0.11921124493011714
-0.036712618654255846
0.03896194362641736
0.10570279181391107
0.16153049384555462
0.18973499032967323
0.19064439002233247
0.17557465213522594
0.15181607338471936
0.12399691093000886
0.09499331852344417
0.06653550563434352
0.039610628000043335
0.014729779333610193
-0.007895773539154216
-0.0738041844224136
-0.16455839429025726
-0.25781085517745916
-0.34672130213107
-0.42789123683241204
-0.49890361284355356
-0.5
-0.5
-0.5
-0.5
-0.5
-0.5
-0.5
-0.5
-0.5
-0.5
-0.5
-0.5
-0.5
-0.5
-0.5
-0.5
-0.5
-0.5
-0.5
-0.5
-0.5
-0.5
-0.5
-0.5
-0.5
-0.5
-0.41957400655524724
-0.29160697910132505
-0.1959459171266162
-0.10864508744033641
-0.02695089808543849
0.047659087515771525
0.11307645832998103
0.16736377575221473
0.1911371002773926
0.189398872188261
0.17283606177084232
0.14832237518484725
0.1202112942107394
0.09119874103553549
0.0628975970303669
0.03621943145805273
0.01162735368827772
-0.010697186819970728
-0.08366592861169542
-0.17581500574264347
-0.2690035729166863
-0.3572870993911423
-0.4374795780641128
-0.5
-0.5
-0.5
-0.5
-0.5
-0.5
-0.5
-0.5
-0.5
-0.5
-0.5
-0.5
-0.5
-0.5
-0.5
-0.5
-0.5
-0.5
-0.5
-0.5
-0.5
-0.5
-0.5
-0.5
-0.5
-0.5
-0.5
-0.4024632108805981
-0.28018302375793036
-0.1856937795398821
-0.09889381812491227
-0.017815200680611543
0.05592487656566447
0.1202198585586467
0.17316917388849562
0.19271294508235326
0.18843742180271894
0.17043385287716328
0.14518125756854638
0.1167726749187229
0.08773309518802719
0.0595640352306116
0.033105238712308194
0.008774144693893926
-0.01327624438646624
-0.09297032206114425
-0.1865064203968652
-0.2797004550641137
-0.36744920322491265
-0.4467653634252249
-0.5
-0.5
-0.5
-0.5
-0.5
-0.5
-0.5
-0.5
-0.5
-0.5
-0.5
-0.5
-0.5
-0.5
-0.5
-0.5
-0.5
-0.5
-0.5
-0.5
-0.5
-0.5
-0.5
-0.5
-0.5
-0.5
-0.5
-0.3865813754040748
-0.2695822563906164
-0.17618167483535346
-0.08984691903158648
-0.009339499490919834
0.06359370590194646
0.12684780998481804
0.17855640434098863
0.19418122616286726
0.18755438979056194
0.168215330051405
0.14227746508154415
0.1135925800956662
0.0845273238464983
0.05648004837953369
0.030223957442632843
0.006134178151263825
-0.020927823370515075
-0.10440119805432585
-0.1984171510616392
-0.2911201656833669
-0.3779185474930774
-0.45596484204928966
-0.5
-0.5
-0.5
-0.5
-0.5
-0.5
-0.5
-0.5
-0.5
-0.5
-0.5
-0.5
-0.5
-0.5
-0.5
-0.5
-0.5
-0.5
-0.5
-0.5
-0.5
-0.5
-0.5
-0.5
-0.5
-0.5
-0.5
-0.36826355560744234
-0.2575059663547851
-0.16542300714887115
-0.07965747781773536
0.0001754869258293601
0.0721765965303347
0.13424170517108847
0.1817507350132157
0.19427464374712078
0.18583288831451084
0.16550736657378096
0.13910894757004677
0.11029028910887728
0.08128780689890891
0.05341541086060053
0.02739220737750947
0.0035592556952772636
-0.03286034502448998
-0.11803302607789157
-0.21181875880214784
-0.3035841042040293
-0.38902787182349985
-0.4654064101950189
-0.5
-0.5
-0.5
-0.5
-0.5
-0.5
-0.5
-0.5
-0.5
-0.5
-0.5
-0.5
-0.5
-0.5
-0.5
-0.5
-0.5
-0.5
-0.5
-0.5
-0.5
-0.5
-0.5
-0.5
-0.5
-0.5
-0.5
-0.3507227854897934
-0.2458089700957098
-0.15491205555340642
-0.06963176239925517
0.009606495618701083
0.0807576767254109
0.14171735496177396
0.18463682751355404
0.19435729484321518
0.18427480318376022
0.1630575697854647
0.13624291583668036
0.10730346018822523
0.07835787045482978
0.05064371024445413
0.024831175711164777
0.0012305253800474203
-0.04379576188028822
-0.13050609703744503
-0.22405271388293568
-0.314931601988217
-0.39911033478376273
-0.47394135937510484
-0.5
-0.5
-0.5
-0.5
-0.5
-0.5
-0.5
-0.5
-0.5
-0.5
-0.5
-0.5
-0.5
-0.5
-0.5
-0.5
-0.5
-0.5
-0.5
-0.5
-0.5
-0.5
-0.5
-0.5
-0.5
-0.5
-0.48768120334231346
-0.3349835803566084
-0.23368875472474498
-0.14377747625903703
-0.05921648140318758
0.019099676475527905
0.0890605105371699
0.1485867186078711
0.18681587058729
0.19370421819821304
0.181995633226535
0.15992600591874284
0.13274716731845915
0.10374417977030592
0.07491335003865152
0.047413175873716074
0.021863445324115216
-0.001457104317347191
-0.05419128427935421
-0.14232766990885126
-0.23570382960199082
-0.32581507659649206
-0.4088668669363125
-0.48229739716086134
-0.5
-0.5
-0.5
-0.5
-0.5
-0.5
-0.5
-0.5
-0.5
-0.5
-0.5
-0.5
-0.5
-0.5
-0.5
-0.5
-0.5
-0.5
-0.5
-0.5
-0.5
-0.5
-0.5
-0.5
-0.5
-0.5
-0.4635751505351976
-0.3196821156637301
-0.22040153821869468
-0.1314242047617104
-0.04788205372627874
0.029122965919880395
0.09748065179850407
0.1551614921149035
0.18834652848007782
0.19222380450218968
0.17881991804034303
0.15589573184356986
0.12838978921266198
0.09938168770980493
0.07073400442318467
0.04351910652840929
0.018302124279315102
-0.004672150656740037
-0.06394450223017156
-0.15338049450553715
-0.24669540144288737
-0.33621041503013493
-0.41832752252531913
-0.49055677966837485
-0.5
-0.5
-0.5
-0.5
-0.5
-0.5
-0.5
-0.5
-0.5
-0.5
-0.5
-0.5
-0.5
-0.5
-0.5
-0.5
-0.5
-0.5
-0.5
-0.5
-0.5
-0.5
-0.5
-0.5
-0.5
-0.5
-0.441409242050685
-0.30568328140165646
-0.20829240713465869
-0.12020155722276232
-0.03761842540437471
0.03816391020334864
0.10503575657765996
0.16101362421016463
0.18962191113793703
0.1907719491618708
0.17583730153694166
0.1521464091250735
0.12435268116720599
0.09534876297667738
0.06687559419973699
0.0399272382814817
0.015019169591877435
-0.00763462709210494
-0.07292430440620473
-0.16356075322431585
-0.2568240578331927
-0.34579456746511245
-0.4270548743699853
-0.4981810602575712
-0.5
-0.5
-0.5
-0.5
-0.5
-0.5
-0.5
-0.5
-0.5
-0.5
-0.5
-0.5
-0.5
-0.5
-0.5
-0.5
-0.5
-0.5
-0.5
-0.5
-0.5
-0.5
-0.5
-0.5
-0.5
-0.5
-0.4213462275045536
-0.2927913756886837
-0.1970095981468154
-0.10965740068104457
-0.027899885642437616
0.04679984262032044
0.1123331887440232
0.16675890340010402
0.19097108182688194
0.18949622787017328
0.17308307410366142
0.14864624780892888
0.12056623467962413
0.09155668099911285
0.06324201659373219
0.03654125987299062
0.01192225752682985
-0.010430589497806064
-0.08268860868366168
-0.17469222407553686
-0.2678813475863221
-0.3562222879231197
-0.4365079714862717
-0.5
-0.5
-0.5
-0.5
-0.5
-0.5
-0.5
-0.5
-0.5
-0.5
-0.5
-0.5
-0.5
-0.5
-0.5
-0.5
-0.5
-0.5
-0.5
-0.5
-0.5
-0.5
-0.5
-0.5
-0.5
-0.5
-0.5
-0.40411199642276835
-0.28128511573800913
-0.18668364543422178
-0.09983595082158564
-0.018698465893672966
0.05512506328519107
0.1195279109615266
0.172605961492298
0.1925580694819352
0.18852762291665404
0.17066333021141922
0.14548228118254158
0.1171026378858886
0.08806588031751206
0.0598842696706996
0.033404480213678034
0.009048358681660429
-0.013028346263455282
-0.09207849748786356
-0.1854818910960136
-0.27867552657281885
-0.3664756114730363
-0.4458758125807803
-0.5
-0.5
-0.5
-0.5
-0.5
-0.5
-0.5
-0.5
-0.5
-0.5
-0.5
-0.5
-0.5
-0.5
-0.5
-0.5
-0.5
-0.5
-0.5
-0.5
-0.5
-0.5
-0.5
-0.5
-0.5
-0.5
-0.5
-0.38823570872865254
-0.2706733518801119
-0.17715302779272674
-0.09076557762519843
-0.010195621388458587
0.06282361558656724
0.1261870840614958
0.17802482759886207
0.1940437762196614
0.1876529744288361
0.16844755260736366
0.14257782401904295
0.11391991536531787
0.08485644698928874
0.05679617305281148
0.03051900302365551
0.006404324930952443
-0.01967170793539913
-0.10296466232045781
-0.19700329336183453
-0.2898035999270021
-0.376743369805809
-0.4549642576144467
-0.5
-0.5
-0.5
-0.5
-0.5
-0.5
-0.5
-0.5
-0.5
-0.5
-0.5
-0.5
-0.5
-0.5
-0.5
-0.5
-0.5
-0.5
-0.5
-0.5
-0.5
-0.5
-0.5
-0.5
-0.5
-0.5
-0.5
-0.3701477314283151
-0.2587577450249824
-0.16654510729816385
-0.080725915520303
-0.0008279467906830984
0.07126521332440616
0.1334494507825411
0.1814469607663184
0.19426910293748134
0.18600175224010784
0.16577087800393053
0.13941648998850198
0.11061042381464892
0.08160163641969376
0.05371216809379964
0.02766633275280872
0.003808468049550151
-0.03170256861079673
-0.1167128802441107
-0.21052386242444288
-0.30238286868430875
-0.3879603380662672
-0.4645024700638162
-0.5
-0.5
-0.5
-0.5
-0.5
-0.5
-0.5
-0.5
-0.5
-0.5
-0.5
-0.5
-0.5
-0.5
-0.5
-0.5
-0.5
-0.5
-0.5
-0.5
-0.5
-0.5
-0.5
-0.5
-0.5
-0.5
-0.5
-0.35242608503925565
-0.24694476041765456
-0.15593262085117598
-0.07060514329103712
0.008690939087808158
0.0799247342702577
0.14099183970733153
0.18435722510395258
0.19435003523781058
0.1844269015191704
0.16329624362933326
0.13652196636015013
0.10759418453691416
0.07864300807856939
0.050913419348877054
0.02508036697185123
0.0014571020595358641
-0.04273070917506283
-0.12929110188288623
-0.22286085147883972
-0.3138259457624172
-0.39812778378001557
-0.47310945487693523
-0.5
-0.5
-0.5
-0.5
-0.5
-0.5
-0.5
-0.5
-0.5
-0.5
-0.5
-0.5
-0.5
-0.5
-0.5
-0.5
-0.5
-0.5
-0.5
-0.5
-0.5
-0.5
-0.5
-0.5
-0.5
-0.5
-0.49010977679059053
-0.3365325274990607
-0.23503915123159735
-0.14503718442499558
-0.06037632743699711
0.01806974582403842
0.08819055864169167
0.14790182469847013
0.18664674392629055
0.19384351568114933
0.18230910705025782
0.16032782384233946
0.13318343396497534
0.1041819504274224
0.07533332082325472
0.04780483277929526
0.022221856229706405
-0.0011334012743876576
-0.05322078044740708
-0.14122731530265775
-0.23460820504374252
-0.324777347821315
-0.40792083617962904
-0.4814697840725361
-0.5
-0.5
-0.5
-0.5
-0.5
-0.5
-0.5
-0.5
-0.5
-0.5
-0.5
-0.5
-0.5
-0.5
-0.5
-0.5
-0.5
-0.5
-0.5
-0.5
-0.5
-0.5
-0.5
-0.5
-0.5
-0.5
-0.46580970840460667
-0.3210939052520369
-0.2216230103732012
-0.13255636393690817
-0.04891751073759698
0.028210852511801776
0.0967184632909287
0.15457116189546394
0.18821858555199578
0.19237135465052524
0.17912206067231073
0.15627526506701483
0.12879832512399614
0.09978973032531602
0.07112434913567323
0.04388246095779991
0.018634213261055743
-0.004372489826314552
-0.06303305859865593
-0.15234677204930397
-0.24566664571332592
-0.33523673084049876
-0.41744066744868097
-0.489781807133272
-0.5
-0.5
-0.5
-0.5
-0.5
-0.5
-0.5
-0.5
-0.5
-0.5
-0.5
-0.5
-0.5
-0.5
-0.5
-0.5
-0.5
-0.5
-0.5
-0.5
-0.5
-0.5
-0.5
-0.5
-0.5
-0.5
-0.44347274029743
-0.3069867872173486
-0.20942016876684344
-0.1212469329668382
-0.03857464469240973
0.03732141055209026
0.10433149496905025
0.16046783728326863
0.18950235570832863
0.19090641395834163
0.17611437698079335
0.15249494730139124
0.12472808261709445
0.09572383544980245
0.06723447145824557
0.040261345438291296
0.015324555770604098
-0.007359043774870899
-0.07208899372568539
-0.16261386536127054
-0.2558820681863803
-0.3449033166896642
-0.426243397839982
-0.49747224925258543
-0.5
-0.5
-0.5
-0.5
-0.5
-0.5
-0.5
-0.5
-0.5
-0.5
-0.5
-0.5
-0.5
-0.5
-0.5
-0.5
-0.5
-0.5
-0.5
-0.5
-0.5
-0.5
-0.5
-0.5
-0.5
-0.5
-0.4229007434171652
-0.2938341040893434
-0.19794832828362424
-0.11055234595770136
-0.028740196923480288
0.04603765703677176
0.11167245536964865
0.1662196023016027
0.1908210644238284
0.1895799528877915
0.1732997324275335
0.14893129509516811
0.12087905910233943
0.0918723800941611
0.06354592466936748
0.03682531524872823
0.01218259922979592
-0.01019520449239858
-0.08181107290984824
-0.17368362391665915
-0.2668735563775485
-0.35526652751577015
-0.4356364092639039
-0.5
-0.5
-0.5
-0.5
-0.5
-0.5
-0.5
-0.5
-0.5
-0.5
-0.5
-0.5
-0.5
-0.5
-0.5
-0.5
-0.5
-0.5
-0.5
-0.5
-0.5
-0.5
-0.5
-0.5
-0.5
-0.5
-0.5
-0.4055900120193977
-0.2822733623367575
-0.18757146642135908
-0.10068112836093362
-0.019491003401527318
0.05440721992217501
0.1189066660512983
0.1721000453533107
0.19241832660132008
0.18860768758183455
0.1708683463909635
0.14575152168948025
0.11739789780506293
0.08836373781688045
0.06017093557026176
0.03367237914057197
0.009293867342301976
-0.012806388554492565
-0.09128044145978459
-0.18456519216499195
-0.2777585657495074
-0.3656046700552999
-0.44508013954742637
-0.5
-0.5
-0.5
-0.5
-0.5
-0.5
-0.5
-0.5
-0.5
-0.5
-0.5
-0.5
-0.5
-0.5
-0.5
-0.5
-0.5
-0.5
-0.5
-0.5
-0.5
-0.5
-0.5
-0.5
-0.5
-0.5
-0.5
-0.3895878082996089
-0.271576872331131
-0.17796435022419665
-0.09153761015918649
-0.01091924285168916
0.06216855437655733
0.12562058825730882
0.17756399195462458
0.19391774577706045
0.18772784752287497
0.16863655878145467
0.14282541964845652
0.1141911631564515
0.0851299344037787
0.05705929961098988
0.030764852108598917
0.006629594410569095
-0.01864764635259314
-0.10179173415424014
-0.19584585248873482
-0.28872249172161274
-0.37577488270647447
-0.45413592057817975
-0.5
-0.5
-0.5
-0.5
-0.5
-0.5
-0.5
-0.5
-0.5
-0.5
-0.5
-0.5
-0.5
-0.5
-0.5
-0.5
-0.5
-0.5
-0.5
-0.5
-0.5
-0.5
-0.5
-0.5
-0.5
-0.5
-0.5
-0.3716786312996794
-0.2597736746988857
-0.16745515427629198
-0.08159204278171228
-0.0016410536152512423
0.07052700433942816
0.13280804713132777
0.18120109760015513
0.19426472557634378
0.18613858935651395
0.16598434599158873
0.13966560243749793
0.11086972383124227
0.0818558225083893
0.0539525223754852
0.027888354143181804
0.004010310118740867
-0.030767781197520883
-0.11564727434663113
-0.20947882363354997
-0.30141358477824465
-0.3870990993978495
-0.4637733738371203
-0.5
-0.5
-0.5
-0.5
-0.5
-0.5
-0.5
-0.5
-0.5
-0.5
-0.5
-0.5
-0.5
-0.5
-0.5
-0.5
-0.5
-0.5
-0.5
-0.5
-0.5
-0.5
-0.5
-0.5
-0.5
-0.5
-0.5
-0.35380213270884137
-0.24786222667685687
-0.15675694075953772
-0.07139129752324452
0.007951539719829426
0.07925211035624224
0.14040602993967655
0.18413161393616373
0.19434440612883597
0.18454998210785956
0.16348923924300718
0.13674755786889847
0.10782918681067943
0.07887347947542367
0.05113141126734966
0.025281769886427496
0.0016402238048146556
-0.04186985416872668
-0.12830902523420112
-0.22189744553039514
-0.3129321943864608
-0.3973335158387786
-0.47243693611437293
-0.5
-0.5
-0.5
-0.5
-0.5
-0.5
-0.5
-0.5
-0.5
-0.5
-0.5
-0.5
-0.5
-0.5
-0.5
-0.5
-0.5
-0.5
-0.5
-0.5
-0.5
-0.5
-0.5
-0.5
-0.5
-0.5
-0.49199347019550854
-0.3377370335403686
-0.2360912713344624
-0.14602014043576017
-0.061282753077517294
0.017263391089923585
0.08750783152272701
0.1473624238635305
0.1865102440249058
0.19394813392075305
0.18255007457264238
0.16063813806491312
0.13352100658696298
0.10452103885612962
0.07565882671012802
0.04810851821056439
0.022499841269835064
-0.0008822859577305442
-0.052471598904973826
-0.14037791316304882
-0.23376222185854972
-0.32397578359077195
-0.40718979391576193
-0.48082991626179844
-0.5
-0.5
-0.5
-0.5
-0.5
-0.5
-0.5
-0.5
-0.5
-0.5
-0.5
-0.5
-0.5
-0.5
-0.5
-0.5
-0.5
-0.5
-0.5
-0.5
-0.5
-0.5
-0.5
-0.5
-0.5
-0.5
-0.4675393855828638
-0.32218660983701497
-0.22256833362198264
-0.13343249772950605
-0.0497187396132962
0.027505145748852322
0.09612884780087538
0.15411460765173057
0.18811991768966807
0.19248590226373108
0.179356238758398
0.15656931575092514
0.12911479524252156
0.1001057906685997
0.07142668492890247
0.04416388195328613
0.01889141271885264
-0.004140409590060956
-0.062326890256089396
-0.15154580903938358
-0.24486948791312985
-0.3344822069329385
-0.41675339069596884
-0.48918119678979394
-0.5
-0.5
-0.5
-0.5
-0.5
-0.5
-0.5
-0.5
-0.5
-0.5
-0.5
-0.5
-0.5
-0.5
-0.5
-0.5
-0.5
-0.5
-0.5
-0.5
-0.5
-0.5
-0.5
-0.5
-0.5
-0.5
-0.4450712711802215
-0.3079965977714061
-0.21029384797286665
-0.12205679975513245
-0.03931545253507229
0.03666869149409935
0.10378585997915823
0.1600449648176674
0.18940968798535007
0.19101053962790182
0.1763289872963616
0.15276492394343055
0.12501887419039925
0.0960143758358386
0.06751246876111261
0.04052015636233186
0.015561119249984379
-0.007145566178292484
-0.0714419285676835
-0.16188037228624852
-0.2551523742237193
-0.34421293142294335
-0.42561481253069455
-0.4969231955822857
-0.5
-0.5
-0.5
-0.5
-0.5
-0.5
-0.5
-0.5
-0.5
-0.5
-0.5
-0.5
-0.5
-0.5
-0.5
-0.5
-0.5
-0.5
-0.5
-0.5
-0.5
-0.5
-0.5
-0.5
-0.5
-0.5
-0.4241049347985256
-0.2946418421077317
-0.19867550407495177
-0.11124560356313762
-0.02939113231613144
0.04544724134848965
0.11116062891213296
0.16580184230611672
0.19070485771552503
0.18964481145209044
0.17346756581228884
0.149152104883987
0.12112138589347532
0.09211693353822814
0.06378134419846604
0.037045356004910435
0.012384270376997852
-0.010012865832454976
-0.08113130160015314
-0.17290232531744792
-0.2660928842279606
-0.3545261601125484
-0.43496126465200635
-0.5
-0.5
-0.5
-0.5
-0.5
-0.5
-0.5
-0.5
-0.5
-0.5
-0.5
-0.5
-0.5
-0.5
-0.5
-0.5
-0.5
-0.5
-0.5
-0.5
-0.5
-0.5
-0.5
-0.5
-0.5
-0.5
-0.5
-0.4067349375905984
-0.28303889477656374
-0.18825920548542585
-0.10133583423809767
-0.020104932360264727
0.05385115182042366
0.11842542669939138
0.17170814395353862
0.19231007666019573
0.18866970875671507
0.17102715966079596
0.14596008550991857
0.11762661722404966
0.08859446941020943
0.0603929977254245
0.03387990369189198
0.009484047552121622
-0.012634451795728141
-0.0906622370457148
-0.1838550824283936
-0.27704825311658365
-0.3649300057781236
-0.4444637809976551
-0.5
-0.5
-0.5
-0.5
-0.5
-0.5
-0.5
-0.5
-0.5
-0.5
-0.5
-0.5
-0.5
-0.5
-0.5
-0.5
-0.5
-0.5
-0.5
-0.5
-0.5
-0.5
-0.5
-0.5
-0.5
-0.5
-0.5
-0.39063519560160037
-0.2722767733475992
-0.178592831185918
-0.09213565569084564
-0.011479787347936643
0.06166111923275053
0.12518175921213182
0.17720701125000304
0.193820117809532
0.1877858470137569
0.16878297006310383
0.14301721653456334
0.11440128190175436
0.08534178804838566
0.05726312734795391
0.03095529606538905
0.0068040966309145245
-0.017854369694553507
-0.1008831398401212
-0.1949492552196832
-0.28788502461517984
-0.37502465615255814
-0.4534942595425293
-0.5
-0.5
-0.5
-0.5
-0.5
-0.5
-0.5
-0.5
-0.5
-0.5
-0.5
-0.5
-0.5
-0.5
-0.5
-0.5
-0.5
-0.5
-0.5
-0.5
-0.5
-0.5
-0.5
-0.5
-0.5
-0.5
-0.5
-0.37286452399523934
-0.2605606520830789
-0.1681601109355924
-0.08226297757358098
-0.002270916779301302
0.06995515986314293
0.13231119171269823
0.1810106427362086
0.19426133471052698
0.18624458854254644
0.16614970633596382
0.13985857432365179
0.11107058739065234
0.0820527246264462
0.054138709854754885
0.028060340274284168
0.004166664587586522
-0.030043659663388067
-0.11482181588791912
-0.20866929722985594
-0.30066274096094076
-0.38643195149030296
-0.46320858844114493
-0.5
-0.5
-0.5
-0.5
-0.5
-0.5
-0.5
-0.5
-0.5
-0.5
-0.5
-0.5
-0.5
-0.5
-0.5
-0.5
