-0.5
-0.5
-0.5
-0.5
-0.5
-0.5
-0.5
-0.5
-0.5
-0.5
-0.5
-0.5
-0.5
-0.5
-0.5
-0.5
-0.5
-0.5
-0.5
-0.5
-0.5
-0.5
-0.5
-0.5
-0.5
-0.5
-0.5
-0.5
-0.5
-0.5
-0.5
-0.5
-0.5
-0.5
-0.5
-0.5
-0.5
-0.5
-0.5
-0.5
-0.5
-0.5
-0.5
-0.5
-0.5
-0.5
-0.45661208197862335
-0.293652044476327
-0.17832561596640029
-0.07306564520405345
0.02707979545868522
0.12044802855287418
0.204268823326622
0.27588292342425935
0.3217662187370691
0.32736670453363503
0.30920307551206105
0.277936184941614
0.24035104362429727
0.20067967656701435
0.16148259867203518
0.1242349143046938
0.0897149102904996
0.05826072510714886
0.02993902335550025
0.004655084536036136
-0.06956317068309725
-0.1543514166216785
-0.2393895652128495
-0.32053605644351396
-0.39511043841068266
-0.46096273496623147
-0.5
-0.5
-0.5
-0.5
-0.5
-0.5
-0.5
-0.5
-0.5
-0.5
-0.5
-0.5
-0.5
-0.5
-0.5
-0.5
-0.5
-0.5
-0.5
-0.5
-0.5
-0.5
-0.5
-0.5
-0.5
-0.46122517558393095
-0.325023871545419
-0.2293356191301134
-0.14283414698022567
-0.06122290319339185
0.014316469003548216
0.08168424856545053
0.13886722121525508
0.1776859495904204
0.1853081531123255
0.17438637210299224
0.15310090011714728
0.12667121273908222
0.09836497023342472
0.07017055254682802
0.04324440237585747
0.018207769507974092
-0.004657155585876704
-0.06979433973594029
-0.1610240247533769
-0.25502914543026495
-0.3447492336598133
-0.426722262336471
-0.49850119635829215
-0.5
-0.5
-0.5
-0.5
-0.5
-0.5
-0.5
-0.5
-0.5
-0.5
-0.5
-0.5
-0.5
-0.5
-0.5
-0.5
-0.5
-0.5
-0.5
-0.5
-0.5
-0.5
-0.5
-0.5
-0.5
-0.5
-0.40437363980436447
-0.2820263957007257
-0.18769011168534439
-0.1010282294169621
-0.020022325514441608
0.053720385254653946
0.11809293545908928
0.17119036258177145
0.19183701890419902
0.1882429533899176
0.17064565311827407
0.14562128189325452
0.11732720773706429
0.08833084089973442
0.06016151345501186
0.033677068319880044
0.009306597445981502
-0.013216722943149406
-0.09547839262127433
-0.18920878861415608
-0.2820467531441984
-0.36928335201082274
-0.448028340686901
-0.5
-0.5
-0.5
-0.5
-0.5
-0.5
-0.5
-0.5
-0.5
-0.5
-0.5
-0.5
-0.5
-0.5
-0.5
-0.5
-0.5
-0.5
-0.5
-0.5
-0.5
-0.5
-0.5
-0.5
-0.5
-0.5
-0.5
-0.36853939214026793
-0.2583934732192157
-0.16664538674715523
-0.0811188449981119
-0.001462310206052031
0.07042092344535189
0.1324272902673056
0.18064898543096863
0.19363609869482645
0.18549209929660693
0.16535500741139142
0.1390731321008729
0.11032406328322608
0.08136078039363615
0.05350816322265384
0.027492553163966815
0.003659754621364364
-0.03474167350845425
-0.12010867908038397
-0.21367297693244952
-0.30509662003905197
-0.39015010899631364
-0.46611527494135624
-0.5
-0.5
-0.5
-0.5
-0.5
-0.5
-0.5
-0.5
-0.5
-0.5
-0.5
-0.5
-0.5
-0.5
-0.5
-0.5
-0.5
-0.5
-0.5
-0.5
-0.5
-0.5
-0.5
-0.5
-0.5
-0.5
-0.4986501248395445
-0.34242303709546384
-0.24045778658971767
-0.1502968089651775
-0.0654065807955751
0.013408972900220029
0.0840399739023977
0.1443851276009136
0.1853862980587031
0.19395449955554744
0.18321627058200118
0.1616612506499514
0.13470890564856974
0.10575448952675726
0.07686625229181043
0.04924922831548417
0.023552919238515657
7.468351672268447e-05
-0.05023937827081487
-0.13782317466211486
-0.2311484804286203
-0.321420948680733
-0.4047776577618405
-0.47863161537987936
-0.5
-0.5
-0.5
-0.5
-0.5
-0.5
-0.5
-0.5
-0.5
-0.5
-0.5
-0.5
-0.5
-0.5
-0.5
-0.5
-0.5
-0.5
-0.5
-0.5
-0.5
-0.5
-0.5
-0.5
-0.5
-0.5
-0.4675648925058369
-0.3223864434706053
-0.22285959201771643
-0.13378878966778995
-0.050124216908733144
0.027065017428795746
0.09566883095635914
0.15364962466265808
0.18784302180937396
0.19233066347918937
0.17927867123924957
0.15654041779825012
0.12911555329598112
0.10012383548602743
0.0714540553042774
0.04419553065181947
0.01892420961363972
-0.004108341482839228
-0.06261832093968556
-0.1518666501134187
-0.2451518777784522
-0.3347070493389984
-0.4169134325371139
-0.48927338479361226
-0.5
-0.5
-0.5
-0.5
-0.5
-0.5
-0.5
-0.5
-0.5
-0.5
-0.5
-0.5
-0.5
-0.5
-0.5
-0.5
-0.5
-0.5
-0.5
-0.5
-0.5
-0.5
-0.5
-0.5
-0.5
-0.5
-0.44197986084551255
-0.3061289700708335
-0.20873296578648964
-0.12065002774689337
-0.03806561624114546
0.03773140210484227
0.104631429085289
0.16064989034611266
0.18946100202695615
0.1907363551620852
0.17587641023941836
0.152227475567699
0.12445479209519306
0.09545880715118815
0.06698557617210521
0.040032491363644285
0.015117170203987618
-0.0075450432819553215
-0.07287423780740154
-0.16349961604570545
-0.2567434360346961
-0.345695341977669
-0.42694026064071644
-0.49805504786189336
-0.5
-0.5
-0.5
-0.5
-0.5
-0.5
-0.5
-0.5
-0.5
-0.5
-0.5
-0.5
-0.5
-0.5
-0.5
-0.5
-0.5
-0.5
-0.5
-0.5
-0.5
-0.5
-0.5
-0.5
-0.5
-0.5
-0.42037722207738304
-0.29219466957814244
-0.1965043953023412
-0.10919798018649735
-0.027488324948328535
0.04715309220829578
0.11261780462097226
0.16696667266088272
0.1909909102084586
0.18940545276734855
0.17293157963700012
0.14846575699769793
0.12037651094444368
0.09136966011571357
0.06306455373346476
0.03637695064693702
0.011772640550135494
-0.010565242543202458
-0.08334652762138384
-0.17544182709342937
-0.268614506414608
-0.3568999374145244
-0.43710750067928683
-0.5
-0.5
-0.5
-0.5
-0.5
-0.5
-0.5
-0.5
-0.5
-0.5
-0.5
-0.5
-0.5
-0.5
-0.5
-0.5
-0.5
-0.5
-0.5
-0.5
-0.5
-0.5
-0.5
-0.5
-0.5
-0.5
-0.5
-0.40248814232126634
-0.2802227758072273
-0.1857433690098207
-0.09895066740405556
-0.0178771111267077
0.05586009139288928
0.1201543925444788
0.1731051767412375
0.19267881236346152
0.1884221862393326
0.17043030330329645
0.14518468406104412
0.11678002923696418
0.08774242957225764
0.059574127706319424
0.03311534330114185
0.008783825227669406
-0.013267224536952338
-0.09301779904256013
-0.18655798126365364
-0.27974419587318566
-0.3674819678960074
-0.446786128480657
-0.5
-0.5
-0.5
-0.5
-0.5
-0.5
-0.5
-0.5
-0.5
-0.5
-0.5
-0.5
-0.5
-0.5
-0.5
-0.5
-0.5
-0.5
-0.5
-0.5
-0.5
-0.5
-0.5
-0.5
-0.5
-0.5
-0.5
-0.3861743552264536
-0.2693291558854846
-0.17596561860043758
-0.08964901605500675
-0.00916080353084131
0.06374863047683621
0.1269744384659277
0.17865108482147085
0.1941949528622935
0.18752025380934279
0.16815469873322098
0.14220394742281506
0.11351467356749789
0.0844501782304461
0.05640663868244211
0.030155861669290296
0.00607209112905327
-0.02129390740004694
-0.10481764406338989
-0.19882112230348936
-0.2914896083224221
-0.3782411403848872
-0.4562317325812331
-0.5
-0.5
-0.5
-0.5
-0.5
-0.5
-0.5
-0.5
-0.5
-0.5
-0.5
-0.5
-0.5
-0.5
-0.5
-0.5
-0.5
-0.5
-0.5
-0.5
-0.5
-0.5
-0.5
-0.5
-0.5
-0.5
-0.5
-0.36755869797583296
-0.2570468403128847
-0.1650170571848194
-0.07927490665324533
0.0005312084380360016
0.07249604757349837
0.13451546680424242
0.1818496935573033
0.19426729505597928
0.18576376974215092
0.16540512344987668
0.13899172208132715
0.11016931553995768
0.08116980599009305
0.053304180690728065
0.02728967713976116
0.0034661808413667394
-0.033324073310366575
-0.1185611085789553
-0.21233459531826399
-0.30406014722829233
-0.38944826309663
-0.4657594697407191
-0.5
-0.5
-0.5
-0.5
-0.5
-0.5
-0.5
-0.5
-0.5
-0.5
-0.5
-0.5
-0.5
-0.5
-0.5
-0.5
-0.5
-0.5
-0.5
-0.5
-0.5
-0.5
-0.5
-0.5
-0.5
-0.5
-0.5
-0.3499681173977696
-0.24531044039785033
-0.15446695407070382
-0.06920923785898209
0.010002129465020992
0.08111579678449332
0.14202733333564477
0.18475339849076056
0.19435594220574226
0.1842046408678466
0.16295021620948735
0.1361184229840675
0.10717426969310206
0.07823144866427256
0.05052429937376046
0.024720954081487778
0.0011303730566570858
-0.04428110897396531
-0.13105936894334913
-0.22459436209658412
-0.31543282557439656
-0.3995544160958502
-0.4743158996883724
-0.5
-0.5
-0.5
-0.5
-0.5
-0.5
-0.5
-0.5
-0.5
-0.5
-0.5
-0.5
-0.5
-0.5
-0.5
-0.5
-0.5
-0.5
-0.5
-0.5
-0.5
-0.5
-0.5
-0.5
-0.5
-0.5
-0.48633587606920303
-0.3341352853397654
-0.2329555222942788
-0.14309814070917026
-0.058595317077761444
0.01964675869337884
0.08951761607150666
0.14894073447409983
0.18689342401460007
0.19361700861496256
0.18181592298733584
0.15969994293334222
0.13250367968332066
0.10350090494548636
0.07468057922091698
0.04719647095100943
0.021665368960806952
-0.0016358503437989835
-0.05474126721572253
-0.1429511135006244
-0.2363234931350695
-0.32640069382782955
-0.4093993500722719
-0.48276174156063995
-0.5
-0.5
-0.5
-0.5
-0.5
-0.5
-0.5
-0.5
-0.5
-0.5
-0.5
-0.5
-0.5
-0.5
-0.5
-0.5
-0.5
-0.5
-0.5
-0.5
-0.5
-0.5
-0.5
-0.5
-0.5
-0.5
-0.46228441067746273
-0.3188676271400245
-0.2196974613572043
-0.130772030869505
-0.04728595427932142
0.029647686984749844
0.0979187232948292
0.15550032562054472
0.18841944626735563
0.1921383163510193
0.17864556831556877
0.15567692588140136
0.12815435652890783
0.09914659014848493
0.0705091334026492
0.04330980230456816
0.018110841378293885
-0.004844747701457375
-0.06447153881544543
-0.15397803889425937
-0.24728971417366147
-0.33677252184976203
-0.41883909938547204
-0.4910033940882445
-0.5
-0.5
-0.5
-0.5
-0.5
-0.5
-0.5
-0.5
-0.5
-0.5
-0.5
-0.5
-0.5
-0.5
-0.5
-0.5
-0.5
-0.5
-0.5
-0.5
-0.5
-0.5
-0.5
-0.5
-0.5
-0.5
-0.44019844265276853
-0.30491907621305403
-0.20763165797175037
-0.11958938752222015
-0.03705875284863591
0.038656722549075484
0.10544737298102902
0.16133222235724143
0.18969104309442075
0.1906924432329049
0.1756743833358423
0.15194172933362848
0.12413234561143416
0.09512868543825148
0.06666505731841399
0.03973125605084327
0.014840049185745996
-0.0077962577220626605
-0.07346532105919623
-0.1641741359651256
-0.2574309416218502
-0.3463647258416049
-0.42756966612781877
-0.4986260559589085
-0.5
-0.5
-0.5
-0.5
-0.5
-0.5
-0.5
-0.5
-0.5
-0.5
-0.5
-0.5
-0.5
-0.5
-0.5
-0.5
-0.5
-0.5
-0.5
-0.5
-0.5
-0.5
-0.5
-0.5
-0.5
-0.5
-0.4202562854319768
-0.2920630965752281
-0.19635563380300614
-0.10903508099921061
-0.027316553843052205
0.04732794975238852
0.1127899481840191
0.16713053617579687
0.1910729340244247
0.18943618251631456
0.17293104251488212
0.1484469829400772
0.1203478875429479
0.09133650596252518
0.06303016819849072
0.0363433131011589
0.011740875032001052
-0.010594559468419196
-0.08329172198544632
-0.1753850846046885
-0.2685737320650773
-0.35687909366861237
-0.4371071203752055
-0.5
-0.5
-0.5
-0.5
-0.5
-0.5
-0.5
-0.5
-0.5
-0.5
-0.5
-0.5
-0.5
-0.5
-0.5
-0.5
-0.5
-0.5
-0.5
-0.5
-0.5
-0.5
-0.5
-0.5
-0.5
-0.5
-0.5
-0.4030909538662491
-0.28060277309227705
-0.18607087405957778
-0.09925278838488805
-0.01815179376006476
0.05562003289444273
0.11995607142166298
0.1729544009011893
0.1926538018743612
0.18847168982938756
0.17052121096240236
0.14529589296968715
0.11689834916190156
0.0878598540139135
0.05968601907622828
0.033219229325367694
0.00887860365964932
-0.013181808818608531
-0.09263113740333417
-0.18611673685894575
-0.2793105576556393
-0.36707876645347465
-0.44642683168492275
-0.5
-0.5
-0.5
-0.5
-0.5
-0.5
-0.5
-0.5
-0.5
-0.5
-0.5
-0.5
-0.5
-0.5
-0.5
-0.5
-0.5
-0.5
-0.5
-0.5
-0.5
-0.5
-0.5
-0.5
-0.5
-0.5
-0.5
-0.3872589597839582
-0.27002461789630683
-0.17657280849348517
-0.0902150151678382
-0.009680941769725504
0.06328817590481184
0.12658738878223041
0.17834883932499113
0.19413020317411034
0.18759696432656736
0.16831074902833532
0.14239967400229214
0.11372522009631847
0.08466039629112032
0.05660769561379664
0.0303429900720511
0.006243101125930739
-0.020412744378635383
-0.10381281711997559
-0.19783920394669074
-0.29058324005698133
-0.3774405963624504
-0.4555593077815597
-0.5
-0.5
-0.5
-0.5
-0.5
-0.5
-0.5
-0.5
-0.5
-0.5
-0.5
-0.5
-0.5
-0.5
-0.5
-0.5
-0.5
-0.5
-0.5
-0.5
-0.5
-0.5
-0.5
-0.5
-0.5
-0.5
-0.5
-0.3690370872144718
-0.25802039053203235
-0.16588443105879963
-0.08009702067361835
-0.00023746807537433634
0.0718013767542558
0.13391537945882903
0.18162554030586242
0.19427225118747982
0.18590231429167858
0.165615772401419
0.13923549231504684
0.11042202773916354
0.08141695790997672
0.05353754025890589
0.027505025299633945
0.003661822150634597
-0.03238292221459943
-0.11748853381044627
-0.21128459202411282
-0.30308849083046446
-0.3885873396912847
-0.46503330241070734
-0.5
-0.5
-0.5
-0.5
-0.5
-0.5
-0.5
-0.5
-0.5
-0.5
-0.5
-0.5
-0.5
-0.5
-0.5
-0.5
-0.5
-0.5
-0.5
-0.5
-0.5
-0.5
-0.5
-0.5
-0.5
-0.5
-0.5
-0.35142432066486934
-0.24627684210545947
-0.15533251053399655
-0.07003281408709561
0.00922923494560568
0.08041442225564044
0.1414183318852299
0.18452150829456115
0.19435417896370932
0.18433734699870696
0.16315579032586736
0.13635778084169203
0.10742314465368819
0.07847526294800311
0.050754755479434976
0.02493377621733528
0.0013238165429959592
-0.04335736686594871
-0.13000599070959995
-0.22356213221037158
-0.3144765054449418
-0.39870591069136924
-0.4735989434201249
-0.5
-0.5
-0.5
-0.5
-0.5
-0.5
-0.5
-0.5
-0.5
-0.5
-0.5
-0.5
-0.5
-0.5
-0.5
-0.5
-0.5
-0.5
-0.5
-0.5
-0.5
-0.5
-0.5
-0.5
-0.5
-0.5
-0.4887380849427345
-0.3356554404204941
-0.2342730434607374
-0.14432145063393292
-0.05971632954745287
0.01865686770500441
0.08868765266837841
0.14829454845843337
0.18674610282505544
0.19376731018796023
0.1821336233865437
0.160101849030024
0.13293761391386882
0.1039350290790425
0.07509629162813136
0.0475836938473323
0.022019432472526135
-0.001316258622521771
-0.0537663530976758
-0.14184587021630357
-0.23522426695878906
-0.3253610592503123
-0.4084531885128572
-0.4819357380882277
-0.5
-0.5
-0.5
-0.5
-0.5
-0.5
-0.5
-0.5
-0.5
-0.5
-0.5
-0.5
-0.5
-0.5
-0.5
-0.5
-0.5
-0.5
-0.5
-0.5
-0.5
-0.5
-0.5
-0.5
-0.5
-0.5
-0.46454990171473554
-0.3202980433987782
-0.22093449707528967
-0.13191824722322593
-0.04833395283127273
0.028724835680350225
0.09714789078666852
0.15490367425133034
0.18829043933751044
0.192287918069439
0.17895149447792258
0.15606109266941914
0.12856782472602457
0.09955952905877175
0.07090414448258842
0.04367748972550689
0.018446883785749546
-0.004541523791260715
-0.06354740803372783
-0.15293016634003392
-0.246247266828521
-0.33578629713120295
-0.41794125156160145
-0.49021926494564727
-0.5
-0.5
-0.5
-0.5
-0.5
-0.5
-0.5
-0.5
-0.5
-0.5
-0.5
-0.5
-0.5
-0.5
-0.5
-0.5
-0.5
-0.5
-0.5
-0.5
-0.5
-0.5
-0.5
-0.5
-0.5
-0.5
-0.442308319994855
-0.3062512130065679
-0.20878375877876032
-0.12065700726644568
-0.03803502470340059
0.03779686317725428
0.104728943753853
0.1607758618369518
0.18956985234471413
0.19083056243453944
0.17595804646312385
0.15229828715339044
0.12451626079796152
0.09551219694567803
0.06703196991959548
0.04007281995312728
0.015152236054709722
-0.007514547013633743
-0.07256034270662992
-0.16314817181397356
-0.2564136064530802
-0.3454062200585427
-0.4267012828062286
-0.49787219942842925
-0.5
-0.5
-0.5
-0.5
-0.5
-0.5
-0.5
-0.5
-0.5
-0.5
-0.5
-0.5
-0.5
-0.5
-0.5
-0.5
-0.5
-0.5
-0.5
-0.5
-0.5
-0.5
-0.5
-0.5
-0.5
-0.5
-0.422023520358979
-0.29324568931533496
-0.1974186020666412
-0.11004732898251796
-0.028266011135958613
0.04646775538031089
0.11204530323343831
0.1665239250725763
0.19090571527976086
0.1895327035754868
0.17317746938763667
0.14877044059472633
0.12070253031429168
0.09169422941710803
0.06337442790468961
0.03666502156417051
0.012035687341236057
-0.010328033171517148
-0.0823062734444383
-0.17425278491892293
-0.26744226043198105
-0.35580586970822625
-0.43612823732596007
-0.5
-0.5
-0.5
-0.5
-0.5
-0.5
-0.5
-0.5
-0.5
-0.5
-0.5
-0.5
-0.5
-0.5
-0.5
-0.5
-0.5
-0.5
-0.5
-0.5
-0.5
-0.5
-0.5
-0.5
-0.5
-0.5
-0.5
-0.4047559365125232
-0.2817156746615921
-0.18707045145955437
-0.10020417829234762
-0.019043759441070174
0.054812312233507576
0.11925724571198926
0.17238554251241156
0.19249718523022197
0.18856250467426705
0.17075265103015413
0.14559958339137224
0.11723127633229169
0.0881956505529441
0.0600091640075463
0.033521198200711866
0.009155321712956965
-0.012931643882311383
-0.09173080420209995
-0.1850825079515111
-0.278276029058923
-0.36609616318697286
-0.4455291566017734
-0.5
-0.5
-0.5
-0.5
-0.5
-0.5
-0.5
-0.5
-0.5
-0.5
-0.5
-0.5
-0.5
-0.5
-0.5
-0.5
-0.5
-0.5
-0.5
-0.5
-0.5
-0.5
-0.5
-0.5
-0.5
-0.5
-0.5
-0.38882477606384425
-0.2710669877757385
-0.17750649610456143
-0.0911019286987621
-0.010510881379229009
0.06253822507662332
0.12594027868116386
0.17782405502771326
0.19398886818250205
0.18768559402244533
0.16852989656801454
0.142685693667725
0.1140380895774662
0.08497559696678325
0.05691080914489488
0.03062611186672992
0.006502467883301111
-0.019225558337796933
-0.10245365643550414
-0.19649903459662504
-0.28933259657877575
-0.3763214315569859
-0.4546033779417028
-0.5
-0.5
-0.5
-0.5
-0.5
-0.5
-0.5
-0.5
-0.5
-0.5
-0.5
-0.5
-0.5
-0.5
-0.5
-0.5
-0.5
-0.5
-0.5
-0.5
-0.5
-0.5
-0.5
-0.5
-0.5
-0.5
-0.5
-0.37081468865441614
-0.2592003488183136
-0.16694158201413745
-0.08110325612439617
-0.0011821884061236076
0.07094360190647064
0.13317001388112382
0.1813398466824645
0.1942671955799955
0.18606136699140718
0.16586387810403824
0.1395250191280425
0.11072339133659781
0.08171237600936598
0.05381688168186305
0.02776305937617518
0.0038964032829366113
-0.03129531675387481
-0.11624863565207366
-0.21006857808359447
-0.3019605878378773
-0.3875851284170274
-0.4641848298700588
-0.5
-0.5
-0.5
-0.5
-0.5
-0.5
-0.5
-0.5
-0.5
-0.5
-0.5
-0.5
-0.5
-0.5
-0.5
-0.5
-0.5
-0.5
-0.5
-0.5
-0.5
-0.5
-0.5
-0.5
-0.5
-0.5
-0.5
-0.35302557520104527
-0.247344464737963
-0.15629174502313548
-0.07094764022261885
0.008368811382516217
0.07963169799061098
0.14073662493948258
0.18425893491132006
0.19434758271199015
0.18448052283187
0.1633803242210533
0.13662024773223802
0.10769656582619436
0.07874341545114738
0.051008389906204266
0.025168110351959316
0.0015368810505967945
-0.04235566872999341
-0.12886324995478077
-0.22244113360194662
-0.3134365735896192
-0.3977817525686992
-0.4728164649349763
-0.5
-0.5
-0.5
-0.5
-0.5
-0.5
-0.5
-0.5
-0.5
-0.5
-0.5
-0.5
-0.5
-0.5
-0.5
-0.5
-0.5
-0.5
-0.5
-0.5
-0.5
-0.5
-0.5
-0.5
-0.5
-0.5
-0.4909304256740515
-0.3370572820558036
-0.23549751745336311
-0.14546541868509005
-0.06077122053922923
0.017718449543937642
0.08789312189383292
0.14766682940142617
0.1865872763241726
0.19388909353722517
0.18241408679872617
0.16046301516003048
0.13333050067620422
0.10432967752213163
0.07547513055920896
0.04793713622900253
0.022342963061057874
-0.001024000492960364
-0.05289439252613637
-0.14085726533943133
-0.23423964456370572
-0.3244281388554706
-0.40760235074976703
-0.48119101962905964
-0.5
-0.5
-0.5
-0.5
-0.5
-0.5
-0.5
-0.5
-0.5
-0.5
-0.5
-0.5
-0.5
-0.5
-0.5
-0.5
-0.5
-0.5
-0.5
-0.5
-0.5
-0.5
-0.5
-0.5
-0.5
-0.5
-0.4665632574681964
-0.3215699516393954
-0.2220348488024393
-0.1329380593829096
-0.04926657320690975
0.027903405084229838
0.09646159204300675
0.1543722599478058
0.18817559998375888
0.19242125829878176
0.17922408240067378
0.15640337082708333
0.12893619811281765
0.09992742479487293
0.07125606438594534
0.0440050644933313
0.01874626447099592
-0.004271382026143744
-0.06272541020669853
-0.1519978255324715
-0.24531935696236473
-0.33490801590894725
-0.41714124931926505
-0.48952014597432325
-0.5
-0.5
-0.5
-0.5
-0.5
-0.5
-0.5
-0.5
-0.5
-0.5
-0.5
-0.5
-0.5
-0.5
-0.5
-0.5
-0.5
-0.5
-0.5
-0.5
-0.5
-0.5
-0.5
-0.5
-0.5
-0.5
-0.4441691537566922
-0.30742671971662705
-0.20980079450444838
-0.1215997582922439
-0.038897383910136085
0.037037047953122015
0.10409378444549522
0.16028360928804564
0.1894619842095242
0.19095177717072798
0.17620787376745317
0.15261256489919606
0.12485476841776821
0.09585041182012288
0.06735558332943947
0.04037409860215757
0.015427616647732956
-0.007266040457287681
-0.0718070943606447
-0.16229431294824376
-0.2555641708852919
-0.3446025445482452
-0.42596954936525544
-0.49723304940082375
-0.5
-0.5
-0.5
-0.5
-0.5
-0.5
-0.5
-0.5
-0.5
-0.5
-0.5
-0.5
-0.5
-0.5
-0.5
-0.5
-0.5
-0.5
-0.5
-0.5
-0.5
-0.5
-0.5
-0.5
-0.5
-0.5
-0.4234253593216672
-0.2941860018259408
-0.19826512842606014
-0.1108543693657913
-0.029023782312853796
0.04578043755405048
0.11144947393243154
0.1660376016939964
0.19077043800110194
0.18960820904973785
0.1733728504226858
0.1490274926997861
0.12098463076775512
0.09197892182002487
0.06364848713022941
0.036921177820498974
0.012270458929941719
-0.010115767149821098
-0.08151492495215718
-0.17334324475985546
-0.2665334501361155
-0.3549439803656639
-0.4353422769564377
-0.5
-0.5
-0.5
-0.5
-0.5
-0.5
-0.5
-0.5
-0.5
-0.5
-0.5
-0.5
-0.5
-0.5
-0.5
-0.5
-0.5
-0.5
-0.5
-0.5
-0.5
-0.5
-0.5
-0.5
-0.5
-0.5
-0.5
-0.40608880817231624
-0.28260687278471885
-0.18787108555323567
-0.10096635631709233
-0.01975846656191782
0.05416496431485962
0.11869701019811207
0.1719293103067322
0.1923711666274004
0.18863470760923484
0.17093753468463224
0.14584238421678664
0.11749754128364853
0.08846425791592694
0.06026767875809802
0.03376278890291373
0.009376720900961755
-0.012731482903952485
-0.091011115680251
-0.1842558270839692
-0.27744911227380975
-0.36531074707432787
-0.444811617929479
-0.5
-0.5
-0.5
-0.5
-0.5
-0.5
-0.5
-0.5
-0.5
-0.5
-0.5
-0.5
-0.5
-0.5
-0.5
-0.5
-0.5
-0.5
-0.5
-0.5
-0.5
-0.5
-0.5
-0.5
-0.5
-0.5
-0.5
-0.3900441110542262
-0.27188178987502126
-0.1782381530441151
-0.09179815353829252
-0.011163448601674175
0.061947486145464636
0.1254294088281408
0.17740847041738605
0.19387521336050362
0.18775311546923612
0.1687003440407151
0.14290897751405496
0.11428270308855237
0.08522223015894737
0.05714809881460958
0.030847820560093053
0.006705617715557999
-0.018302048964831896
-0.10139589769728408
-0.19545524264066994
-0.2883576424060095
-0.3754480404419613
-0.45385637575855053
-0.5
-0.5
-0.5
-0.5
-0.5
-0.5
-0.5
-0.5
-0.5
-0.5
-0.5
-0.5
-0.5
-0.5
-0.5
-0.5
-0.5
-0.5
-0.5
-0.5
-0.5
-0.5
-0.5
-0.5
-0.5
-0.5
-0.5
-0.37219527501611027
-0.2601165277441458
-0.16776227433194468
-0.081884340936907
-0.0019154585849152639
0.07027787567872668
0.13259158805818783
0.18111812440073294
0.1942632483170147
0.1861847687559307
0.16605638655867128
0.13974967219563517
0.11095723166060822
0.08194160450396648
0.05403363645231862
0.02796328128819059
0.004078427204043611
-0.03045231181547753
-0.11528765671662344
-0.20912614693141857
-0.3010864736174899
-0.3868084510344036
-0.4635273205265375
-0.5
-0.5
-0.5
-0.5
-0.5
-0.5
-0.5
-0.5
-0.5
-0.5
-0.5
-0.5
-0.5
-0.5
-0.5
-0.5
-0.5
-0.5
-0.5
-0.5
-0.5
-0.5
-0.5
-0.5
-0.5
-0.5
-0.5
-0.3542665173300771
-0.24817185055952456
-0.1570351298791881
-0.07165660660019324
0.007702009340198601
0.07902511516518851
0.14020833253769427
0.1840554753252721
0.1943425064326726
0.18459151899160042
0.16355437084903945
0.13682368984422477
0.10790849470405939
0.07895125830149619
0.05120497855486883
0.02534973876449742
0.0017020232063018614
-0.041579335291513364
-0.1279775968249236
-0.22157231805530836
-0.31263057373646064
-0.3970654685727078
-0.47220997641162893
-0.5
-0.5
-0.5
-0.5
-0.5
-0.5
-0.5
-0.5
-0.5
-0.5
-0.5
-0.5
-0.5
-0.5
-0.5
-0.5
-0.5
-0.5
-0.5
-0.5
-0.5
-0.5
-0.5
-0.5
-0.5
-0.5
-0.49262917363263886
-0.33814352677817694
-0.23644633780386554
-0.14635186560625185
-0.061588650998686156
0.016991264810601647
0.08727742673565364
0.14718038841889924
0.1864641784298856
0.19398344018329317
0.18263139559946273
0.16074286201692867
0.13363492962533985
0.10463547344463742
0.07576867750146943
0.04821100509726328
0.0225936548623904
-0.0007975402822374411
-0.052218767271478506
-0.14009125937047373
-0.233476721884815
-0.32370527399810084
-0.4069430838736281
-0.4806139755119759
-0.5
-0.5
-0.5
-0.5
-0.5
-0.5
-0.5
-0.5
-0.5
-0.5
-0.5
-0.5
-0.5
-0.5
-0.5
-0.5
-0.5
-0.5
-0.5
-0.5
-0.5
-0.5
-0.5
-0.5
-0.5
-0.5
-0.46812311206123824
-0.32255537263711886
-0.2228873585927868
-0.13372817284172284
-0.049989136029673364
0.027266985860272208
0.0959298660610981
0.15396053103858087
0.18808661954312544
0.19252455946260616
0.17943526850517832
0.1566685511298196
0.1292215966677377
0.10021245380405841
0.07152871634269653
0.044258855101306116
0.018978211652011745
-0.004062087819528659
-0.062088574595494384
-0.15127550234716647
-0.24460046539211294
-0.3342275723753179
-0.4165214505146658
-0.48897850453891334
-0.5
-0.5
-0.5
-0.5
-0.5
-0.5
-0.5
-0.5
-0.5
-0.5
-0.5
-0.5
-0.5
-0.5
-0.5
-0.5
-0.5
-0.5
-0.5
-0.5
-0.5
-0.5
-0.5
-0.5
-0.5
-0.5
-0.4456107387816156
-0.3083373857307964
-0.21058869471677388
-0.12233011126799564
-0.03956545823374963
0.03644841374492014
0.10360172065306106
0.15990225503492705
0.18937841474881467
0.1910456796591089
0.17640141336793214
0.15285603488351973
0.12511700969359285
0.09611242656908214
0.06760628649075373
0.040607499128071156
0.0156409540121335
-0.007073522373425178
-0.07122355888067888
-0.16163283515457938
-0.2549061192055404
-0.3439799421903087
-0.4254026793697948
-0.4967379025299747
-0.5
-0.5
-0.5
-0.5
-0.5
-0.5
-0.5
-0.5
-0.5
-0.5
-0.5
-0.5
-0.5
-0.5
-0.5
-0.5
-0.5
-0.5
-0.5
-0.5
-0.5
-0.5
-0.5
-0.5
-0.5
-0.5
-0.42451132183900014
-0.2949144352087101
-0.19892090926750172
-0.11147956214397753
-0.0296108081184574
0.045247989561749136
0.11098789919272656
