0.0
-0.07199999999999995
0.0
-0.16772863999999987
-0.01639953578666646
-0.06075337208718207
0.0
-0.10251325601647954
0.0
-0.06907651359574701
0.0
-0.037888948076427065
0.0
0.07056620068386477
0.13498326351355502
0.4495476835566269
0.5426390631580307
0.670744030497033
0.7308055861218036
0.7485671629321393
0.7408677248376041
0.7186275633973245
0.6888445330779154
0.655927209960056
0.6225839323009305
0.5904145437031615
0.5603032668973961
0.5326786751885403
0.507684956822524
0.4852940671390096
0.4653785740325727
0.4477584402330238
0.4322305886441449
0.4185871515340894
0.40662633246302915
0.39615849060710734
0.3196551438115587
0.1925521005591051
0.0630289801146166
-0.06827451968953552
-0.29841808957350324
-0.44539432825659053
-0.5711258658906138
-0.6853015352908362
-0.7870414110066488
-0.8727927968575582
-0.8994991135285668
-0.8905836402872169
-0.861245435262014
-0.8212321182894495
-0.7766917707971221
-0.7314080256409257
-0.6876222427090275
-0.6465794631212138
-0.6088897560820922
-0.5747663375784092
-0.524814483108446
-0.43292069040360387
-0.33338308503481184
-0.23572049025295977
-0.14411769716223288
-0.061417545814936095
0.0
0.0
0.0
0.1294678783542386
0.21838076869750767
0.2991592983794854
0.37676046851228795
0.45019944642708665
0.5174247183363095
0.5763896265378782
0.6253212721605782
0.6562821541118643
0.6602286039293092
0.648230243521713
0.6274320439867505
0.6023821282482309
0.5759180066516777
0.549757124688819
0.5248895323024533
0.501838238303911
0.4174868980647999
0.3174885132787317
0.217903863775826
0.12435301536838826
0.04003620793914109
0.0
0.0
-0.12509080538431364
-0.23390166676719323
-0.32499903051706835
-0.41043936237208606
-0.4905231569978468
-0.5632993572819274
-0.6266076657091144
-0.6785533876857275
-0.6982991433311783
-0.6939032345126579
-0.6755961524234353
-0.6499460473132628
-0.6211020212435562
-0.5916234237791224
-0.5630319901119839
-0.5361785612722636
-0.5114858735489171
-0.4891086133137289
-0.41415628028815943
-0.32209738438211144
-0.22944985850265476
-0.14180368586900713
-0.062255335459276334
0.0
0.0
0.11129026633396366
0.2300745124880568
0.3242658830288316
0.41120797937957193
0.49229026106300044
0.5657796086038435
0.629557327563633
0.6817390138670859
0.6975757882944783
0.6909278975928442
0.671432605792462
0.6452662308672271
0.6163203753938883
0.5869863264473191
0.5586771586007705
0.5321743791447532
0.5078573157655963
0.4734065612694206
0.38938270688788523
0.29636031751695413
0.20505244308868475
0.11977331181108625
0.04327314316114857
0.0
0.0
-0.1341079957922025
-0.24259976337599515
-0.3337665107019598
-0.4189236002213501
-0.4982519193185247
-0.5698214093390669
-0.631531300484008
-0.6795773484581538
-0.6925076069408403
-0.6843785533319202
-0.6642977010821488
-0.638093781455444
-0.6094320243846828
-0.5805577918816118
-0.5527914409795363
-0.5268567905709305
-0.5030983983346118
-0.45927499288906976
-0.3729139177929105
-0.27945674968074363
-0.18853242748538357
-0.10420303350465747
-0.029128302398265776
0.0
0.0010680431026973969
0.1565528054944093
0.25811971147963614
0.3480006564678544
0.43268702825012495
0.5113693023895336
0.5819377984985159
0.642290805382105
0.6842335197317179
0.6934007680700051
0.683036008328578
0.6617067856175652
0.6348843633679843
0.605998335937195
0.5771396335842938
0.5495281937106029
0.5238232432260483
0.5003284270987571
0.449526148873609
0.3619709225807015
0.2687811151573384
0.178661568982532
0.09545282135181742
0.021733853883853807
0.0
-0.022850281552642737
-0.17103657721533025
-0.2711143231466452
-0.3603813078419876
-0.4443188644229767
-0.5219360571950067
-0.5911231235909705
-0.6498230543712658
-0.6865252908564301
-0.6925343178872251
-0.6803621254433544
-0.6580914477038841
-0.6308734701353343
-0.6019275698428604
-0.5732075877587604
-0.5458449278106053
-0.5204424174809638
-0.49726847496926524
-0.4403205256863327
-0.351490115014909
-0.2582989309667166
-0.16868684238438886
-0.08631302178904915
-0.013690334256091993
0.0
0.04215064395940149
0.18341716748834186
0.28194588528570663
0.37050767878670626
0.4536596502807409
0.5302462255511993
0.598158039415617
0.6553781299046817
0.6878909821638611
0.6913951393108971
0.6778087078075012
0.654821060276398
0.627323908879774
0.5983664190186087
0.5697916110615607
0.5426594811426849
0.5175275127413069
0.4946359359846064
0.4328566046244543
0.3430155008546396
0.24981818639625625
0.16060559378058603
0.0788947277434314
0.0071463048688358705
0.0
-0.058697394468323005
-0.19403493058960447
-0.2912392531259029
-0.37920098610928843
-0.4616848059649363
-0.5373937466834788
-0.6042185001387662
-0.6601761506981662
-0.6891130900392853
-0.6904767707728228
-0.6756794847682348
-0.6520755450581108
-0.6243356210115857
-0.595363852205254
-0.5669088148615988
-0.539969630285476
-0.5150651089341732
-0.49241142381715436
-0.42620591721948825
-0.33547272261846817
-0.24230404766516966
-0.15348444752745044
-0.0723986362341059
-0.0014589450233566947
0.0
0.07283229740657593
0.20308326392639928
0.2991431038706197
0.38658134989097337
0.46848471747450976
0.5434355072897996
0.6093246939826016
0.6641986701312822
0.6900920200219439
0.689636476837154
0.6738126166055182
0.6496888105884074
0.6217471186226426
0.5927679601200699
0.5644193652561112
0.5376485596046319
0.5129414038943703
0.49049359172675105
0.41981781463787254
0.3282171097086416
0.23510876591079205
0.14670737801607708
0.06626208097840024
0.0
0.0
-0.08422525108116583
-0.21074870210744168
-0.30605934629435216
-0.3931866773560388
-0.47469789228217457
-0.5490827141774739
-0.6142332014627226
-0.6682201537264335
-0.6912414234104323
-0.6890595441737091
-0.6722521194813844
-0.6476204930298612
-0.6194704821462309
-0.590466801885285
-0.562202069065787
-0.5355748434857266
-0.5110400170915803
-0.48877397108149145
-0.4138038444631114
-0.32130174048518956
-0.22817369465522613
-0.14010062139533758
-0.06020573661529319
0.0
0.0
0.09441898046609287
0.21761001481456735
0.31225003233387705
0.39909772827842505
0.4802559483040515
0.5541317836585664
0.6186184105416999
0.6718086059746659
0.6922507417729525
0.6885195840968392
0.6708304190925239
0.6457445155153895
0.6174092484976863
0.5883853246234464
0.5601975792302899
0.5337008392068607
0.5093221738936854
0.48722062059799376
0.4083913979406388
0.31507381730626
0.22192217805219053
0.13413896962935473
0.05473458881008893
0.0
0.0
-0.10373184909837149
-0.22387194576982508
-0.3178964892333327
-0.40448726350009867
-0.485322393631052
-0.5587333523595774
-0.622614271122854
-0.6750779379861437
-0.6931752642743907
-0.6880352915510196
-0.6695440417077273
-0.6440446060197149
-0.6155403657210746
-0.5864975004492361
-0.5583792404446484
-0.5320006623429975
-0.5077635444716655
-0.4858111564040165
-0.40345045584025085
-0.30939251466333095
-0.21622560374630145
-0.12871313333947398
-0.04976189449780985
0.0
0.0
0.11237429257421411
0.22966705172696594
0.3231123871370085
0.4094591443305615
0.48999025094024296
0.5629668588550725
0.6262839963458307
0.6780730317983164
0.6940106138449427
0.6875737089027882
0.6683447448367178
0.6424656540424326
0.6138070637794263
0.5847480123445752
0.5566949444465868
0.5304263018311072
0.5063205589988732
0.4795675129428025
0.39617412951086606
0.30217536630048314
0.20946177446981623
0.12263317371017415
0.0445399503616517
0.0
0.0
-0.12188991492472301
-0.23589282905471012
-0.3286254323142397
-0.4146532403766531
-0.49481340602671126
-0.567287979463614
-0.6299728585128335
-0.6800990349819481
-0.6942218298806814
-0.6867160773599658
-0.666899498587176
-0.6407389046441473
-0.6119895911832682
-0.5829551028982954
-0.554992877349544
-0.5288499081954927
-0.5048848181265191
-0.4730633922081266
-0.3887342927496304
-0.29484389788328585
-0.20262417310903416
-0.11651854307000134
-0.039321530594160214
0.0
0.0
0.13180019591712175
0.24248672610491512
0.33454010270584345
0.4202860463421159
0.5001032573325701
0.572091496706528
0.6341466826131009
0.6816827991265781
0.6942254250743816
0.6857967004913917
0.6654803327806263
0.6390884131722326
0.6102744264922487
0.5812753494074688
0.5534054734819055
0.5273841657394818
0.5035526642796884
0.4669514641132227
0.3817563884838822
0.28798612748081287
0.1962480533188354
0.11083706942046377
0.03449459209668411
0.0
0.0
-0.14113288246991937
-0.24872284188014596
-0.34015167757795545
-0.42564410310235457
-0.505148506739383
-0.576687197997876
-0.6381559205625488
-0.6832396145666578
-0.6942836016435469
-0.6849771897596587
-0.6641832184563893
-0.6375677218944739
-0.6086880491014844
-0.5797182967620486
-0.5519319807339707
-0.5260223409955904
-0.5023141581725645
-0.46118990991060554
-0.37518394947901496
-0.2815364881198686
-0.1902619856894684
-0.10551427383119205
-0.029984319801735715
0.0
0.0
0.14993040755827977
0.2546021120291451
0.34544244419085757
0.43069591663271245
0.509905356406385
0.5810200875926468
0.6419357054262214
0.6847057701210408
0.6943360417109845
0.684201782539843
0.6629574324621963
0.6361312148984635
0.6071897720055759
0.578247872417225
0.5505405605011598
0.5247364264274615
0.50114472460085
0.4557253851832359
0.3689496827354205
0.2754190227389966
0.184584756473901
0.10046673886904617
0.02570803390557376
0.0
-0.0017283533612512947
-0.1582285253111292
-0.2603720123411226
-0.35066649305904407
-0.43565350128852326
-0.5145292777613468
-0.5851834393699924
-0.6455150047915459
-0.6860256724331771
-0.6942801403120743
-0.683344796900035
-0.6616691783463359
-0.6346460655015319
-0.6056530021387677
-0.5767465250436592
-0.5491239573515865
-0.5234297556390817
-0.49995800559837794
-0.45036705001695776
-0.3628424457544627
-0.2694247129451234
-0.17901871451849655
-0.09551423750736979
-0.021507765967400477
0.0
0.013938334946905384
0.16602631327686404
0.2671768670280106
0.3570192071030893
0.44150709370325275
0.519731869858553
0.589583081333042
0.6489847864065778
0.6868924767312151
0.6935898222069382
0.6817745728839311
0.6596520855029139
0.632454063890942
0.6034523792102037
0.5746347605103506
0.547154188074528
0.5216269550808277
0.4983296342623914
0.44512958582905077
0.3569031390027425
0.26353389061819854
0.17346709931626697
0.09048315182177412
0.017138687397994387
0.0
-0.026342965822100772
-0.17392511604440797
-0.2740522869734743
-0.36342371336238327
-0.44739508262434513
-0.5249511636372519
-0.593981559674808
-0.6524358638711738
-0.6877268153183733
-0.6928603868432872
-0.6801630161085234
-0.6575941295787909
-0.6302232169833987
-0.6012157467697313
-0.5724901789694411
-0.5451548664047087
-0.5197977695669708
-0.49667785351220783
-0.4401343578606939
-0.35124424724762804
-0.2579074682140688
-0.16814677773002307
-0.0856420020006827
-0.012912997263398396
0.0
0.038156938160598175
0.18140613807269587
0.2805361379953113
0.36944212028506485
0.45290772999735046
0.5298160393701778
0.5980568956152182
0.6556043922467389
0.6884373226579662
0.6921050949180496
0.6785839232014348
0.6556013115290039
0.6280738103537334
0.5990666004256162
0.5704328815427694
0.543238986769362
0.5180462221195328
0.495097008753599
0.4353401877076048
0.3458087634311591
0.2524992317313813
0.16302899966596934
0.08098146537998004
0.008841236378667891
0.0
-0.04947262085534007
-0.1885533592510634
-0.2867190570669534
-0.37517273380895616
-0.45814891967527027
-0.5344331268728879
-0.601915466099653
-0.6585935288058271
-0.68908890400807
-0.6913637432218355
-0.6770607296118762
-0.6536865118668865
-0.6260120108641588
-0.5970069231483617
-0.5684623232013394
-0.5414045510423546
-0.5163695512570338
-0.49358401052877293
-0.4307590105025796
-0.3406149005778596
-0.24733107557062917
-0.15813798522755862
-0.07652697452667487
-0.004948996795844124
0.0
0.060299216987592746
0.19539277565056418
0.29263652431496007
0.3806580176476715
0.4631664581976973
0.5388540105159658
0.6056110229691951
0.6614575551372267
0.6897160839588291
0.6906578452084016
0.6756064323825934
0.6518571995106641
0.6240417403343358
0.595038397921095
0.5665788076404624
0.5396510444572465
0.5147667861947393
0.49213766315845947
0.4263008229808717
0.3355608294702034
0.2423077183158739
0.153390802684563
0.07221073208545321
0.0011853368226748123
0.0
-0.07086321216002664
-0.20208167159285353
-0.29843227765078584
-0.38603566582550775
-0.4680896962491439
-0.543195715911657
-0.6092443976858639
-0.6642778095025756
-0.6903343322238018
-0.6899637433181156
-0.674175533015622
-0.6500570621236326
-0.6221027738054357
-0.5931010844119101
-0.5647251182045163
-0.537925282229339
-0.5131893659780504
-0.490714177938901
-0.4214264935535846
-0.3300268889196001
-0.23683054464559805
-0.1482445053643977
-0.0675641482353835
0.0
0.0
0.08025158603175594
0.20827465265316575
0.3039466875326373
0.39125194259845125
0.4729518924038041
0.5475703798847793
0.6129989769305253
0.66729987091899
0.6911182271347673
0.6894071028070312
0.6728597698132
0.6483541104994394
0.6202463634122272
0.5912342609410401
0.5629318646310492
0.536251505628423
0.5116567783974101
0.48932943514954225
0.41642533910661605
0.32429006928813975
0.23110205005669646
0.1428137938992586
0.06261318879713286
0.0
0.0
-0.08898599656218067
-0.21410243639687085
-0.30917428904783056
-0.3962222980033595
-0.4776066712538035
-0.5517799642653057
-0.6166347233217678
-0.6702519824629382
-0.6919133314360678
-0.6889085904284367
-0.6716270551550334
-0.6467452175354178
-0.6184864284173844
-0.5894612079599779
-0.5612268010065602
-0.5346588971694843
-0.5101977950494007
-0.48801073882249735
-0.41165649937642795
-0.3188095134929681
-0.22561843243364735
-0.13760419282555839
-0.057852757107941605
0.0
0.0
0.09740192415002208
0.21972597215028117
0.3142239684584313
0.4010275387603882
0.4821107513562541
0.5558575021426655
0.6201612224245241
0.6731210511869039
0.6926991049018025
0.6884441931288265
0.6704523724132453
0.6452058478923807
0.6167997613954541
0.5877604837283764
0.5595904315983923
0.5331299294062836
0.5087967858047572
0.4867442337471295
0.40710036997981425
0.3135749036762489
0.22038119497034814
0.13262868662060973
0.05330614682791626
0.0
0.0
-0.1054544270117333
-0.2251090604595156
-0.3190590850046316
-0.4056294943198997
-0.4864250685148518
-0.5597640373897884
-0.6235406811421893
-0.6758714629418394
-0.6934539059219741
-0.6880013526363685
-0.6693290038050898
-0.6437329812586059
-0.6151856302244254
-0.5861327236642219
-0.5580241633567229
-0.5316663998339233
-0.5074556995436943
-0.4851052894066584
-0.4025068171583588
-0.30839611588341864
-0.21523992246560264
-0.12777497468352234
-0.04890046948580243
0.0
0.0
0.11328858441445327
0.2303323945356572
0.3237425828968077
0.41008160541645894
0.49059402578315087
0.5635340445757528
0.6267967628388629
0.6785154941278604
0.6941708276645111
0.6875622538028959
0.6682335238387891
0.6423009151892958
0.6136180993565817
0.5845529626710626
0.5565046631060874
0.5302469238676154
0.5061552020673296
0.47916900008593977
0.39570946671942697
0.301691733532405
0.20898120017233374
0.12217190914847664
0.04411215339805634
0.0
0.0
-0.12219721501578498
-0.23615842816380544
-0.3289005931985236
-0.4149409540277986
-0.4951064680321123
-0.5675771907487874
-0.6302489790101946
-0.6802387064788286
-0.6942758558440808
-0.6867177812240406
-0.6668705736470447
-0.6406933266131386
-0.6119362324098435
-0.5828994768122991
-0.5549383005326751
-0.5287982727626472
-0.5048371035737447
-0.4730642805444435
-0.388728530124293
-0.2948208123797875
-0.2025828705469119
-0.11646058787554323
-0.03924935180905792
0.0
0.0
0.13159659159858553
0.24240068210765015
0.33449304883615816
0.420262411004139
0.5001000888606688
0.5721079533876019
0.6341818612752289
0.6817275585344467
0.6942738699030268
0.685845230626415
0.6655268421154801
0.6391317579615002
0.6103140738092188
0.5813111457817597
0.5534374935937018
0.5274126143225447
0.5035778132837604
0.467224944266146
0.3820642731861233
0.2882767752475971
0.19650462648162936
0.11105109587903506
0.034660578419169474
0.0
0.0
-0.1405838840366875
-0.24839232189924854
-0.33987633112537574
-0.4253966859961255
-0.5049294345000184
-0.5765017453810154
-0.6380093227437909
-0.6832056132536084
-0.6943168074125212
-0.6850482276850588
-0.6642733194096583
-0.6376651113486789
-0.6087855397568566
-0.5798116869176065
-0.5520189915509999
-0.5261019138173924
-0.5023859920980902
-0.46163630764103647
-0.3756903989213867
-0.2820254136727239
-0.19070649386859376
-0.10589958873009983
-0.030299988906280217
0.0
0.0
0.14915451218420928
0.25410902542098224
0.3450141467945845
0.4302977726614128
0.5095401453792597
0.5806972409777617
0.6416646354603186
0.6846163895891617
0.6943565813779351
0.6842856392437868
0.6630746884297094
0.6362629731146205
0.6073243778510515
0.5783783980954824
0.5506631342661561
0.5248491264611401
0.5012468498406689
0.45628042341021
0.3695808267619515
0.27603259334234076
0.1851475793444188
0.1009600779219224
0.026118309353492047
0.0
-0.00033549280468764264
-0.15735794936453357
-0.25962434558756375
-0.34997718214609363
-0.43502626209418
-0.5139799541852403
-0.5847278635849511
-0.6451661344931546
-0.6859545846391976
-0.6943743105798809
-0.6835314599444983
-0.6619018928824697
-0.6348957449552597
-0.6059019361143445
-0.5769844024770381
-0.5493452283271641
-0.5236318875483453
-0.5001403359981192
-0.4511213086725876
-0.3636968405536691
-0.27026044446443176
-0.17979237449652857
-0.09620042004660614
-0.022087557278729755
0.0
0.012121178446646952
0.16489128717180826
0.2662027475377885
0.35612175486648345
0.4406911517187705
0.5190180896267196
0.5889920799570172
0.6485334124939215
0.6868037012661123
0.6937165919883843
0.6820218122453534
0.6599591302196216
0.632782934360557
0.6037799641128129
0.5749476176859837
0.5474450956847802
0.52189263208686
0.4985692410433019
0.4458887124651981
0.3577630420445514
0.2643864366533233
0.17427034958189197
0.09121093430210117
0.017770582508232338
0.0
-0.024437502298527147
-0.1727234752821026
-0.27301388164122403
-0.36246194870608145
-0.4465159668439749
-0.5241771665300989
-0.593335123030269
-0.651935489663907
-0.6876168085669486
-0.6929830483074685
-0.6804163222548134
-0.6579129244905242
-0.6305666554179169
-0.6015589236483497
-0.5728185608859263
-0.5454605971015382
-0.5200772274417899
-0.49693004452298045
-0.4409188569143663
-0.3521325278523864
-0.25878867886381174
-0.1689777603701655
-0.08639572281448878
-0.01356831266929645
0.0
0.036243523286145135
0.18020324325111403
0.27949921964176183
0.3684837656244795
0.4520337341245202
0.5290487382433623
0.597418571263569
0.6551133447512668
0.6883359573534595
0.6922356289327258
0.6788443169672211
0.6559264332554315
0.6284228613488481
0.5994147332711858
0.570765624520927
0.5435485450312164
0.5183290326878934
0.4953521320847094
0.4361291630787868
0.3467030380922292
0.25338772536294696
0.16386825995868276
0.08174413581257721
0.009505838567060942
0.0
-0.04756449026163767
-0.18735294053198093
-0.2856836762132463
-0.3742153277899134
-0.4572753309026842
-0.5336656906592953
-0.6012764688409752
-0.65810129040736
-0.6889859838720199
-0.6914925762101751
-0.6773194095506904
-0.6540099854140551
-0.6263595223405937
-0.5973536456191603
-0.568793791400759
-0.5417129681041136
-0.5166513473264306
-0.4938382366396692
-0.4315389457861306
-0.34149883206079745
-0.24820959843791363
-0.1589682182991754
-0.07728186904669651
-0.0056072891211981085
0.0
0.0584245436332404
0.19421170676745708
0.29161672986954745
0.3797142110040981
0.46230452081837853
0.5380960142324063
0.604978994602266
0.6609696275074443
0.6896122643788488
0.6907827743649182
0.6758596204905463
0.6521744881536498
0.6243829260410131
0.5953789822561502
0.5669045091761944
0.5399541578393159
0.5150437752574347
0.4923875774186323
0.42714294912679474
0.3365154863059232
0.24325179351656145
0.1542772051854187
0.07301048126001342
0.0018760344120698907
0.0
-0.06882325934739594
-0.2007798620713513
-0.29729886697080093
-0.38498087562293337
-0.46712163423112935
-0.5423398330852643
-0.6085260065650469
-0.6637179029891361
-0.6902129812793175
-0.6901036864661992
-0.6744621010061137
-0.6504170321211628
-0.6224902518551819
-0.5934880947673614
-0.5650953429846667
-0.5382699079762273
-0.5135043378576463
-0.490998393159802
-0.42240938751210666
-0.331148176889943
-0.23794578346589734
-0.14929779449997582
-0.0685205956419818
0.0
0.0
0.0785288614421841
0.20712482433032262
0.3029149520342702
0.3902706632737397
0.4720325649838784
0.5467385685741237
0.6122800654153523
0.6667155372871935
0.6909590092404118
0.689502945800167
0.6731004790635904
0.6486691513827163
0.6205913722247567
0.591582050648252
0.5632664393532477
0.5365640876112266
0.5119431797891407
0.4895883272833724
0.4173818794497719
0.3253887932892887
0.23219960836644932
0.14385449236975603
0.06356204896090771
0.0
0.0
-0.08730182295379196
-0.21298005258299546
-0.3081683142891093
-0.3952664093696835
-0.47671200324761764
-0.5509714078121204
-0.6159369794152422
-0.6696861161380547
-0.6917620802098223
-0.6890059278054488
-0.6718654152149288
-0.6470557648128948
-0.6188258830127568
-0.5898030610329319
-0.5615554690593092
-0.534965842000183
-0.5104789572056455
-0.4882648476448614
-0.41257595423792953
-0.31986611226330913
-0.2266755053266007
-0.13860832081034313
-0.05877018380040437
0.0
0.0
0.09576939808146734
0.21863557576132253
0.31324510224463514
0.4000962170233342
0.4812379247641207
0.5550674469287145
0.6194780457454377
0.6725653508728742
0.6925468482778824
0.688534043902551
0.6706797802741818
0.6455038863568492
0.6171263318245681
0.588089783153201
0.5599072746479193
0.5334259792958569
0.5090680610269627
0.4869894661541114
0.40798552918466596
0.31459165473371564
0.22139804202468727
0.13359426692039955
0.054188028855199244
0.0
0.0
-0.10388619519987921
-0.22406137070015794
-0.3181184580418704
-0.4047345218971671
-0.4855863041613771
-0.5590048283641801
-0.6228842081386682
-0.675337531568099
-0.6933079805365346
-0.6880882488978756
-0.6695481603345894
-0.6440200271060211
-0.6155000761440137
-0.5864497548667235
-0.5583291776998057
-0.5319513823858006
-0.5077168242739609
-0.4857679245009575
-0.40358777658111156
-0.30953911502670073
-0.21634327698642047
-0.12879246379945236
-0.0498005131872189
0.0
0.0
0.11165587096749666
0.22925419535365535
0.32278191123876
0.40917251106794883
0.48974634858428767
0.5627710827319178
0.6261416527239374
0.6779878687485356
0.6940336668628283
0.6876589765087612
0.6684627076776122
0.6425976778193098
0.6139416661284373
0.5848783775461545
0.5568172729054652
0.5305387174846696
0.5064223891729123
0.4804103963233827
0.3971293777122864
0.30308950605587537
0.21028308065571788
0.12333428241764212
0.04510215896215748
0.0
0.0
-0.12031415660196487
-0.2349186996532337
-0.3277975678154645
-0.41389762274029207
-0.4941336142617113
-0.5667012380394966
-0.6294962359073429
-0.6799725030075363
-0.6943051495323944
-0.6869183953895294
-0.6671626794334763
-0.6410264003259797
-0.6122790202466265
-0.5832333120830949
-0.5552526638667137
-0.5290878516500339
-0.5050998529784247
-0.4742740542276399
-0.39011229044385465
-0.29618345511468464
-0.20385254178033865
-0.11759470991877459
-0.040215803036710754
0.0
0.0
0.12972955893864524
0.24116082108876827
0.3333819449476506
0.41920465647000604
0.49910687456736647
0.5712060377764565
0.6333980344694176
0.6814272506685045
0.6942687502335818
0.6860127193029542
0.6657879878825415
0.6394364572500321
0.6106312078513118
0.5816220106674699
0.5537314337236275
0.5276841289495487
0.5038246467929728
0.4683723538506333
0.38337252735122856
0.2895598971443897
0.19769481962832852
0.11210869090907993
0.035555968145952715
0.0
0.0
-0.13881801658343
-0.24721364678356902
-0.33881648486765936
-0.4243852736682512
-0.5039775627946574
-0.5756351863474477
-0.6372538799201172
-0.6829130135773706
-0.6943069923872386
-0.6852039776703461
-0.6645191140284128
-0.6379530047963115
-0.6090857354667882
-0.5801062587984305
-0.5522977107153765
-0.5263594829776835
-0.5026202200384897
-0.46273977604419536
-0.3769489405767506
-0.2832595746975839
-0.19185093795410796
-0.10691613723497864
-0.031160173199827224
0.0
0.0
0.14746363971115936
0.252981713740389
0.34400131751652924
0.42933185331901014
0.508631682347162
0.579870828680639
0.6409448912222635
0.6843391434174652
0.6943495832469845
0.6844367645555524
0.6633117098187191
0.6365400449001432
0.6076130173386219
0.5786614778362458
0.550930889045845
0.5250965072596282
0.5014717773200669
0.45733827641745933
0.3707875980210571
0.277216352434393
0.18624567652074261
0.10193586648471023
0.02694443904962865
0.0
0.0
-0.15574511336588215
-0.2585045128490068
-0.3489642290017803
-0.4340656376970617
-0.5130845815561146
-0.5839222865955482
-0.6444742310972668
-0.6857003925083075
-0.6943865873586675
-0.6836988307573081
-0.6621526974564689
-0.6351845738506361
-0.6062006478472026
-0.5772761407530501
-0.5496204466046016
-0.5238857155001114
-0.5003708420070844
-0.4521650689486138
-0.36488633951079125
-0.27142765488194537
-0.180875863655995
-0.0971641278931891
-0.022904510259550787
0.0
0.009739282096053792
0.163370954424322
0.26487654117294357
0.354884049938779
0.43955103919373273
0.5180051310749174
0.5881358501624572
0.6478586009931434
0.6866358053572538
0.6938518983439848
0.6823284156522257
0.6603526893590766
0.6332104837912238
0.6042091217645055
0.575359403812283
0.547829167298861
0.5222441313702711
0.49888672078284313
0.44683925104974004
0.3588407468439201
0.26545958324319063
0.17528688130639766
0.0921377421610181
0.018581488595371037
0.0
-0.022123643331776244
-0.17124660077043477
-0.2717262637822647
-0.3612610463982099
-0.4454105419390575
-0.5231958257188796
-0.5925064679519375
-0.6512833667078832
-0.6874553365934399
-0.6931150059786183
-0.6807140126444748
-0.6582947013311707
-0.6309812496007379
-0.6019749938072003
-0.5732177406880005
-0.5458328812636998
-0.5204179204259902
-0.49723775202525894
-0.4418488786393384
-0.353185511423896
-0.25983498808735583
-0.16996651674826008
-0.087294800577559
-0.014352448099638801
0.0
0.034051699179053596
0.17881854031311112
0.27830124419508123
0.36737343444781584
0.45101828943853645
0.5281543064716779
0.5966712191781716
0.6545345794648227
0.6882106793856517
0.6923805327522947
0.6791408243876497
0.6562988261954906
0.6288236826669288
0.5998150550524597
0.5711485741767048
0.5439050101803911
0.5186548217055139
0.4956461059100837
0.4370235236472761
0.34771740569979204
0.25439722718299906
0.1648237260301466
0.08261440123749683
0.010266317380953127
0.0
-0.04544916307234925
-0.1860177884767373
-0.2845292459859381
-0.37314576231966917
-0.4562974865613127
-0.5328046708575921
-0.6005573277820472
-0.6575446896361321
-0.6888654024694632
-0.6916317749254315
-0.6776043807095651
-0.6543679289105577
-0.6267448094264204
-0.5977384624454902
-0.569161914744286
-0.5420556358576933
-0.5169645285246616
-0.49412083529178547
-0.43239456929383063
-0.3424687932087186
-0.2491746581468028
-0.15988142583641263
-0.07811347155893437
-0.006333821671505174
0.0
0.0563991790260891
0.1929323026322327
0.290509828420275
0.37868817709092817
0.461365998617094
0.5372691118675353
0.6042877762760328
0.6604339548100616
0.689494930654021
0.6909147568389884
0.6761315723725457
0.6525165788895814
0.6247513819962413
0.5957471147120245
0.567256745723662
0.5402820824169154
0.5153435101959871
0.49265806091726955
0.42796285154841646
0.33744490484481504
0.24417639764052756
0.1551519995995237
0.07380696682619022
0.0025717430594491414
0.0
-0.06688412219496714
-0.19955509242086883
-0.2962393491781149
-0.3839988573638936
-0.4662234675494873
-0.541548590589046
-0.6078647173453656
-0.66320557098978
-0.6901010961838019
-0.6902304361266017
-0.6747228053784619
-0.6507448426587338
-0.6228432658103066
-0.5938407655895853
-0.5654327661288618
-0.5385840297556346
-0.5137914491107628
-0.49125748018543186
-0.4232966065982936
-0.3321542045305632
-0.2389400855216552
-0.1502306026620146
-0.06936138236015903
0.0
0.0
0.07700277334665617
0.20610117759166668
0.30199340824537035
0.3893921081742609
0.4712076481706282
0.5459903511319454
0.6116314462519018
0.6661861300549232
0.6908117535379638
0.6895851495011064
0.673313179698201
0.6489489869995144
0.6208984750181689
0.5918919744202878
0.5635647871625263
0.5368429455517257
0.5121987577074779
0.48981940501091814
0.41824339218625206
0.32637897582393366
0.23318899318592007
0.14479279273996282
0.0644176851821805
0.0
0.0
-0.08579767670528682
-0.21197746642149676
-0.30726964515011046
-0.394412482414618
-0.4759128034164417
-0.5502491983513392
-0.6153138478768059
-0.6691808966174336
-0.6916277629820782
-0.6890939483851285
-0.6720795255294111
-0.647334376159084
-0.6191302755440253
-0.5901095223616193
-0.5618500628823317
-0.5352409358634483
-0.5107309257542467
-0.488492560351625
-0.41339491089022506
-0.3208075113952724
-0.22761792777107387
-0.1395042002812763
-0.05958939160179123
0.0
0.0
0.09431825398168503
0.21766530146837698
0.31237343035178844
0.3992664150972051
0.4804598071886847
0.5543626664496231
0.6188681080233164
0.6720686452814539
0.6924096533421944
0.6886126568403999
0.6708810708581614
0.6457682322879192
0.6174162233186132
0.5883822245522777
0.5601887276918407
0.5336890064771602
0.509309105011428
0.48720738740828606
0.4087690903997181
0.31549170334828003
0.22229834602787246
0.13444938550762692
0.054969244443295456
0.0
0.0
-0.10250135738366192
-0.22313558295584496
-0.3172869093416272
-0.40394308233941045
-0.4848443484227588
-0.5583330224278532
-0.6223030707667914
-0.6748646010148822
-0.6931783286758567
-0.6881646036063627
-0.6697415650785733
-0.6442735371349918
-0.615777871231514
-0.586729879838005
-0.5585987113244408
-0.5322032305626765
-0.507947598627132
-0.48597654536868296
-0.40433945225955015
-0.31040277822444634
-0.21720736332142868
-0.12961334369925706
-0.05055060287762869
0.0
0.0
0.11032827303383985
0.2283670502548359
0.3219852946672451
0.40841447327317615
0.4890358452323182
0.5621278976811693
0.6255854284122205
0.6775353899543564
0.6939099236235239
0.6877324945450473
0.6686482895292949
0.642840786780179
0.6142079982720742
0.5851469085237326
0.5570756306803553
0.5307801108441277
0.5066435758637546
0.4814159124339545
0.39828106409688
0.30422598454170363
0.211344607696259
0.12428522684222393
0.04591549050517507
0.0
0.0
-0.11880866837381299
-0.2339359975900011
-0.3269287605086675
-0.4130800490583112
-0.49337529364984445
-0.5660227277720619
-0.6289179561095078
-0.6797781418254752
-0.6943432895657132
-0.6870906888245417
-0.6674059672685171
-0.6413007686096753
-0.6125598331322323
-0.5835059072664304
-0.5555088291841009
-0.5293234922054989
-0.505313453075894
-0.4752475633486663
-0.39122649647972224
-0.297281869670392
-0.20487733811132972
-0.11851148645031447
-0.04099852399157067
0.0
0.0
0.1282263529253671
0.24016327130342247
0.33248836336445997
0.4183542007471246
0.4983084806413326
0.5704811871521245
0.6327682381961461
0.6811858380144462
0.6942644538863837
0.6861470821897763
0.665997594945527
0.6396810636772097
0.6108858173662847
0.5818715986464097
0.5539674400384225
0.5279021339697186
0.5040228375095542
0.4692902366485267
0.3844188627863615
0.29058603699793384
0.19864657410672937
0.11295435363055041
0.03627187773464856
0.0
0.0
-0.13740552431040953
-0.24627028796597364
-0.3379678944202095
-0.4235752243374119
-0.5032149834750531
-0.5749407321856486
-0.6366482323695052
-0.6826780283719488
-0.6942985000268395
-0.6853281194721504
-0.664715417464067
-0.6381830750128794
-0.6093257091541697
-0.5803417772354387
-0.552520578499521
-0.5265654537550989
-0.5028075348774722
-0.4636224027619999
-0.377955589126293
-0.28424669712047507
-0.1927662746343714
-0.10772915354040624
-0.03184810210884034
0.0
0.0
0.1461124625619929
0.25208083055546643
0.34319189762144997
0.42855990961821244
0.5079056487121099
0.5792103637823571
0.6403696715061876
0.6841176113187635
0.6943440567530406
0.6845576211318619
0.6635012175608007
0.6367615592593735
0.6078437722829401
0.5788877837379641
0.5511449409882118
0.5252942700068592
0.5016515893001234
0.4581835749929874
0.3717519275766462
0.2781623484800909
0.1871232764980877
0.10271578058463443
0.02760480391931726
0.0
0.0
-0.15444803670179574
-0.25763944993769305
-0.34818681867422024
-0.43332407924353095
-0.5123869833520183
-0.5832875329539785
-0.6439212262570201
-0.685486947907624
-0.6943805529075181
-0.6838141813034021
-0.6623340152176532
-0.6353966802409561
-0.606421684924284
-0.5774929624359115
-0.5498255554387698
-0.5240752327203848
-0.5005431676567782
-0.45297443141410326
-0.36580956672437137
-0.2723332429876683
-0.18171589417811299
-0.09791057198272231
-0.02353645044381307
0.0
0.007889617991627684
0.16218820854586077
0.2638434286147662
0.3539188521960493
0.4386609894266126
0.5172133445146957
0.5874654579202208
0.6473289458358013
0.6865017721275104
0.6939546270710948
0.6825650302697813
0.6606573977796368
0.633541958100128
0.6045420844483561
0.5756790292992582
0.5481273665087498
0.5225170944680531
0.4991332995656492
0.4475748991961388
0.3596748051494426
0.2662902842562858
0.17607396565328876
0.09285557836886696
0.019209797262670122
0.0
-0.020328354896924167
-0.17009973203755974
-0.2707257433260698
-0.3603274568288555
-0.44455075888053236
-0.522432114116179
-0.591861090907006
-0.6507749000169822
-0.6873284032794595
-0.693216303978156
-0.6809442756831268
-0.6585904553963496
-0.6313026315852942
-0.6022976301986652
-0.5735273438337309
-0.5461216632597035
-0.5206822215053907
-0.49747647940330864
-0.44257004670710587
-0.3540019453250598
-0.2606461798508833
-0.17073302598143095
-0.08799172840042742
-0.014960217186497274
0.0
0.032353261684183565
0.17774557125062038
0.277372994715025
0.3665131248635531
0.45023153196701055
0.5274613459265343
0.596092253204716
0.6540862715263268
0.688113793849359
0.6924930116817706
0.6793707730641433
0.6565875660607122
0.6291344370187847
0.6001254070121642
0.5714454494557788
0.5441813483994032
0.5189073758507721
0.49587399451273845
0.4377169382108891
0.348503902875967
0.2551799878313683
0.16556462273143419
0.08328926526165509
0.010856080201491078
0.0
-0.04380933230410816
-0.18498279616913596
-0.283634369604446
-0.37231668686334046
-0.45553952431508016
-0.5321372797695653
-0.5999999275911867
-0.6571132947636399
-0.6887719843450538
-0.6917397210618772
-0.6778253178725286
-0.6546454261807212
-0.6270434979156617
-0.5980367825644654
-0.5694472914099494
-0.5423212774755543
-0.5172073108322439
-0.4943399090503749
-0.43305771486916456
-0.3432205538086026
-0.24992262776330382
-0.16058921723484532
-0.07875802472588035
-0.006896949388443527
0.0
0.05482951572090039
0.1919407281594865
0.2896519269737416
0.37789293572019383
0.4606385690956801
0.5366281803705992
0.6037519950470276
0.6600187191630659
0.6894039365462806
0.6910170022054367
0.6763423071229518
0.6527816800908681
0.6250369222202541
0.5960324082757513
0.5675297227123964
0.5405362195076681
0.5155758016037797
0.49286768334614756
0.42859823164380845
0.33816515208895565
0.24489291435900173
0.15582991745882552
0.07442420072606211
0.0031108815295498166
0.0
-0.06538153666601829
-0.19860603994979326
-0.2954183404315054
-0.38323789720676027
-0.4655274790529999
-0.5409354530249483
-0.6073522762567723
-0.6628085529316674
-0.6900143861877582
-0.6903286456653043
-0.6749248176518048
-0.6509988565387774
-0.623116810703115
-0.5941140453450885
-0.5656942311079439
-0.5388274390661794
-0.5140139284469651
-0.4914582439649402
-0.4239840743366612
-0.3329337333856208
-0.23971053211443524
-0.15095340379569122
-0.07001288322231997
0.0
0.0
0.07582032685871815
0.20530802549463936
0.3012793636356197
0.3887113692853263
0.4705684672676026
0.54541059709792
0.6111288623155047
0.665775913960437
0.690697645326103
0.6896488369097382
0.6734779824197656
0.6491658094810451
0.6211364259469743
0.5921321117893393
0.563795955551602
0.5370590128718951
0.5123967871310787
0.48999845104751594
0.41891088852123193
0.32714616611237185
0.233955568321225
0.1455197909158033
0.06508063831282734
0.0
0.0
-0.08463230779708247
-0.21120068573456452
-0.306573373374138
-0.3937508735270487
-0.47529359398929166
-0.5496896377756003
-0.6148310494221174
-0.6687894528712442
-0.6915236897760099
-0.6891621400312832
-0.6722454103390281
-0.6475502360242859
-0.6193661108207736
-0.5903469609735695
-0.5620783071279298
-0.5354540721779514
-0.5109261452209047
-0.4886689870152309
-0.41402940011382044
-0.32153686408723614
-0.22834807526656153
-0.14019829054846286
-0.06022408215535614
0.0
0.0
0.09319400241221498
0.2169135923243455
0.3116981098743189
0.39862353133188655
0.4798569640359606
0.5538166393604034
0.6183955584982433
0.6716838205273389
0.6923033581093473
0.6886735581112414
0.6710370164329346
0.6459730300583316
0.6176408127330746
0.5886087898051799
0.5604067800502686
0.5338927837379221
0.5094958511186938
0.48737621948800014
0.40937613191443806
0.3161889906509555
0.2229958325555927
0.1351118673729373
0.055574473398733476
0.0
0.0
-0.10142851251765855
-0.22241836503936385
-0.3166426977689486
-0.4033299426755042
-0.4842695435499344
-0.557812562667129
-0.6218528523869977
-0.6744982112626667
-0.6930778825249477
-0.6882237542210554
-0.6698913964448172
-0.644469933255182
-0.6159930816002138
-0.58694689541877
-0.5588075218176061
-0.5323983400369752
-0.5081263820355091
-0.4861381662624712
-0.40492177408666785
-0.31107185694930223
-0.21787677079885698
-0.13024928022405569
-0.05113169926129239
0.0
0.0
0.10929979813171736
0.22767978717963816
0.321368162038844
0.40782722651391695
0.4884854223647991
0.5616296251862493
0.6251545232145205
0.6771848551832278
0.693814058513465
0.6877894467617491
0.668792057103579
0.6430291204401216
0.6144143229565506
0.5853549367799991
0.5572757779502797
0.5309671160011784
0.5068149271401862
0.4821948651526295
0.39917325221649513
0.30510639223836394
0.21216695291955123
0.12502190678284975
0.04654556525602102
0.0
0.0
-0.11764240706113657
-0.23317472316117602
-0.32625571653298036
-0.4124466938753518
-0.492787839843437
-0.5654971006309485
-0.6284699746769925
-0.6796275732885897
-0.6943728344174493
-0.6872241593148922
-0.6675944355908967
-0.6415133143508718
-0.6127773714677266
-0.583717079641347
-0.5557072738167105
-0.5295060368656097
-0.5054789235799009
-0.4760017096835302
-0.39208963642191147
-0.29813277697162227
-0.2056712162660309
-0.11922168561158325
-0.041604875003133646
0.0
0.0
0.12706187337874197
0.23939050403555578
0.3317961358128626
0.41769538074768336
0.497689990659318
0.5699196682411944
0.6322803542989948
0.6809988221235677
0.694261124255846
0.6862511673995138
0.6661599694530365
0.6398705511556309
0.6110830540206391
0.5820649453889233
0.5541502656114071
0.5280710146219177
0.5041763687535207
0.4700012830591231
0.3852294163275415
0.2913809461599884
0.1993838602845036
0.1136094551546982
0.036826465057689994
0.0
0.0
-0.13631132764780546
-0.24553950764965965
-0.3373105265285127
-0.4229477122052827
-0.5026242440192663
-0.574402766134427
-0.6361790608313252
-0.6824959938263462
-0.6942919202921809
-0.6854242860824287
-0.664867484831083
-0.6383613002141709
-0.609511606255423
-0.5805242231166161
-0.5526932245105773
-0.5267250104121993
-0.5029526396011594
-0.4643061325051385
-0.37873539287027247
-0.2850113751007636
-0.1934753437779963
-0.10835896007364948
-0.032381009452343484
0.0
0.0
0.14506577130569812
0.2513829594515583
0.34256487833161664
0.42796192106785336
0.5073432242705329
0.5786987321195298
0.6399240750618707
0.6839460000922083
0.694339774972658
0.6846512424373404
0.6636480197593885
0.6369331555390639
0.6080225268647277
0.5790630919060202
0.5513107566354782
0.5254474672210346
0.5017908809349021
0.4588383847383734
0.37249894461816085
0.2788951636442384
0.1878031088796
0.10331994084619878
0.028116355612963828
0.0
0.0
-0.15344325931042396
-0.2569693305055284
-0.34758459886713844
-0.4327496318352388
-0.5118465895172498
-0.5827958214182297
-0.6434928411817925
-0.6853216027967138
-0.6943758778605014
-0.683903537042372
-0.6624744724241098
-0.6355609878636161
-0.6065929107314402
-0.5776609228283747
-0.5499844425189737
-0.5242220418041408
-0.5006766593363683
-0.4536014007378113
-0.3665247409488745
-0.2730347532584748
-0.18236662065020953
-0.09848880221321864
-0.024025980782812817
0.0
0.006456785714914842
0.16127200045977988
0.26304313296575577
0.3531711662471102
0.43797151634049636
0.5165999904111602
0.5869461412207048
0.6469186503418947
0.686397943416464
0.6940342049862434
0.6827483223302482
0.660893438439723
0.6337987328742283
0.6048000122213456
0.5759266255052846
0.5483583649748796
0.5227285439195282
0.49932431054930315
0.44814476449273677
0.3603209032908227
0.2669337817679333
0.17668367586549263
0.09341164601314922
0.019696513015445283
0.0
-0.018937647715283723
-0.16921131823964497
-0.26995069703747676
-0.3596042579796956
-0.44388473364351017
-0.5218405098880721
-0.591361153657249
-0.6503810193707195
-0.6872300749341784
-0.6932947735193801
-0.681122647156311
-0.6588195590816094
-0.631551587791835
-0.602547558146155
-0.5737671756855087
-0.5463453661659096
-0.5208869604500516
-0.4976614078661215
-0.4431286938852991
-0.35463438943888415
-0.26127456322655807
-0.17132679643349258
-0.08853159820431461
-0.015431020915213561
0.0
0.03103758189153316
0.1769144049738128
0.2766539341241962
0.3658466932667536
0.44962207683215916
0.5269245497336853
0.5956437618955405
0.6537389933193521
0.688038742092804
0.6925801423805403
0.6795489007403419
0.6568112358575449
0.6293751601694029
0.6003658184669667
0.57167542132482
0.5443954114172808
0.5191030147441406
0.4960505264579432
0.43825408550785305
0.3491131557832072
0.25578634630377883
0.1661385517122543
0.08381204266089669
0.011312934753782686
0.0
-0.04253905331690758
-0.1841810493220699
-0.282941162147324
-0.37167445141745425
-0.45495237599924265
-0.5316202915023968
-0.5995681426930759
-0.6567791186587332
-0.688699618750532
-0.6918233404041197
-0.6779964646592392
-0.6548603867321015
-0.6272748740554167
-0.5982678733592017
-0.5696683556892862
-0.5425270541939794
-0.5173953798084437
-0.4945096124287973
-0.4335714139703604
-0.3438028976601757
-0.25050203499005785
-0.16113750083045886
-0.07925732147932078
-0.007333170749355411
0.0
0.053613592407113886
0.19117261525798637
0.2889873624502769
0.37727691014427256
0.4600750732413341
0.5361316892943593
0.60333695752068
0.6596970610121042
0.6893334487971775
0.6910962054483141
0.6765055505667831
0.6529870379584529
0.6252581129756275
0.596253407965364
0.5677411814995145
0.5407330841661458
0.5157557437323697
0.4930300651864633
0.4290904220799088
0.3387230839633481
0.24544795643659092
0.15635505935709235
0.0749023344557081
0.003528519478142575
0.0
-0.06421757524833363
-0.19787086679943358
-0.29478235492323485
-0.3826484276619345
-0.4649883390791882
-0.5404604926081163
-0.6069553192554359
-0.6625010071144103
-0.689947217162436
-0.6904047225648858
-0.6750813042238147
-0.6511956255990798
-0.6233287092566738
-0.5943257385177573
-0.5658967720961391
-0.5390159934298121
-0.5141862696356717
-0.4916137634354385
-0.4245166135603239
-0.33353758673028266
-0.24030734999814646
-0.15151331366887516
-0.07051756114718877
0.0
0.0
0.07490435807754517
0.20469361916406142
0.3007262370037753
0.38818404253875527
0.47007333293357745
0.544961497107568
0.6107395412631694
0.6654581446098617
0.6906092526351797
0.6896981716095312
0.6736056449685458
0.6493337685582189
0.6213207519427708
0.5923181314897908
0.5639750275350195
0.5372263869839389
0.5125501883907931
0.4901371470410555
0.41942795691106044
0.32774046128618817
0.23454938698575162
0.14608295175459268
0.06559418740241132
0.0
0.0
-0.08372956829074274
-0.21059896156188504
-0.3060340144834106
-0.39323836583252914
-0.47481393053893556
-0.5492561806119912
-0.6144570551430079
-0.6684862254571636
-0.691443070643094
-0.6892149638842385
-0.6723739110780061
-0.6477174493665048
-0.6195487978873505
-0.5905308900469975
-0.5622551138928927
-0.5356191757594654
-0.5110773697238067
-0.4888056538907662
-0.4145208997707141
-0.322101848624263
-0.22891367549787991
-0.1407359594789667
-0.060715737800913064
0.0
0.0
0.09232311419643585
0.2163312896862681
0.3111749808069585
0.3981255289749128
0.47938997866267197
0.5533936658773124
0.6180295035416415
0.6713857205292915
0.6922210177369252
0.6887207345494079
0.671157817827123
0.6461316742340181
0.6178147882749934
0.5887842959085232
0.5605756917410744
0.5340506373929984
0.5096405117916207
0.4875070032706404
0.40984636941546154
0.3167291359821489
0.22353613221994603
0.1356250510973813
0.056043306842031154
0.0
0.0
-0.10059744606078014
-0.2218627807375964
-0.3161436669530066
-0.40285498133821596
-0.48382427779737824
-0.5574093947041482
-0.621504096069276
-0.6742143917894474
-0.6930000730974781
-0.688269574529209
-0.6700074615187602
-0.6446220691625244
-0.616159791742215
-0.5871150039477531
-0.5589692743740166
-0.5325494792629963
-0.508264874469606
-0.48626336395956293
-0.4053728627010727
-0.31159015075485474
-0.21839531927272066
-0.1307419008304618
-0.051581838614462125
0.0
0.0
0.10850310244833111
0.22714740711592263
0.32089010767607995
0.4073723228765086
0.4880590439090409
0.5612436443864156
0.6248207276784696
0.6769133176290045
0.6937397977504278
0.6878335641039874
0.6689034249193628
0.6431750108389825
0.6145741498869105
0.5855160833623922
0.5574308196219449
0.5311119772936539
0.506947662342736
0.48279827144581133
0.39986437494338584
0.30578838940680575
0.21280397269971835
0.12559256699237875
0.047033645048877526
0.0
0.0
-0.11673897689576024
-0.2325850111615417
-0.3257343511793275
-0.4119560729608439
-0.49233277587128327
-0.5650899299332305
-0.6281229512840543
-0.6795109371903864
-0.6943957209728945
-0.6873275506070358
-0.6677404302874741
-0.6416779603285845
-0.6129458848985734
-0.583880661758441
-0.5558609965429103
-0.5296474428712095
-0.5056071032977646
-0.47658589996329004
-0.39275825727397057
-0.29879192195945714
-0.206286184321902
-0.11977183275572532
-0.04207457744379653
0.0
0.0
0.12615982349647714
0.23879188928788556
0.3312599101713318
0.41718503385693717
0.4972108849231787
0.5694846944494304
0.6319024209720953
0.6808539525344561
0.6942585449920713
0.6863317957343236
0.6662857508831345
0.6400173353190263
0.6112358409893087
0.5822147190852097
0.554291889212247
0.5282018359600475
0.504295299859801
0.470552086472602
0.3858573017242744
0.2919967128309558
0.19995499001625885
0.11411692155009208
0.037256069356553526
0.0
0.0
-0.13546372158881617
-0.24497341761299815
-0.3368013045262025
-0.42246161760026096
-0.502166634916877
-0.5739860373033894
-0.6358156228276792
-0.6823549829852712
-0.6942868233766
-0.6854987803677344
-0.6649852819548668
-0.6384993601850112
-0.6096556091701884
-0.5806655525862705
-0.552826962630915
-0.526848609024735
-0.5030650432003372
-0.46483577537342485
-0.37933945828650395
-0.28560372353040886
-0.19402461550464478
-0.10884683199122226
-0.03279381960059967
0.0
0.0
0.1442549647597799
0.2508423621560478
0.3420791655234964
0.42749869656499273
0.5069075490676014
0.5783024029191952
0.6395788992334058
0.6838130635554
0.6943364581410808
0.6847237650317656
0.6637617382812369
0.6370660804922621
0.6081609969091643
0.5791988922285107
0.5514392036932594
0.5255661395644268
0.501898781491773
0.4593456250690684
0.3730776121991047
0.27946282991591054
0.18832973268985292
0.10378794617836005
0.028512622855432435
0.0
0.0
-0.15266492084691494
-0.2564502307170983
-0.3471180966881479
-0.4323046432030741
-0.5114279800669367
-0.5824149231124324
-0.64316099794049
-0.6851935202344024
-0.6943722563907128
-0.6839727553666609
-0.6625832758729705
-0.6356882667447418
-0.606725548699414
-0.5777910312831008
-0.5501075224438949
-0.5243357656575258
-0.5007800670262319
-0.45408707481662414
-0.3670787418698901
-0.27357816956621145
-0.18287069791309618
-0.09893672115425584
-0.024405189443745992
0.0
0.005346859817237648
0.16056227113458038
0.26242319378319723
0.35259198052093166
0.4374374244919466
0.516124863195778
0.586543858923377
0.6466008199803432
0.6863175137800912
0.6940958490378601
0.6828903072694484
0.6610762844331995
0.6339976402943469
0.6049998127980316
0.5761184228608007
0.5485373050953971
0.522892340636331
0.4994722748584197
0.4485862036323573
0.3608213952656789
0.2674322591972975
0.17715598037946068
0.09384239697229357
0.02007354138551444
0.0
-0.017860353518470956
-0.16852311942759637
-0.26935031697028844
-0.3590440408927768
-0.44336880539106227
-0.52138223095375
-0.5909738834190358
-0.6500759045746606
-0.6871539060904468
-0.6933555589824736
-0.6812608204214984
-0.6589970314305716
-0.631744438652166
-0.6027411617537514
-0.5739529584769171
-0.5465186548682308
-0.5210455589530468
-0.49780466042324933
-0.44356144304229356
-0.35512430448330223
-0.2617613326703596
-0.17178675340247157
-0.08894980170015072
-0.015795723226618708
0.0
0.030018406748753584
0.17627055225643795
0.27609692269504205
0.36533045023922633
0.44914996991877915
0.5265087271744762
0.5952963436265178
0.6534699785330265
0.6879806041732397
0.6926476371023993
0.6796868851499929
0.6569844989100545
0.6295616333924348
0.6005520502387343
0.5718535662001205
0.5445612326970316
0.519254564002821
0.496187274754615
0.4386701800429592
0.34958510604090176
0.256256054423337
0.1665831387258846
0.08421700573226343
0.011666831504151778
0.0
-0.04155504735573168
-0.18355998600812248
-0.28240417753381764
-0.3711769516440603
-0.4544975487920686
-0.5312198129121118
-0.5992336658424445
-0.6565202532567079
-0.6886435616339927
-0.69188811509661
-0.6781290414079898
-0.6550269032737613
-0.627454106730358
-0.5984468849951818
-0.5698396004087112
-0.542686456592774
-0.517541065122975
-0.49464107105936544
-0.43396934464694653
-0.34425400314651244
-0.2509508656562749
-0.1615622219595666
-0.0796440955550775
-0.007671084249878779
0.0
0.05267169240328903
0.1905776060686329
0.28847256573514957
0.3767997135263038
0.45963856812445275
0.5357470886026678
0.6030154538171282
0.659447892490402
0.6892788463308984
0.69115755926363
0.6766320050877637
0.6531461158986465
0.6254294556671931
0.5964246026502241
0.5679049854419046
0.5408855829467248
0.5158951336838129
0.49315585227709624
0.42947169133242274
0.3391552790104455
0.2458779129382923
0.15676185405362858
0.07527271485410932
0.0038520375657341566
0.0
-0.06331592689012047
-0.19730137398445582
-0.2942896965919043
-0.3821918023479707
-0.4645707009466843
-0.5400925703779198
-0.6066478214090874
-0.6622627705391801
-0.6898951855049684
-0.6904636545967767
-0.6752025246169303
-0.6513480503250444
-0.6234928538580478
-0.5944897240233784
-0.566053667974934
-0.5391620547423785
-0.5143197716122248
-0.4917342346754266
-0.42492913850209685
-0.33400535427637795
-0.24076966761123825
-0.15194704094685885
-0.07090850367764329
-6.112773273543592e-05
0.0
0.0741434668633405
0.20418851161419505
0.3002745821404138
0.3877555200882371
0.46967277021205167
0.5445999677478652
0.610428042981266
0.6652060416637582
0.6905420038008064
0.6897417468600082
0.6737120822738885
0.6494723759785752
0.6214722327936931
0.592470667241191
0.5641216711562389
0.5373633328066274
0.5126756276773715
0.4902505144343181
0.41984307203968896
0.328217007016778
0.23502532964609008
0.14653417999767882
0.06600555466481296
0.0
0.0
-0.08300480417789774
-0.21011564708765884
-0.305600645712657
-0.3928264546011765
-0.4744283004239225
-0.5489075712526807
-0.6141561235216167
-0.6682420628926472
-0.6913777327975851
-0.6892568474227052
-0.6724766248737399
-0.647851305577198
-0.619695130070057
-0.5906782646908976
-0.5623968093493235
-0.5357515088976065
-0.5111985890541725
-0.48891521073262906
-0.4149163094955316
-0.32255631425131187
-0.22936848759219441
-0.14116814625428709
-0.06111076683870177
0.0
0.0
0.0916240188835726
0.21586404742595172
0.3107553467014195
0.3977261496191224
0.47901557091342556
0.5530546501421227
0.6177362278584171
0.6711470301369875
0.6921554205796521
0.6887590226534364
0.6712551412979798
0.6462593218910128
0.6179546989566607
0.5889253986741816
0.5607114702991153
0.5341775133953143
0.5097567753252945
0.4876121085451904
0.41022444642446554
0.3171634711318139
0.22397063881013624
0.13603779676930638
0.05642042700069802
0.0
0.0
-0.09992914503241773
-0.2214160254317859
-0.31574239370436175
-0.40247306377327563
-0.4834662375744382
-0.5570852030500705
-0.6212236535166984
-0.6739861608580072
-0.692937471040453
-0.688306370755942
-0.6701007363708674
-0.6447443478048268
-0.6162937913759199
-0.5872501313227323
-0.5590992949152341
-0.5326709698702051
-0.5083761999961128
-0.4863640031898089
-0.4057353562820721
-0.31200663763281017
-0.2188120030807177
-0.13113774358590458
-0.05194353979590584
0.0
0.0
0.10786279692505021
0.2267195052199011
0.3205058535627991
0.4070066650559866
0.48771630395989796
0.5609333661518439
0.6245523868655717
0.6766950117587356
0.693680066662357
0.6878689892151446
0.6689929097794598
0.6432922485717629
0.6147025931540727
0.5856455904155679
0.5575554222918835
0.5312283994231981
0.507054339692496
0.48328327314778374
0.40041987908436494
0.3063365544648167
0.2133159817562622
0.12605123403181762
0.04742593280392997
0.0
0.0
-0.11601286461815513
-0.2321110477475014
-0.3253153226214495
-0.4115617567961971
-0.4919670397849156
-0.5647626887216659
-0.6278440535499172
-0.6793502741077216
-0.6943761098787954
-0.6873911506142739
-0.6678499119775844
-0.641809565702714
-0.6130847953415406
-0.5840179115160429
-0.555991420470601
-0.529768315759984
-0.5057172411365577
-0.4770985550433091
-0.39334435802189177
-0.29936852335541225
-0.20682283809839053
-0.12025056389062695
-0.0424818645842948
0.0
0.0
0.1253711548119965
0.23826810889101985
0.3307907155714685
0.41673867565197137
0.49679215268827914
0.5691049302307029
0.6315729603237875
0.6807299644041312
0.6942598429724757
0.6864062054228965
0.6663996829958987
0.6401494874240403
0.6113729950799827
0.5823489424276403
0.5544186741350933
0.528318867355815
0.5044016418562017
0.47104514979425155
0.38642027314312594
0.2925498156856512
0.2004690193294848
0.11457469818620514
0.03764471291310889
0.0
0.0
-0.134704643766701
-0.24446771971944814
-0.3363471716955748
-0.42202864425163333
-0.5017595137754289
-0.5736157736943244
-0.6354932345169249
-0.6822307165978236
-0.6942835622248947
-0.6855663254161755
-0.6650912959021266
-0.6386233167074313
-0.6097847553448789
-0.5807922192811001
-0.5529467768638596
-0.5269593093459999
-0.5031656977834738
-0.46530689599924896
-0.3798767665143115
-0.28613073289723473
-0.19451345315503255
-0.10928119385519036
-0.03316153874614103
0.0
0.0
0.1435319671903926
0.250360050683569
0.3416456523596595
0.4270851256940787
0.5065184499840258
0.5779483106042527
0.6392703599355485
0.6836938941794042
0.6943329653594947
0.6847879764066624
0.6638627491981909
0.637184272542654
0.6082841798806672
0.5793197340911584
0.5515535224288626
0.5256717711944503
0.5019948329025903
0.4597972962967266
0.3735928270322442
0.27996817793619666
0.18879846895259522
0.10420443014976227
0.0288651841670578
0.0
0.0
-0.15197232549412662
-0.2559883378419484
-0.34670302220679117
-0.4319087261865697
-0.5110555497548969
-0.5820760624497173
-0.6428658000533751
-0.6850796472597385
-0.6943691357451724
-0.684034447228872
-0.6626801860535873
-0.6358016095889346
-0.6068436522577829
-0.5779068760133915
-0.5502171053100956
-0.5244370160594733
-0.5008721312519058
-0.4545196630377573
-0.36757220710619526
-0.2740622193625031
-0.1833197176355964
-0.09933572731615418
-0.024742999512199132
0.0
0.00435828389402193
0.15993017250880237
0.2618710856772143
0.35207618227856097
0.4369617990997424
0.5157017623226938
0.5861856426862947
0.6463178237252144
0.6862459304063817
0.6941507850108445
0.6830167866060547
0.6612391486424658
0.634174804396318
0.6051777690356581
0.5762892489061779
0.5486966785305645
0.5230382258139022
0.49960405845931155
0.449075119571515
0.36137592773124977
0.26797825381773843
0.17766565710393206
0.09429903004435294
0.020464403766986397
0.0
-0.016746073837587555
-0.16781740323954056
-0.26873834477562025
-0.35847561739021055
-0.44284773166317815
-0.5209219189832511
-0.5905877354222955
-0.6497750227531108
-0.6870849714311235
-0.6934250226780215
-0.6814081449719477
-0.6591835408727976
-0.6319458743349878
-0.6029427197719476
-0.5741459881301955
-0.546698468024524
-0.5212099816470989
-0.49795307971907304
-0.4440129387699383
-0.35563615497695
-0.2622704779890169
-0.1722683956938772
-0.08938824609378881
-0.01617860188009794
0.0
0.028937326725761825
0.17558382502743367
0.2755002873453439
0.3647755269499102
0.44864059787759947
0.5260580425327673
0.5949174716834792
0.6531738139215417
0.687910929467214
0.6927132052886188
0.6798286376093382
0.6571646948799733
0.6297565920111453
0.6007473120099408
0.57204067384348
0.5447355950702784
0.5194140436770635
0.4963312584665378
0.43910630141874174
0.3500792210079525
0.25674734348897643
0.16704769892811178
0.08463972031580055
0.012035797074557028
0.0
-0.04052471278255093
-0.18290892485964125
-0.2818407938167105
-0.3706546741001764
-0.45401978389097736
-0.5307988463979519
-0.5988817585962377
-0.6562475258147369
-0.6885839909782604
-0.6919555696853523
-0.6782678006770524
-0.655201384080651
-0.6276420044009114
-0.598634601146838
-0.5700192013308607
-0.5428536552482132
-0.5176938870453566
-0.4947789765676198
-0.4343881168524387
-0.34472884131849163
-0.2514233384271714
-0.16200932689269648
-0.08005125796338249
-0.008026809770681528
0.0
0.05168130363703183
0.18995225662038293
0.28793171026053765
0.376298506627639
0.45918023909425754
0.5353434080287415
0.6026781696922985
0.6591866966350215
0.6892220075311707
0.6912224901065251
0.6767652790193205
0.6533136158395686
0.6256097969334385
0.5966047486897652
0.5680773312380301
0.5410460199800607
0.5160417706862575
0.4932881735493959
0.42987258458162
0.3396097502281334
0.24633007689247238
0.15718970920501912
0.07566232080290643
0.004192401080077152
0.0
-0.062367370859911536
-0.19670222123522985
-0.29377135613503014
-0.38171135301635817
-0.4641312519649112
-0.5397054101094755
-0.6063242173417599
-0.6620120216098246
-0.6898403375326313
-0.6905255529634914
-0.6753299618486714
-0.6515083249320732
-0.6236654671090114
-0.5946621782103588
-0.5662186712232371
-0.5393156665039
-0.5144601766436406
-0.4918609363617872
-0.42536291203905896
-0.3344971998266031
-0.24125576983929026
-0.15240306993654185
-0.07131953624887648
-0.0004156564690262349
0.0
0.0730995609943256
0.2035188801919986
0.29968956036052075
0.3872097604713748
0.46917075861032354
0.5441550168607527
0.610053383196974
0.664912682388628
0.6904770851683499
0.6898130074245246
0.6738598310386842
0.6496584899050363
0.6216728111137043
0.5926711347587151
0.5643135206843629
0.5375419638490749
0.5128389175330396
0.4903978780030653
0.4203488382041561
0.3287950138202741
0.2356015912663812
0.1470798642503342
0.06650252837966747
0.0
0.0
-0.08212169537184913
-0.2095257364597537
-0.30507102733339136
-0.39232252671801005
-0.4739559952147724
-0.5484800289132391
-0.6137863926567422
-0.6679412934865051
-0.6912953274160388
-0.6893054825944689
-0.6725997126279747
-0.6480126218954152
-0.6198718890400627
-0.5908565004534942
-0.5625683028329225
-0.5359117478349705
-0.5113454184752078
-0.48904794427416415
-0.4154018191384469
-0.32311405227348894
-0.2299259718975708
-0.1416971438578511
-0.06159349987351151
0.0
0.0
0.09077261769964551
0.21529590143637903
0.3102456720932816
0.397241529763275
0.4785616976161008
0.552644163140032
0.6173816718377029
0.6708591126558228
0.6920778238817146
0.6888075640853489
0.6713752762966297
0.6464161417726949
0.6181262518284153
0.5890982360229436
0.5608776833889026
0.5343327661593629
0.5098990031411789
0.48774066140453576
0.4106876313809479
0.31769581277008047
0.22450340672700558
0.136544090850385
0.05688322527113722
0.0
0.0
-0.09910988735578177
-0.22086843416047444
-0.3152505790084915
-0.4020049777797098
-0.4830274116021789
-0.5566878515771883
-0.620879905966861
-0.6737063853439478
-0.6928605826125209
-0.6883512489592334
-0.670214811483453
-0.6448939667076365
-0.6164577841123672
-0.5874155213546023
-0.5592584443262713
-0.532819684383805
-0.508512475377029
-0.4864871997009852
-0.4061785940960807
-0.31251583787696696
-0.21932140875551281
-0.13162164077130828
-0.052385673259908935
0.0
0.0
0.10707948624026695
0.22619591169572723
0.3200355927113774
0.4065591081719297
0.4872967474894102
0.5605534942156052
0.6242238005553926
0.6764276265123997
0.6936067778525822
0.6879121797135387
0.6691022813992261
0.6434356034439673
0.6148596777711536
0.5858039909266611
0.5577078328632734
0.5313708090187553
0.5071848325754232
0.4838767923171838
0.40109966779139944
0.3070073427987447
0.21394250426400552
0.12661246123616504
0.04790591318281448
0.0
0.0
-0.11512447236541432
-0.23153117916838195
-0.324802678869323
-0.41107935860815165
-0.491519618053411
-0.5643623729213003
-0.627502891958904
-0.6790784150156159
-0.6943093723499505
-0.6874470515462707
-0.6679750486642808
-0.6419697969048561
-0.6132586852094115
-0.5841923587436704
-0.5561587501146142
-0.5299243493370219
-0.5058600203778617
-0.47777441779084906
-0.39411638781599706
-0.3001268147052145
-0.207527252324043
-0.12087754802277563
-0.043013786781154584
0.0
0.0
0.12433440208882404
0.23757914897339724
0.33017355290579053
0.4161517510776072
0.49624186681442434
0.5686062666521781
0.631140871362715
0.6805697403312941
0.6942652242214759
0.6865080705798923
0.6665535485084654
0.6403271562157243
0.6115569844515593
0.582528772804687
0.5545884028965802
0.5284754550133252
0.5045438740356023
0.471705173384666
0.38717479220617723
0.2932921144165879
0.2011599069993623
0.11519102978517701
0.03816907469596878
0.0
0.0
-0.13368818985903852
-0.24379183489109302
-0.3357409775085428
-0.42145123513796406
-0.5012170669642821
-0.5731229303666041
-0.6350646508071127
-0.6820663478678918
-0.6942805081090233
-0.6856576093438591
-0.665233778466332
-0.6387896200192926
-0.6099578743653985
-0.5809619322639341
-0.5531072596334177
-0.5271075544061703
-0.5033004708987946
-0.4659345206247854
-0.38059255383738333
-0.2868329253407789
-0.19516494081108918
-0.1098602509124655
-0.03365194175075374
0.0
0.0
0.14256698687023223
0.24971604935609965
0.3410666377625081
0.42653261600443343
0.5059985074991624
0.5774750123409764
0.6388577997257031
0.6835342021258948
0.6943277618369019
0.6848732162030889
0.6639971709949437
0.6373416812976026
0.6084482969123244
0.5794807664297293
0.5517058825935587
0.5258125661092433
0.502122866461742
0.4603994964927987
0.3742796886321099
0.28064181269253735
0.1894232238114753
0.1047594621742663
0.02933494572368152
0.0
0.0
-0.15104939015758861
-0.25537285335315457
-0.3461499420758243
-0.43138118896838284
-0.5105593240801217
-0.5816245839098264
-0.6424725173414065
-0.6849280045282471
-0.6943650808521569
-0.6841167566422948
-0.6628094203536641
-0.635952734026014
-0.6070011125588898
-0.5780613181529098
-0.5503631953119602
-0.5245719952395352
-0.5009948626003523
-0.45509654238675856
-0.368230287987522
-0.2747077566815867
-0.18391854971369406
-0.09986787022495722
-0.025193538165399196
0.0
0.003039996854511201
0.15908729084942222
0.2611348905813602
0.35138841936223436
0.43632761680958315
0.515137629263203
0.5857080386875859
0.6459405284981791
0.6861505258773407
0.6942240752426714
0.6831854675283371
0.6614563406752901
0.6344110600576317
0.6054150776144602
0.5765170472227644
0.5489092034591762
0.5232327633536491
0.49977979109559895
0.44974577386005726
0.3621366221521313
0.26872624631494507
0.17836268072594652
0.09492219037461218
0.020996360839701134
0.0
-0.015229961670890912
-0.16685821204001156
-0.26790718943278613
-0.3577040500011543
-0.4421408460498784
-0.5202978957011396
-0.5900647403317422
-0.649368090388339
-0.6869928183883374
-0.6935206326224341
-0.6816093291432561
-0.6594377965346372
-0.632220275505726
-0.6032171781365976
-0.5744087696725316
-0.5469432182901558
-0.5214337589691349
-0.4981550610096423
-0.44462789897529054
-0.35633343904993536
-0.26296417228068625
-0.17292470675378754
-0.0899857791275582
-0.016700492943664463
0.0
0.027461887978624422
0.17464597324832082
0.2746850589749502
0.3640169748581853
0.447944005594367
0.5254413791325747
0.5943986945692634
0.652767839216134
0.6878145252957563
0.6928017035536367
0.6800213429712838
0.6574100350910815
0.6300222031251573
0.6010134285903842
0.5722957313088869
0.5449733115606467
0.5196314904677535
0.49652759002287966
0.43970065707591294
0.35075252052189015
0.25741671294552815
0.1676805756000369
0.08521551668373965
0.012538305793101667
0.0
-0.03912072283446852
-0.1820216282431562
-0.28107291172065485
-0.36994276621467737
-0.453368503423661
-0.5302249444985353
-0.5984019523910658
-0.6558756157583091
-0.6885026724233086
-0.6920474261589407
-0.6784568721577682
-0.6554391620756853
-0.6278980818058532
-0.598890439437888
-0.5702639842123132
-0.543081537700852
-0.5179021766629224
-0.4949669369458201
-0.4349591080943911
-0.3453762954633086
-0.25206757217533754
-0.16261897269101194
-0.08060644132465225
-0.008511856718785946
0.0
0.05033105776344615
0.18909973481050205
0.28719440835631266
0.37561527819259627
0.4585554832741812
0.5347931690165114
0.602218460680759
0.6588307273392376
0.6891446111163859
0.6913110825012747
0.676947028936662
0.6535420150869641
0.6258556943550299
0.5968503734217657
0.5683123167307441
0.5412647661093425
0.5162416998591121
0.49346858330832205
0.4304191411867712
0.34022935729178255
0.24694654601836652
0.15777304444132095
0.07619351559341836
0.004656466606969542
0.0
-0.06107407736368223
-0.19588531065462303
-0.29306462455368226
-0.3810562807519536
-0.46353207846850997
-0.5391775265666752
-0.6058829865442693
-0.6616701224281509
-0.6897655378530376
-0.6906099308461084
-0.6755036993046278
-0.6517268355807391
-0.6239008021812098
-0.5948972977828199
-0.5664436331754265
-0.5395250980292238
-0.5146516026545945
-0.4920336796425483
-0.4259542985786651
-0.3351677563813286
-0.24191849412363586
-0.1530247920795802
-0.07187991107600948
-0.0008989957118260561
0.0
0.07167635422337346
0.20260593671333654
0.29889196788300926
0.38646569509772566
0.46848633639103604
0.5435483878721027
0.6095425852903944
0.6645127254396149
0.6903885754720176
0.6899101593374681
0.6740612641831593
0.6499122288078947
0.62194627038627
0.5929444431315604
0.5645750797745301
0.5377855015036445
0.5130615397292918
0.49059878702462
0.42103838479764916
0.3295830515746646
0.23638724972325115
0.14782383435772034
0.0671800878663325
0.0
0.0
-0.0809176960508205
-0.20872147437532432
-0.30434896620943575
-0.3916354915905205
-0.4733120737211116
-0.547897135853226
-0.6132823179524932
-0.6675312385417906
-0.6911829813931594
-0.6893717920122504
-0.672767527621277
-0.6482325560384407
-0.6201128769097575
-0.5910995015504568
-0.5628021116078057
-0.5361302124526978
-0.511545600948133
-0.4892289088556801
-0.41606374624834774
-0.32387445326191355
-0.2306860272446995
-0.1424183616727274
-0.062251642390137404
0.0
0.0
0.08961184517930898
0.21452130969811178
0.30955079826120063
0.39658081469968437
0.4779429013427613
0.5520845182615413
0.616898281372172
0.6704665749434817
0.691972030601204
0.6888737433996626
0.6715390639555766
0.6466299444314593
0.6183601410002991
0.5893338764471555
0.5611042925530411
0.5345444324099484
0.5100929116368911
0.4879159259422517
0.4113191213626514
0.31842158843656265
0.22522976349275936
0.1372343540638341
0.05751418778725745
0.0
0.0
-0.09799294033918188
-0.22012186744398937
-0.3145800560628719
-0.40136680568022925
-0.48242913156241557
-0.5561461163929808
-0.6204112524737925
-0.6733249490683396
-0.6927557555298599
-0.688412434267447
-0.6703703374547868
-0.6450979518514557
-0.6166813660467815
-0.5876410083188557
-0.5594754230508093
-0.5330224365374356
-0.5086982684546948
-0.48665516150697397
-0.40678288919798833
-0.3132100638819248
-0.2200159148348093
-0.13228136945345664
-0.05298846272328324
0.0
0.0
0.10601154770866358
0.22548206253790765
0.31939445548215384
0.4059489247557808
0.48672473887448864
0.5600355901233188
0.6237758175082851
0.6760630828707765
0.6935068585154107
0.6879710641952195
0.669251394906565
0.6436310485259775
0.615073841502606
0.5860199486968459
0.5579156241538833
0.5315649653235608
0.5073627420461805
0.48468597572532535
0.40202646809513226
0.3079218723153869
0.21479668330010743
0.12737761893222913
0.048560301786609
0.0
0.0
-0.1139132691914225
-0.23074060646475908
-0.324103758160946
-0.410421673650962
-0.4909096187820005
-0.5638165962404988
-0.6270377640732688
-0.6787077717511494
-0.694218384706559
-0.6875232649250385
-0.6681456556691622
-0.6421882505551795
-0.6134957606115925
-0.5844301940317765
-0.5563868815371416
-0.5301370800946901
-0.506054680634925
-0.47869586556159766
-0.395168946391944
-0.3011606427619562
-0.2084876261814362
-0.12173235638168277
-0.043738991001904357
0.0
0.0
0.12292092947072764
0.2366398449716965
0.32933213477976453
0.4153515585130041
0.49549162617955206
0.5679264060595116
0.6305517762886191
0.680351296396646
0.6942725608268102
0.6866469499920822
0.6667633233982722
0.6405693836691608
0.6118078291641423
0.5827739472888748
0.5548198051893931
0.5286889411818818
0.5047377884444015
0.47260502661061365
0.3882034772757809
0.29430413870991945
0.2021018392384683
0.11603131486796076
0.038883971327388814
0.0
0.0
-0.13230239193139923
-0.2428703570099282
-0.3349145134261351
-0.42066401562458877
-0.5004775138393753
-0.5724510049072243
-0.6344803346775003
-0.6818422532574735
-0.694276344235859
-0.6857820626798395
-0.6654280342434511
-0.6390163521755462
-0.6101938988217332
-0.5811933130467124
-0.5533260562641071
-0.5273096665691305
-0.5034842158803147
-0.466790202225918
-0.3815684333963879
-0.2877902701137656
-0.1960531564393007
-0.11064971717984062
-0.0343205401640843
0.0
0.0
0.14125136623842804
0.2488380403276329
0.3402772293835736
0.4257793434951997
0.5052896359850477
0.5768297339374653
0.6382953294733203
0.6833164835296861
0.6943206675346704
0.6849894291787686
0.6641804370006279
0.6375562869232336
0.6086720483693107
0.5797003123233957
0.5519136051467832
0.526004521002712
0.5022974229664587
0.4612205153099918
0.375216131864668
0.2815602229062966
0.190274992871872
0.1055161735455386
0.029975402302694798
0.0
0.0
-0.14979109219725892
-0.2545337231927934
-0.3453958918479532
-0.4306619630599945
-0.5098827872417327
-0.5810090537598908
-0.641936329360597
-0.6847212600984698
-0.6943595525518528
-0.6842289744357494
-0.6629856139066864
-0.6361587718310283
-0.6072157884607201
-0.578271879198136
-0.5505623693429998
-0.5247560211622989
-0.5011621902551782
-0.4558830396414184
-0.36912749258915106
-0.2755878598264044
-0.18473497655620885
-0.10059337537186624
-0.02580778690641297
0.0
0.0012426901228669573
0.157938135290027
0.2601311877747279
0.35045074730588965
0.43546299471673405
0.5143685098568453
0.5850568899953258
0.6454261372989187
0.686020454658382
0.694323996597551
0.6834154412351967
0.6617524527442135
0.6347331628150595
0.6057386158829909
0.5768276195303221
0.5491989525604031
0.5234979890740598
0.5000193788642088
0.4506601206080197
0.36317372648712637
0.26974603328867197
0.17931297850669953
0.09577178551055886
0.02172161262414532
0.0
-0.013162947036246958
-0.165550484095865
-0.26677402112568976
-0.3566521218392211
-0.4411771027729548
-0.5194471240466244
-0.5893517070022983
-0.6488132929453915
-0.6868671801326311
-0.6936509838976535
-0.6818836166501266
-0.6597844398671656
-0.6325943845249172
-0.6035913651319811
-0.5747670368942086
-0.5472769022958632
-0.5217388491924726
-0.4984304352812137
-0.4454663143459108
-0.3572840919204629
-0.2639099309681316
-0.17381949844233116
-0.09080043489813072
-0.017412021081049847
0.0
0.025450326070645707
0.17336733872834645
0.273573604948563
0.36298279130031175
0.4469942958859364
0.5246006416852981
0.5936914118821834
0.652214347412699
0.6876830911989785
0.6929223590123427
0.6802840707641541
0.6577445234079414
0.6303843280865077
0.6013762426870993
0.5726434677925287
0.5452974059616182
0.5199279498646707
0.4967952616431608
0.4405109809216735
0.3516704736782199
0.2583293079982098
0.16854341765848962
0.08600053743960123
0.013223408714939891
0.0
-0.037206571735863
-0.18081191887482906
-0.2800260079591498
-0.36897217574642455
-0.45248057027021227
-0.5294425065952174
-0.5977478012869224
-0.655368566513361
-0.6883918055317703
-0.6921726600824991
-0.6787146456432714
-0.655763340329983
-0.6282472088396098
-0.5992392404720753
-0.5705977126852934
-0.5433922247165734
-0.5181861514882672
-0.4952231955927702
-0.43573757770848776
-0.34625901194165176
-0.252945898076814
-0.16345014258378954
-0.08136335902364006
-0.009173152869701898
0.0
0.04849017946809392
0.18793743620487383
0.286189196565511
0.3746837882903183
0.4577037129028938
0.5340429922711606
0.6015917093919195
0.6583454111733162
0.6890390915344325
0.6914318662931886
0.6771948204571262
0.653853406682695
0.6261909423532988
0.597185249644524
0.5686326877844331
0.5415629969793375
0.5165142763447099
0.49371454770337986
0.43116429746629403
0.34107410802750393
0.2477870185988137
0.1585683434282885
0.07691772810877212
0.005289157417426929
0.0
-0.05931084596020286
-0.19477156316129662
-0.2921010912786005
-0.3801631779941381
-0.4627151861481912
-0.5384578284913659
-0.6052814278102409
-0.6612039889667907
-0.6896635585695917
-0.6907249687186583
-0.6757405669137171
-0.6520247454046462
-0.6242216498394173
-0.595217851636175
-0.5667503384823381
-0.5398106296919176
-0.5149125862247903
-0.49226919182773016
-0.42676057443273036
-0.3360819698824008
-0.24282202937948788
-0.15387242644103075
-0.07264390663912157
-0.0015579636366813698
0.0
0.06973600357635962
0.20136126130448975
0.2978045580200303
0.3854512622277825
0.46755321892481194
0.5427213309927741
0.6088461811776875
0.6639674380361028
0.6902679044282527
0.6900426128789962
0.6743358911313931
0.6502581676091869
0.6223190952542265
0.5933170622680826
0.5649316803474029
0.5381175322775702
0.5133650550942782
0.49087269940187983
0.42197848865756427
0.33065743486022137
0.23745838915726242
0.14883813734495194
0.06810384892141844
0.0
0.0
-0.0792762052223327
-0.20762497140208078
-0.3033645331687527
-0.3906988117760677
-0.4724341735365776
-0.5471024397140432
-0.6125950800201746
-0.6669721838819015
-0.6910298127302268
-0.6894621959678258
-0.6729963207506231
-0.6485324066050835
-0.6204414313956048
-0.59143080080039
-0.5631208783653013
-0.5364280595196234
-0.5118185227742434
-0.4894756296765739
-0.4169661946642667
-0.3249111575412866
-0.23172226028874243
-0.1434016449751222
-0.06314893102312184
0.0
0.0
0.08802928826850767
0.21346525824361245
0.3086034314293468
0.39568001874557945
0.47709925601036923
0.5513215178850398
0.6162392436120269
0.6699314026693873
0.6918277957194724
0.6889639699766913
0.6717623663572349
0.6469214355455637
0.6186790173682705
0.5896551404116849
0.5614132436114737
0.5348330108193942
0.5103572797405256
0.4881548755215373
0.41218007285584884
0.31941108575542543
0.2262200530621724
0.1381754349384906
0.058374420152211184
0.0
0.0
-0.09647013359699072
-0.21910402433015946
-0.3136658883832878
-0.4004967440198958
-0.48161345734982514
-0.5554075334712012
-0.6197723065897087
-0.6728049121072485
-0.6926128379286952
-0.688495852190129
-0.6705823761586942
-0.6453760581068987
-0.6169861898854224
-0.5879484294089689
-0.559771244302604
-0.5332988617769092
-0.508951572279422
-0.48688415479563407
-0.4076067641372486
-0.3141565474887952
-0.22096278028529867
-0.13318082060938577
-0.05381028492729638
0.0
0.0
0.10455555743159378
0.22450882540644146
0.31852035126698364
0.40511702189353604
0.48594488220944626
0.5593294976839982
0.6231650529918085
0.6755660767397448
0.6933706319638737
0.6880513452509731
0.669454691079931
0.6438975115579654
0.6153658248906643
0.5863143780149588
0.5581989195775752
0.5318296712814998
0.5076052976352479
0.4856671040600662
0.40322459828636487
0.30912183234487434
0.21592578872883927
0.12839584888822692
0.049438098664959546
0.0
0.0
-0.1122973436831268
-0.22968286682159728
-0.3231668502980316
-0.40953881647646384
-0.4900896917662826
-0.563081903223164
-0.6264104583247047
-0.678206547963798
-0.6940934921396253
-0.6876234785403512
-0.6683730555139867
-0.6424802247646597
-0.6138129886837607
-0.5847486352953419
-0.5566924444772374
-0.5304220847417689
-0.5063155190406065
-0.4799245632751701
-0.39657292135884203
-0.3025403993240112
-0.20977018955236537
-0.12287482252739218
-0.04470919014848179
0.0
0.0
0.12104152004160756
0.23539348529162707
0.32821732686514504
0.41429262899036545
0.4944999929519047
0.567029056909141
0.6297756289809996
0.6800664058540513
0.6942867195648074
0.6868351494037904
0.6670451327218615
0.6408938373168156
0.6121433437414179
0.5831016061604185
0.5551288962169371
0.5289740007046879
0.504996651028801
0.4738037038838058
0.38957396109219583
0.2956527536357504
0.20335740723214663
0.11715176363907104
0.03983762448732271
0.0
0.0
-0.13045582085510307
-0.24164278102689662
-0.3338136744057286
-0.41961555068036455
-0.4994926160568429
-0.5715562477939208
-0.6337023199856078
-0.6815438902608453
-0.6942708279837878
-0.685947804286678
-0.6656867187980009
-0.6393182782038987
-0.6105081956935767
-0.5815014244912894
-0.5536174093308587
-0.5275788016790505
-0.5037288926054216
-0.4679288982161173
-0.3828670124145671
-0.28906413861134017
-0.1972349980827774
-0.11170012466553264
-0.03521008878383361
0.0
0.0
0.13950042763465398
0.24766940997350245
0.33922646431130865
0.4247766338255299
0.5043459896862363
0.575970700761423
0.6375464899298824
0.6830265451377351
0.6943110981199111
0.685144003541719
0.6644242761569414
0.6378418529148685
0.6089697986837969
0.579992474269009
0.5521900379086285
0.5262599734567315
0.5025297236160031
0.46231336292188824
0.37646261015232063
0.28278267736314777
0.1914087212567826
0.10652335304018445
0.03082782071729462
0.0
0.0
-0.14811641244258678
-0.25341694440889556
-0.3443923616323472
-0.42970479261099337
-0.5089824421802
-0.5801899115724584
-0.6412227911025891
-0.6844461706296912
-0.6943522543266519
-0.6843783776877399
-0.6632201562826051
-0.6364330283139485
-0.6075015363721912
-0.5785521461929914
-0.5508274774241045
-0.5250009651596461
-0.5013849074837242
-0.45692990406861844
-0.37032172045479317
-0.27675933164803324
-0.18582169823327843
-0.10155908093230168
-0.02662540868735884
0.0
0.0
0.15637174075040675
0.2589224320698562
0.34933980306078144
0.43442389176865104
0.513421598347841
0.5842289428868329
0.6447413940401269
0.6858035105864322
0.6943895035311201
0.68364310459349
0.6620651018179251
0.6350821038527638
0.6060938632767249
0.5771713926138446
0.5495213569951986
0.5237941582954474
0.5002875901675203
0.4517740627308539
0.3644403247065193
0.2709901613877313
0.18047004106487835
0.09680351707197961
0.022599216551919016
0.0
-0.010632857491230913
-0.16394234144901423
-0.2653756405258122
-0.355350339829562
-0.4399810252048595
-0.5183876461438859
-0.5884597195542156
-0.648114480126252
-0.6867005581837099
-0.6938022706200936
-0.6822141071364843
-0.6602054844242333
-0.6330503480915114
-0.6040482669546307
-0.575204992180628
-0.5476851067129037
-0.5221122623800021
-0.4987675980947075
-0.4464838594518723
-0.3584378132599139
-0.26505827142222965
-0.1749066405394985
-0.09179095502365052
-0.018277952085433355
0.0
0.022990943385862328
0.1718006511008882
0.272209613806512
0.36171206242036924
0.4458259023203007
0.5235647742756964
0.5928182493905071
0.6515290070633233
0.6875166585268354
0.6930660695510481
0.6806027732883436
0.6581518232772882
0.6308259906776675
0.6018191288372419
0.5730681720253776
0.545693371240833
0.5202902370763832
0.49712242327575223
0.44150048471026454
0.35279109487036375
0.2594431039106546
0.16959621846344197
0.0869581167574293
0.014058836496651461
0.0
-0.03487220592549106
-0.1793368866451415
-0.2787496773601682
-0.36778904628888404
-0.4513983686963317
-0.5284890729543781
-0.5969509154804397
-0.6547511555268873
-0.6882574847333531
-0.6923261949746394
-0.6790297374366326
-0.6561593374371404
-0.6286735587734522
-0.5996651255261911
-0.5710051551540064
-0.5437715125034129
-0.5185328139953208
-0.4955360140027946
-0.43668853898315463
-0.34733745333238397
-0.2540190798482144
-0.16446580286438464
-0.08228837802304398
-0.009981406023951353
0.0
0.046241354077025454
0.18651778636470326
0.28496155493123265
0.3735462833600782
0.4566636533512756
0.5331270833802922
0.6008266044790225
0.6577530940343853
0.6889105324178477
0.6915796270506283
0.6774976475620119
0.6542338719113475
0.6266005150631421
0.597594346021096
0.569024051203641
0.541927306178892
0.5168472420208058
0.4940150022262624
0.4320742085630262
0.34210562320224613
0.24881331949279567
0.15953949693568006
0.07780209253714206
0.006061778645507582
0.0
-0.05715747042816585
-0.19341132422913246
-0.29092427375365837
-0.3790723519101555
-0.4617174141305153
-0.5375787409268421
-0.6045466081248568
-0.6606345520875915
-0.6895388893740045
-0.6908653630693122
-0.6760297682164147
-0.6523885107117554
-0.6246134398719995
-0.59560929173371
-0.567124872773644
-0.5401593108626233
-0.5152312921097819
-0.49255679402810515
-0.4276559049136886
-0.3370969596164835
-0.2438302545674701
-0.15482450326982483
-0.07350878636324776
-0.0023112897980919617
0.0
0.06761000733978395
0.20001357097424738
0.2966359710453815
0.3843664703497574
0.4665596933553463
0.541844791896694
0.6081122731304631
0.6633973669821422
0.6901429851277598
0.6901829920926827
0.6746252151642433
0.6506221309243604
0.6227111188088293
0.5937087466641824
0.5653064548073702
0.5384664409578773
0.5136839713889041
0.49116049304803056
0.4229644975516941
0.3317776216394636
0.23856789016022717
0.1498814243371664
0.0690466484858303
0.0
0.0
-0.07757400144583917
-0.20648434153385856
-0.3023383561892852
-0.3897209664841841
-0.4715164302527421
-0.5462704247009585
-0.6118742397248956
-0.666384301547025
-0.6908668781862348
-0.6895543828075872
-0.6732335651733333
-0.6488442422275335
-0.620783523292145
-0.5917759664400799
-0.5634531120036971
-0.5367385655673583
-0.512103091650996
-0.4897329096400645
-0.4179209315354031
-0.3260083540345546
-0.23281866854748368
-0.14444158730150786
-0.06409741922780415
0.0
0.0
0.08636065417607222
0.21235272105378733
0.30760600679690925
0.3947320988001932
0.47621193707994264
0.5505195162895213
0.6155470828452274
0.6693699990867336
0.6916780397140957
0.6890610057460071
0.6719993883301472
0.6472300965238653
0.6190163459906451
0.5899948182503104
0.5617398004712749
0.5351379719348772
0.5106366172670662
0.48840733047100315
0.41308839593108015
0.3204551689016961
0.22726520129896494
0.13916889265241877
0.059282779322900964
0.0
0.0
-0.09486136767143316
-0.2180284440030532
-0.31269967037033963
-0.3995769853050119
-0.4807510342213147
-0.554626446266804
-0.6190963916328911
-0.672254550010305
-0.6924610034583878
-0.6885832361245102
-0.6708057352602134
-0.6456692967176949
-0.6173077266155758
-0.5882727733403402
-0.5600833889650815
-0.5335905638940869
-0.509218889993145
-0.48712582646195424
-0.40847583534605286
-0.3151548515466498
-0.2219613979715367
-0.13412934780533234
-0.0546768649787773
0.0
0.0
0.10301963674104084
0.2234820629344278
0.31759812078372424
0.40423928329800474
0.4851220302785488
0.558584450771939
0.6225205662875997
0.6750415998636259
0.6932268531205711
0.6881360286228161
0.6696691832282203
0.6441786603667057
0.6156739055066017
0.5866250420333526
0.5584978373048853
0.5321089753517854
0.5078612303561655
0.4858984681168604
0.40405813915722766
0.31007955384098806
0.21688398011344173
0.12930612992244875
0.05026988174650596
0.0
0.0
-0.11082511754329555
-0.22869905923365447
-0.32228342443411256
-0.40869816552263266
-0.48930174828326023
-0.5623686074840158
-0.625793593842756
-0.6777047293476371
-0.6939562349879821
-0.6877049815891229
-0.6685788370563865
-0.6427498049348628
-0.6141083251653386
-0.5850464124395488
-0.5569789418102667
-0.5306897707788613
-0.5065607980099558
-0.4810396093244089
-0.3978500582636143
-0.3038006696885288
-0.2109473421496098
-0.12392934520276543
-0.04561110860242852
0.0
0.0
0.11937207573600236
0.23430376048154494
0.32725390029424895
0.41338601565113425
0.4936590858213365
0.5662766521982715
0.6291343707924243
0.6798508797634996
0.6943290167993649
0.687026210778204
0.6673149204019759
0.6411980902184412
0.61245474287527
0.5834038923308466
0.5554129628734538
0.5292353069877357
0.5052335161856663
0.47488324401184534
0.39080952359511634
0.29687080622830647
0.20449382478322614
0.1181683974681661
0.04070560284117099
0.0
0.0
-0.12878889942174276
-0.24053658617509743
-0.33282277044381786
-0.41867246903157707
-0.4986072659676146
-0.5707524504202915
-0.6330039292488108
-0.6812761832299702
-0.6942660624038218
-0.6860967998454549
-0.6659191537179625
-0.6395895244875406
-0.610790534638839
-0.5817781950892736
-0.553879119135185
-0.5278205496948961
-0.5039486683547851
-0.46894673845124873
-0.3840272938582746
-0.2902020256836386
-0.19829039977879534
-0.11263788174413916
-0.03600396307994018
0.0
0.0
0.13793411787948576
0.24662331937099655
0.33828546114871316
0.42387836810191415
0.5035003627934822
0.5752006172932784
0.6368748836561358
0.6827659671389842
0.6943016786283711
0.6852816625166959
0.6646419555067651
0.6380969765113436
0.6092359044468667
0.5802536397714793
0.5524371752374699
0.526488373806143
0.5027374364878526
0.4632921009705132
0.3775788751151671
0.28387729018595986
0.19242373167242582
0.10742490141086643
0.03159066083586268
0.0
0.0
-0.14661810676638903
-0.2524179638629544
-0.34349480325589393
-0.4288487908467731
-0.508177349340617
-0.5794575270194672
-0.6405849339085257
-0.6842005146878407
-0.6943461252362795
-0.6845123937864865
-0.6634302991515839
-0.636678663121
-0.6077574180526429
-0.5788030944291429
-0.5510648374040421
-0.5252202622388108
-0.5015842991534597
-0.4578672441422822
-0.37139105247021464
-0.27780833413148065
-0.186794857504324
-0.10242391789659326
-0.02735767933507624
0.0
0.0
0.15493343277181162
0.2579631767110332
0.3484777439440462
0.4336015879975113
0.512648041228613
0.5835250729886702
0.6441281740283346
0.6855668241807424
0.6943828113713703
0.6837710146055184
0.6622661620044255
0.6353173051731984
0.6063389677630386
0.5774118227576157
0.5497487989701237
0.5240043109888365
0.5004786794055743
0.4526715499633921
0.365464074530984
0.27199435168748476
0.18140153592833783
0.09763123580730443
0.023299964134131657
0.0
-0.008581802264987837
-0.16263081780543204
-0.2642300419529051
-0.35428005041345856
-0.43899406570155736
-0.5175096486129049
-0.5877163336646233
-0.647527154729354
-0.686551930550933
-0.6939161839272286
-0.6824764840514236
-0.6605433693377593
-0.6334179132532348
-0.6044174826010679
-0.5755594185092237
-0.5480157738898597
-0.5224149457461837
-0.4990410244251065
-0.4472996040370132
-0.3593626828078821
-0.2659794182474387
-0.17577942188698428
-0.09258694868962943
-0.01897467065830291
0.0
0.0210001890093095
0.1705289141874999
0.27110015898053474
0.36067682560220904
0.44487250776186693
0.5227179110929245
0.592102604656122
0.650965179081407
0.6873759045376491
0.6931783962771548
0.6808581065452008
0.6584797781291445
0.6311823638006574
0.6021768929773262
0.573411483916135
0.5460135950439774
0.5205833145540943
0.4973871426603613
0.4423001708979264
0.3536964190937092
0.26034261531349306
0.1704461825354762
0.08773092371632636
0.014732777501752364
0.0
-0.032988850935638636
-0.17814709778945712
-0.27772036433164177
-0.3668350700398786
-0.45052595249291894
-0.5277206657824324
-0.5963089140222676
-0.6542540374986667
-0.6881500504616884
-0.6924509198790612
-0.6792847217039668
-0.6564795138436759
-0.629018146529269
-0.6000092670990733
-0.5713343527822786
-0.5440779371025599
-0.5188128650292283
-0.4957887140304889
-0.4374574487457526
-0.3482095800487491
-0.2548870632708911
-0.16528736447202264
-0.08303671772214284
-0.010635379204383566
0.0
0.044422988953236486
0.18537011052264546
0.2839692498718608
0.3726269431595328
0.4558231686750907
0.5323870306458671
0.6002085177348051
0.6572747312618553
0.6888069433031221
0.6916993255542886
0.6777426388986535
0.6545415812987534
0.6269317228583317
0.5979251453538365
0.5693404978894475
0.542221869193628
0.5171164569496747
0.49425792736935314
0.4328095529532776
0.34293923043154995
0.24964272303452745
0.1603243479612807
0.07851682041198073
0.006686216045068721
0.0
-0.05541691378218508
-0.19231179434830678
-0.2899729701755593
-0.37819053033517375
-0.4609107872283969
-0.5368680292937114
-0.6039524947310394
-0.6601741083837661
-0.6894379883387219
-0.6909787400632973
-0.6762634461610819
-0.6526824741526487
-0.624930067602544
-0.5959256459595743
-0.5674275694924714
-0.5404411165373378
-0.5154888737059468
-0.4927892386142941
-0.42836046031123376
-0.33789562185117483
-0.24462478014748196
-0.15557622766737617
-0.074193220020389
-0.00290912561445833
0.0
0.06594383254794864
0.19896119333303408
0.2957255774477745
0.38352266291589493
0.46578793114661965
0.5411649007399453
0.6075440414518981
0.6629571246499097
0.6900468347436157
0.6902918938226124
0.6748492208549817
0.6509037997520728
0.6230144450385522
0.5940117788975446
0.5655963859715676
0.5387363507013435
0.5139306724736086
0.4913831143630708
0.42372681098871773
0.332642019036285
0.23942221651227769
0.15068291801314576
0.06976907933521018
0.0
0.0
-0.07626282045135357
-0.20560483786472725
-0.30154657251435557
-0.38896611454734237
-0.47080766075919295
-0.5456275519472349
-0.6113169386729336
-0.6659294245442124
-0.6907403467812261
-0.6896250039049764
-0.6734163101653009
-0.6490846704542776
-0.6210473802569909
-0.5920422478908104
-0.5637094480122865
-0.5369781564347044
-0.5123226808121824
-0.4899314486673097
-0.41866109895035153
-0.3268590692033646
-0.23366870160807085
-0.14524773463243273
-0.06483254887357102
0.0
0.0
0.08506841048216596
0.21149137150352154
0.30683393121955366
0.3939984598800018
0.4755253136797986
0.549899035760293
0.6150117215967674
0.6689359384177076
0.6915626359175281
0.6891366214582754
0.6721833331651854
0.6474694572536396
0.6192778568784748
0.5902581070325638
0.5619928938891622
0.5353743126074781
0.5108530904677223
0.4886029648781488
0.4137919624940727
0.3212639267986748
0.22807484054335905
0.1399385491033335
0.05998656917909009
0.0
0.0
-0.09361471811699698
-0.21719489578036033
-0.31195082728450785
-0.39886411032817365
-0.48008255909759096
-0.5540209728030969
-0.6185723952800104
-0.6718278290795345
-0.6923431357609034
-0.6886507677370243
-0.6709786587209658
-0.6458963909501598
-0.6175567672248022
-0.5885240049009353
-0.5603251808280236
-0.533816526520781
-0.509425967273798
-0.4873130394032112
-0.40914896578940596
-0.3159280528874151
-0.22273482023549568
-0.1348639544397634
-0.05534798555706767
0.0
0.0
0.1018299908045518
0.22268676118498745
0.31688377360056286
0.40355939082927517
0.48448464612115183
0.5580073282986401
0.6220213324020741
0.6746353210631597
0.6931154713308764
0.6882016189771054
0.6698353267928134
0.6443964382140268
0.615912545920217
0.5868656841947029
0.5587293810880285
0.5323253264806415
0.5080594779934201
0.4860776847491635
0.4047038585608599
0.3108214753977421
0.2176262662200414
0.13001130108852005
0.050914242312142435
0.0
0.0
-0.10968467230721102
-0.22793697363414003
-0.3215991043956682
-0.4080469850316667
-0.4886914007077804
-0.5618160879038414
-0.6253157758540557
-0.6773160317348383
-0.6938499330018257
-0.6877681342003351
-0.6687382566410504
-0.6429586425297432
-0.6143371124741375
-0.5852770887894339
-0.5572008791692178
-0.5308971352397917
-0.5067508043481089
-0.48190336677481793
-0.3988393790765562
-0.30477692754675656
-0.211859216267325
-0.12474622764708343
-0.046309779733821485
0.0
0.0
0.11807884339009314
0.23345960598906368
0.32650758191205204
0.41268370698287715
0.4930076758165559
0.5656937999348828
0.6286376175359507
0.6796839187954636
0.6943617781957461
0.6871742122158258
0.6675239072956771
0.6414337758443613
0.6126959646407669
0.5836380550731951
0.5556330122026102
0.5294377253122104
0.5054170014882293
0.47571949433284005
0.39176663366958103
0.29781435189616695
0.2053741325390493
0.11895591609327505
0.041377967360795395
0.0
0.0
-0.12749764290890608
-0.2396796876744159
-0.33205518001932394
-0.4179419232385787
-0.4979214409213686
-0.5701297988877395
-0.6324629293778735
-0.6810688068928081
-0.6942623702674369
-0.6862122168134761
-0.6660992059456546
-0.639799641478499
-0.6110092444599308
-0.58199259150413
-0.5540818489404327
-0.5280078163951083
-0.504118914555781
-0.469735196505283
-0.3849260923877532
-0.2910834766319391
-0.1991079543289226
-0.11336430419692169
-0.0366189283492596
0.0
0.0
0.1367207960164835
0.2458129789886271
0.33755652559897453
0.4231825387062147
0.5028453095139367
0.574604082858029
0.636354633392386
0.6825641144803924
0.6942943825512915
0.6853882987825081
0.6648105784468182
0.6382946050903778
0.6094420401663605
0.5804559485369697
0.5526286172211613
0.5266653013979598
0.5028983387642303
0.4640502683582657
0.37844357607892976
0.28472521864575734
0.1932099971639564
0.10812327497438483
0.03218158579775325
0.0
0.0
-0.14545746226865056
-0.2516441155514124
-0.34279952039083417
-0.4281856992952734
-0.5075536937600464
-0.5788901940249048
-0.6400908253839653
-0.6840102201461871
-0.6943413772944207
-0.6846162076377604
-0.6635930836990598
-0.636868941081032
-0.607955633639313
-0.5789974883914052
-0.5512487053952605
-0.5253901380286475
-0.5017387554639899
-0.45859334299010324
-0.37221939721799924
-0.2786209308452454
-0.18754870320374323
-0.103093853057309
-0.027924923638783086
0.0
0.0
0.1538192653301931
0.2572201014162247
0.3478099605006435
0.43296460053111124
0.5120488147452941
0.5829798288425646
0.6436531506901005
0.6853834779535196
0.6943776273493395
0.6838700984962599
0.6624219107768877
0.6354995009556271
0.6065288349125708
0.5775980689871562
0.5499249840765953
0.5241671031682265
0.5006267043158947
0.45336677738845643
0.3662571097177558
0.27277223532766515
0.18212310694232164
0.09827241792017782
0.023842789605803563
0.0
-0.006992977665373323
-0.16161486222378477
-0.26334261818380633
-0.3534509639569189
-0.4382295297363741
-0.5168295186966992
-0.5871404789959833
-0.6470721903952189
-0.6864367980136185
-0.6940044254808494
-0.6826797311011961
-0.6608051077231608
-0.6337026430742
-0.604703490948041
-0.5758339704925811
-0.5482719211389091
-0.5226494156811045
-0.4992528307580195
-0.44793151051447094
-0.36007912159285116
-0.2666929732728357
-0.17645551119335653
-0.09320355536726194
-0.019514375110975077
0.0
0.01945807568050678
0.16954377886970537
0.270240733480322
0.3598748921662608
0.44413397242288627
0.5220618989701086
0.5915482392859324
0.6505284166861096
0.6872668711932579
0.6932654087878535
0.6810558973014822
0.6587338243085782
0.6314584238435562
0.6024540305546583
0.5736774262369432
0.5462616524626213
0.5208103434066788
0.49759220426599005
0.44291963793393885
0.35439771732978526
0.2610394107195617
0.17110459671298006
0.0883295690882013
0.015254837582572747
0.0
-0.031529933235515395
-0.17722544253490077
-0.2769230196957083
-0.36609608411015826
-0.44985014604574286
-0.5271254286477249
-0.595811595513641
-0.6538689511509874
-0.6880668278276698
-0.692547536486205
-0.6794822421193782
-0.6567275345453912
-0.6292850771815796
-0.600275852121366
-0.5715893616623564
-0.5443153051367009
-0.5190298031065522
-0.49598446498839915
-0.4380530752055258
-0.34888516224813576
-0.255559435918872
-0.16592377703370936
-0.08361640983580398
