0.5
0.5
0.5
0.5
0.5
0.5
0.5
0.5
0.5
0.5
0.5
0.5
0.5
0.5
0.5
0.5
0.5
0.5
0.5
0.5
0.5
0.5
0.5
0.5
0.5
0.5
0.5
0.5
0.5
0.5
0.5
0.5
0.5
0.5
0.5
0.5
0.5
0.5
0.5
0.5
0.5
0.5
0.5
0.5
0.5
0.4662796234554295
0.2967497886045737
0.1806360109632249
0.07640065851836841
-0.021836572433951318
-0.1127168384967927
-0.193650239451721
-0.26213519907784477
-0.29627915646004177
-0.2961113168956163
-0.2759125490691122
-0.24487753323148498
-0.2088383092311007
-0.17141430122101586
-0.13477833702436304
-0.10016572488714492
-0.06821155513715815
-0.039173293650647034
-0.013076888413430243
0.017692708627700837
0.0952842857711429
0.18209898039560246
0.26816465853705596
0.34940992158618395
0.42318976010284126
0.48740436347628663
0.5
0.5
0.5
0.5
0.5
0.5
0.5
0.5
0.5
0.5
0.5
0.5
0.5
0.5
0.5
0.5
0.5
0.5
0.5
0.5
0.5
0.5
0.5
0.5
0.5
0.5
0.3550568655181485
0.2512011106636489
0.16124657073443782
0.0767200760206414
-0.0019830658321728922
-0.07283275555442437
-0.13373000723122008
-0.17953858169451298
-0.19116380969544344
-0.1823299536343146
-0.1619249036728846
-0.13563289193869976
-0.10702468702988455
-0.0782844420498614
-0.05069333612073379
-0.024950547916972043
-0.0013855362281843808
0.03497154751353376
0.12118727730366496
0.21610537927826257
0.30885657383138254
0.3950725258973721
0.47198387660434993
0.5
0.5
0.5
0.5
0.5
0.5
0.5
0.5
0.5
0.5
0.5
0.5
0.5
0.5
0.5
0.5
0.5
0.5
0.5
0.5
0.5
0.5
0.5
0.5
0.5
0.5
0.5
0.3533748544025067
0.246984755530205
0.1556141376778984
0.07005729515934617
-0.009422341510951004
-0.08080738503222318
-0.14199320260005777
-0.18505787758959114
-0.1948451783396561
-0.18478090103520195
-0.16355271131189886
-0.13671053283084889
-0.10773505119713267
-0.0787500077386315
-0.050996075362018445
-0.025145279638630447
-0.001508883004923578
0.041529263946580186
0.12801187846321682
0.22175079726350505
0.3129536244738924
0.3975179308733582
0.47277088357201585
0.5
0.5
0.5
0.5
0.5
0.5
0.5
0.5
0.5
0.5
0.5
0.5
0.5
0.5
0.5
0.5
0.5
0.5
0.5
0.5
0.5
0.5
0.5
0.5
0.5
0.5
0.4983440758222003
0.3415072814021768
0.23919929742190793
0.14878978314159585
0.06371388491113583
-0.015227792852916755
-0.08592442337204964
-0.14627445986617937
-0.1864952373331391
-0.19456037458096298
-0.18350250541823776
-0.16174860292936133
-0.13467638348420485
-0.10565334829957396
-0.07672935289096772
-0.04909728718232709
-0.023398676555368314
7.43222504713259e-05
0.048530564510014695
0.1359210564207995
0.2294406372140299
0.3200201177817469
0.40373009106063296
0.47796006948672415
0.5
0.5
0.5
0.5
0.5
0.5
0.5
0.5
0.5
0.5
0.5
0.5
0.5
0.5
0.5
0.5
0.5
0.5
0.5
0.5
0.5
0.5
0.5
0.5
0.5
0.5
0.47903435162035235
0.3293701800234887
0.22873472028411918
0.13911434059784272
0.05488567345069989
-0.02298343944758774
-0.09238252343689402
-0.15125005833022065
-0.18754112612855967
-0.19326668834130434
-0.18089770463765165
-0.15848924942351206
-0.13117383693638462
-0.10215821900128319
-0.07338768078312918
-0.045987812083646995
-0.020557475447580575
0.00263762676697904
0.05749599012601514
0.1460824047532841
0.23946716149021374
0.3294076475318781
0.4121714760276886
0.4852196510286589
0.5
0.5
0.5
0.5
0.5
0.5
0.5
0.5
0.5
0.5
0.5
0.5
0.5
0.5
0.5
0.5
0.5
0.5
0.5
0.5
0.5
0.5
0.5
0.5
0.5
0.5
0.4578804611355021
0.31602352936435163
0.21719665504875468
0.12842454261426384
0.04511154758895575
-0.0315917822776105
-0.09957528666075499
-0.15682119486361368
-0.18876903972771875
-0.19190576876664012
-0.17808297239132687
-0.1549455858194474
-0.12735567373317325
-0.09834265632884043
-0.06973643416134623
-0.0425883125579789
-0.01745004153913865
0.0054419105082006425
0.06613541248923371
0.15586710078846272
0.24918212157811442
0.3385781935106856
0.4204992204201372
0.4924706326950232
0.5
0.5
0.5
0.5
0.5
0.5
0.5
0.5
0.5
0.5
0.5
0.5
0.5
0.5
0.5
0.5
0.5
0.5
0.5
0.5
0.5
0.5
0.5
0.5
0.5
0.5
0.43730536148968546
0.30306126925657406
0.20600484408507524
0.11806722968986194
0.03565335687052901
-0.03990856043509439
-0.10650888501762368
-0.16217261252488557
-0.18990343213315997
-0.19052901768004404
-0.17529845488507578
-0.1514577388043845
-0.12360589709094039
-0.09459990325440881
-0.066157473648353
-0.03925770921608662
-0.014406584527756672
0.008187819896745607
0.07471240403932322
0.16558988455977508
0.25883764867857706
0.3476931333026645
0.42877630684962154
0.49967685426643393
0.5
0.5
0.5
0.5
0.5
0.5
0.5
0.5
0.5
0.5
0.5
0.5
0.5
0.5
0.5
0.5
0.5
0.5
0.5
0.5
0.5
0.5
0.5
0.5
0.5
0.5
0.41814542050213654
0.2906334125746366
0.19506018076827014
0.10779414246581592
0.026146017879032424
-0.04839514188232241
-0.11372105920565856
-0.16789735297419306
-0.19129793200188494
-0.18933515838864334
-0.17264393184059468
-0.1480634477780023
-0.11992440464692022
-0.0909077621934331
-0.06261664514701004
-0.03595632259895998
-0.011385891133343096
0.010915705530933129
0.08440377456186582
0.17666480155284459
0.26985883304149405
0.3581052289769969
0.4382330292563251
0.5
0.5
0.5
0.5
0.5
0.5
0.5
0.5
0.5
0.5
0.5
0.5
0.5
0.5
0.5
0.5
0.5
0.5
0.5
0.5
0.5
0.5
0.5
0.5
0.5
0.5
0.5
0.4013986128240381
0.2794633551190854
0.18504255622944393
0.09827064485127834
0.01722797997940373
-0.056459634174708784
-0.12068575048779595
-0.1735520839127156
-0.19282385575510674
-0.1883847526655119
-0.1702879003474601
-0.14498705484555952
-0.11655858006570574
-0.0875165180448011
-0.05935524905468115
-0.03290991067145144
-0.008595010200330044
0.013438278776685575
0.09352545986776323
0.187145258557177
0.28034233305214196
0.36806205055685237
0.4473285635217838
0.5
0.5
0.5
0.5
0.5
0.5
0.5
0.5
0.5
0.5
0.5
0.5
0.5
0.5
0.5
0.5
0.5
0.5
0.5
0.5
0.5
0.5
0.5
0.5
0.5
0.5
0.5
0.3855783369076974
0.268923137950672
0.17559626029114073
0.08929414155044951
0.00882509162484707
-0.06405570063819843
-0.12724343878233346
-0.1788738586548072
-0.19426251605847333
-0.18749429129705286
-0.16807522494104243
-0.14209661392498119
-0.11339564956413539
-0.08432940532933186
-0.05628999740215501
-0.030046609950191816
-0.005971816320370471
0.02167108825139885
0.10525082231587646
0.19925342664622558
0.29189906084841355
0.3786140080347721
0.45655723391348274
0.5
0.5
0.5
0.5
0.5
0.5
0.5
0.5
0.5
0.5
0.5
0.5
0.5
0.5
0.5
0.5
0.5
0.5
0.5
0.5
0.5
0.5
0.5
0.5
0.5
0.5
0.5
0.3671997716360441
0.2567952608307532
0.16478353949829805
0.07904693893787662
-0.0007503475963465123
-0.07270019972903485
-0.1346984517014701
-0.1819280166461631
-0.19428115386362743
-0.18573939010044516
-0.16535945275179442
-0.13893556602277246
-0.11010943202271872
-0.08111030066705138
-0.05324743512688068
-0.02723696441934087
-0.0034180723775789623
0.033507209041577446
0.11877103077627293
0.21254352320651865
0.3042574258055835
0.3896272907932489
0.4659150982092454
0.5
0.5
0.5
0.5
0.5
0.5
0.5
0.5
0.5
0.5
0.5
0.5
0.5
0.5
0.5
0.5
0.5
0.5
0.5
0.5
0.5
0.5
0.5
0.5
0.5
0.5
0.5
0.34979703999024386
0.24518995075999206
0.15435478944249814
0.06909952465140362
-0.010107777584520972
-0.08121439926774487
-0.1421158992283973
-0.18479153272294901
-0.194362997287588
-0.18419324470906662
-0.16292853076229008
-0.13609165383818156
-0.10714567381740636
-0.07820300606906438
-0.05049715984508585
-0.024695733496892025
-0.0011073492136794982
0.044369619318669895
0.13116086819262052
0.22469538212370332
0.3155282054676659
0.3996409608129191
0.47439111851984894
0.5
0.5
0.5
0.5
0.5
0.5
0.5
0.5
0.5
0.5
0.5
0.5
0.5
0.5
0.5
0.5
0.5
0.5
0.5
0.5
0.5
0.5
0.5
0.5
0.5
0.5
0.4861974733178517
0.33404387912122746
0.2328738469281202
0.14302052595319475
0.058522559667891716
-0.019712699742631457
-0.08957477867503938
-0.14898743835028405
-0.1869075331612401
-0.19361148044929222
-0.1817991624996782
-0.1596773378837839
-0.132478625891727
-0.10347549005031864
-0.07465603781012264
-0.04717348675528288
-0.021644274837697708
0.0016549406485803497
0.054791604972733776
0.14300841242028484
0.23638126729609588
0.3264562357133778
0.40945084574322343
0.4828077060443683
0.5
0.5
0.5
0.5
0.5
0.5
0.5
0.5
0.5
0.5
0.5
0.5
0.5
0.5
0.5
0.5
0.5
0.5
0.5
0.5
0.5
0.5
0.5
0.5
0.5
0.5
0.46221687698606023
0.31882327803798405
0.21965800627459103
0.13073466895401947
0.04725105301158816
-0.029679192207587746
-0.09794589672535103
-0.15552236997046076
-0.18842584414196273
-0.19213530370806275
-0.17863718846978782
-0.15566576912925767
-0.1281420540848731
-0.09913414352466465
-0.07049713363378385
-0.04329857548913474
-0.01810054497845648
0.004854061425527023
0.0644961642762108
0.15400605520778554
0.24731794154498915
0.3367996363153978
0.4188642161137046
0.49102578994775936
0.5
0.5
0.5
0.5
0.5
0.5
0.5
0.5
0.5
0.5
0.5
0.5
0.5
0.5
0.5
0.5
0.5
0.5
0.5
0.5
0.5
0.5
0.5
0.5
0.5
0.5
0.4401657058987847
0.30489759069079103
0.20761254966415937
0.11957129615108131
0.037041855063550566
-0.038671974533500575
-0.10546052665606076
-0.16134289221439302
-0.1896941470606447
-0.19069099628293484
-0.17567034038734708
-0.15193634282113033
-0.12412640428209154
-0.09512267359259019
-0.06665926079663764
-0.039725832596478106
-0.014835075003468479
0.0078007572976638295
0.07347825571529887
0.16418884365266118
0.2574456712371527
0.3463787705035866
0.4275825665764063
0.4986374435615186
0.5
0.5
0.5
0.5
0.5
0.5
0.5
0.5
0.5
0.5
0.5
0.5
0.5
0.5
0.5
0.5
0.5
0.5
0.5
0.5
0.5
0.5
0.5
0.5
0.5
0.5
0.42024022806167594
0.29205188354150313
0.19634527318963801
0.10902501830904715
0.027306939613394643
-0.04733683840390068
-0.11279783554114509
-0.1671371807973725
-0.19107511063465732
-0.1894356569392197
-0.17292896128501078
-0.14844408200812564
-0.12034463167807807
-0.09133318173373228
-0.06302694587892832
-0.03634028778222187
-0.01173809384170399
0.010597079423471212
0.0832993450175627
0.17539390161151253
0.26858270052790645
0.35688777805122546
0.4371152272441611
0.5
0.5
0.5
0.5
0.5
0.5
0.5
0.5
0.5
0.5
0.5
0.5
0.5
0.5
0.5
0.5
0.5
0.5
0.5
0.5
0.5
0.5
0.5
0.5
0.5
0.5
0.5
0.4030830861293835
0.2805972897523063
0.18606581421285517
0.09924787883064445
0.018147107375709015
-0.05562436115001601
-0.1199599073119827
-0.17295762701598094
-0.1926548489816986
-0.18847141971979187
-0.17052018312279393
-0.14529446647024125
-0.11689675070908678
-0.08785822334098503
-0.05968443916213162
-0.03321774646409681
-0.0088772407459764
0.013183043531900918
0.09263480080714676
0.1861209745935613
0.2793148736051281
0.3670829519953801
0.4464307454597314
0.5
0.5
0.5
0.5
0.5
0.5
0.5
0.5
0.5
0.5
0.5
0.5
0.5
0.5
0.5
0.5
0.5
0.5
0.5
0.5
0.5
0.5
0.5
0.5
0.5
0.5
0.5
0.3872546573738932
0.2700216870722181
0.176570142332297
0.09021245358699426
0.009678518541342662
-0.0632903923571344
-0.12658933040409304
-0.17835044724085658
-0.19413069070315814
-0.1875967767484743
-0.168310175191004
-0.14239889907329184
-0.11372436079342085
-0.08465952437745694
-0.056606853537095714
-0.030342201348742104
-0.006242377213197203
0.020415467577068414
0.10381594463384436
0.19784232516251177
0.29058619629297183
0.37744328846473846
0.45556165790684083
0.5
0.5
0.5
0.5
0.5
0.5
0.5
0.5
0.5
0.5
0.5
0.5
0.5
0.5
0.5
0.5
0.5
0.5
0.5
0.5
0.5
0.5
0.5
0.5
0.5
0.5
0.5
0.36903449580661685
0.25801857415160667
0.16588274507962464
0.08009537476215539
0.0002358859028330773
-0.07180285072438275
-0.1339167006055204
-0.18162610580637562
-0.194272351262603
-0.1859021382885021
-0.16561544267798445
-0.13923508688718145
-0.1104215953981661
-0.0814165282982593
-0.05353713057118803
-0.027504644727540994
-0.003661474819809385
0.03238424440579857
0.11749004939012997
0.21128610042230617
0.3030899151211807
0.3885886322133824
0.46503442599498696
0.5
0.5
0.5
0.5
0.5
0.5
0.5
0.5
0.5
0.5
0.5
0.5
0.5
0.5
0.5
0.5
0.5
0.5
0.5
0.5
0.5
0.5
0.5
0.5
0.5
0.5
0.5
0.3514230855224576
0.2462759721972151
0.1553317007312136
0.07003202198354669
-0.009229997699676029
-0.080415134141394
-0.1414189713087043
-0.18452178361296945
-0.19435422989784035
-0.1843372647192304
-0.163155633760235
-0.13635758757307836
-0.10742293819666082
-0.07847505759777551
-0.05075455953718799
-0.02493359412955154
-0.0013236503152977974
0.04335800589361727
0.1300067235147797
0.22356286155578553
0.3144771940697868
0.39870653552803437
0.47359948648614486
0.5
0.5
0.5
0.5
0.5
0.5
0.5
0.5
0.5
0.5
0.5
0.5
0.5
0.5
0.5
0.5
0.5
0.5
0.5
0.5
0.5
0.5
0.5
0.5
0.5
0.5
0.4887372352757796
0.33565487066183497
0.23427252895480843
0.14432095781523563
0.05971586401808776
-0.018657293268649733
-0.08868802555103505
-0.1482948576560572
-0.1867462037807438
-0.19376728522291564
-0.18213352594896626
-0.1601017134258239
-0.1329374618061403
-0.10393487382318312
-0.07509614115801355
-0.04758355259214597
-0.022019302625747805
0.0013163762666607015
0.053766654331362185
0.14184621324238295
0.23522461367513936
0.3253613935502435
0.40845349948553533
0.48193601673978026
0.5
0.5
0.5
0.5
0.5
0.5
0.5
0.5
0.5
0.5
0.5
0.5
0.5
0.5
0.5
0.5
0.5
0.5
0.5
0.5
0.5
0.5
0.5
0.5
0.5
0.5
0.46454949376700905
0.3202977756965996
0.2209342590589638
0.13191802195747437
0.04833374252816425
-0.028725025379332636
-0.09714805424077255
-0.1549038066589573
-0.18829047727863746
-0.1922878992233089
-0.17895144327213586
-0.15606102475037298
-0.1285677499443142
-0.09955945345995176
-0.07090407163212609
-0.043677421588371845
-0.018446821308382155
0.004541580297622805
0.06354755817890934
0.15293033726730715
0.2462474391045299
0.3357864626638286
0.41794140494122867
0.4902194017495879
0.5
0.5
0.5
0.5
0.5
0.5
0.5
0.5
0.5
0.5
0.5
0.5
0.5
0.5
0.5
0.5
0.5
0.5
0.5
0.5
0.5
0.5
0.5
0.5
0.5
0.5
0.4423081206037514
0.3062510821027913
0.20878364233125984
0.12065689699490934
0.03803492168620337
-0.037796956183420716
-0.10472902399018658
-0.1607759269524135
-0.18956987135558556
-0.19083055370919966
-0.17595802191211773
-0.15229825440770495
-0.12451622466373236
-0.09551216037426646
-0.06703193465324964
-0.04007278695363725
-0.015152205787041684
0.007514574394497209
0.072560414772741
0.16314825375450642
0.2564136889824539
0.34540629931100963
0.42670135619900085
0.4978722648515242
0.5
0.5
0.5
0.5
0.5
0.5
0.5
0.5
0.5
0.5
0.5
0.5
0.5
0.5
0.5
0.5
0.5
0.5
0.5
0.5
0.5
0.5
0.5
0.5
0.5
0.5
0.422023440676056
0.29324563316257723
0.19741854988885482
0.11004727810761039
0.028265962357134522
-0.046467800646581514
-0.11204534357763285
-0.16652395925529995
-0.1909057267419405
-0.1895327012798158
-0.17317745915532945
-0.14877042616400205
-0.12070251404740273
-0.09169421277195289
-0.06337441174882019
-0.03666500638336101
-0.01203567337757605
0.010328045828578936
0.08230631265406169
0.17425283031129157
0.2674423065873627
0.35580591437284326
0.4361282789871091
0.5
0.5
0.5
0.5
0.5
0.5
0.5
0.5
0.5
0.5
0.5
0.5
0.5
0.5
0.5
0.5
0.5
0.5
0.5
0.5
0.5
0.5
0.5
0.5
0.5
0.5
0.5
0.4047558959891343
0.2817156464129751
0.1870704253869881
0.10020415298844804
0.019043735280894536
-0.05481233455494949
-0.11925726550316518
-0.17238555916821552
-0.1924971906703914
-0.1885625033323921
-0.1707526457848184
-0.14559957609021656
-0.11723126814205309
-0.0881956421929313
-0.06000915590507905
-0.033521190594356765
-0.009155314720869057
0.01293165021733822
0.09173082294687934
0.1850825296263518
0.27827605112790765
0.3660961845840495
0.4455291766048752
0.5
0.5
0.5
0.5
0.5
0.5
0.5
0.5
0.5
0.5
0.5
0.5
0.5
0.5
0.5
0.5
0.5
0.5
0.5
0.5
0.5
0.5
0.5
0.5
0.5
0.5
0.5
0.38882475670914174
0.27106697428968474
0.17750648366280758
0.09110191662931516
0.010510869861477201
-0.06253823571066164
-0.1259402881013585
-0.1778240629454344
-0.19398887073690696
-0.18768559333568557
-0.16852989401771634
-0.14268569013793309
-0.1140380856262545
-0.08497559293804735
-0.056910805242777696
-0.030626108205048297
-0.006502464518265638
0.01922557040145806
0.10245367033565234
0.19649904855159034
0.28933260988614873
0.3763214437685668
0.4546033887002291
0.5
0.5
0.5
0.5
0.5
0.5
0.5
0.5
0.5
0.5
0.5
0.5
0.5
0.5
0.5
0.5
0.5
0.5
0.5
0.5
0.5
0.5
0.5
0.5
0.5
0.5
0.5
0.37081467731365436
0.25920034089489863
0.16694157467289406
0.08110324896551274
0.0011821815306319872
-0.07094360830617319
-0.1331700196118505
-0.18133984913655266
-0.194267196015819
-0.18606136622996905
-0.1658638766758873
-0.13952501737146572
-0.11072338946316762
-0.08171237414762644
-0.05381687990638495
-0.027763057726827522
-0.0038964017776212945
0.03129532243847588
0.11624864216241049
0.2100685845591671
0.30196059394890157
0.38758513395939426
0.4641848346847561
0.5
0.5
0.5
0.5
0.5
0.5
0.5
0.5
0.5
0.5
0.5
0.5
0.5
0.5
0.5
0.5
0.5
0.5
0.5
0.5
0.5
0.5
0.5
0.5
0.5
0.5
0.5
0.35302556988243505
0.24734446099323293
0.1562917415379474
0.07094763681427846
-0.008368814663880508
-0.0796317010523836
-0.1407366276887425
-0.18425893609250998
-0.1943475829270298
-0.18448052247350266
-0.16338032354310683
-0.13662024689658303
-0.1076965649340923
-0.07874341456414313
-0.05100838906002281
-0.02516810956572213
-0.0015368803329131042
0.042355671492168456
0.12886325312297625
0.22244113675576038
0.31343657656789814
0.3977817552716325
0.47281646728472715
0.5
0.5
0.5
0.5
0.5
0.5
0.5
0.5
0.5
0.5
0.5
0.5
0.5
0.5
0.5
0.5
0.5
0.5
0.5
0.5
0.5
0.5
0.5
0.5
0.5
0.5
0.49093042200362463
0.3370572795942198
0.23549751523029522
0.1454654165555816
0.06077121852750211
-0.01771845138310324
-0.08789312350548717
-0.1476668307380099
-0.18658727676096276
-0.19388909342989946
-0.1824140863782161
-0.16046301457456258
-0.13333050001938085
-0.10432967685166106
-0.07547512990937522
-0.04793713561894697
-0.022342962500261687
0.0010240010010615919
0.05289439382707395
0.1408572668208079
0.23423964606097103
0.3244281402990709
0.40760235209258944
0.48119102083227117
0.5
0.5
0.5
0.5
0.5
0.5
0.5
0.5
0.5
0.5
0.5
0.5
0.5
0.5
0.5
0.5
0.5
0.5
0.5
0.5
0.5
0.5
0.5
0.5
0.5
0.5
0.4665632557063042
0.3215699504832373
0.22203484777450477
0.1329380584100529
0.0492665722986827
-0.027903405903463963
-0.09646159274888788
-0.15437226051959818
-0.1881756001475796
-0.19242125821735745
-0.17922408217950048
-0.1564033705337332
-0.12893619778983267
-0.09992742446836178
-0.07125606407130614
-0.044005064199049815
-0.018746264201159435
0.0042713822701913595
0.06272541085515027
0.15199782627067893
0.2453193577063999
0.33490801662386166
0.41714124998169516
0.48952014656516796
0.5
0.5
0.5
0.5
0.5
0.5
0.5
0.5
0.5
0.5
0.5
0.5
0.5
0.5
0.5
0.5
0.5
0.5
0.5
0.5
0.5
0.5
0.5
0.5
0.5
0.5
0.4441691528955588
0.3074267191512769
0.20980079400153168
0.12159975781599974
0.03889738346522187
-0.037037048354800595
-0.10409378479202325
-0.16028360956926935
-0.1894619842916293
-0.19095177713304468
-0.17620787366142143
-0.15261256475777274
-0.12485476826171027
-0.09585041166217678
-0.06735558317712964
-0.04037409845963802
-0.015427616517011633
0.007266040575541199
0.07180709467188917
0.16229431330213479
0.255564171241726
0.34460254489052666
0.4259695496822296
0.4972330496833779
0.5
0.5
0.5
0.5
0.5
0.5
0.5
0.5
0.5
0.5
0.5
0.5
0.5
0.5
0.5
0.5
0.5
0.5
0.5
0.5
0.5
0.5
0.5
0.5
0.5
0.5
0.42342535897752687
0.29418600158342434
0.19826512820071107
0.11085436914606928
0.029023782102184592
-0.04578043774954943
-0.11144947410667272
-0.16603760184162686
-0.19077043805060545
-0.18960820903982312
-0.17337285037849381
-0.14902749263746184
-0.12098463069750076
-0.09197892174813671
-0.06364848706045423
-0.036921177754934975
-0.012270458869634515
0.01011576720448526
0.08151492512149788
0.17334324495589848
0.26653345033545384
0.35494398055856374
0.4353422771363659
0.5
0.5
0.5
0.5
0.5
0.5
0.5
0.5
0.5
0.5
0.5
0.5
0.5
0.5
0.5
0.5
0.5
0.5
0.5
0.5
0.5
0.5
0.5
0.5
0.5
0.5
0.5
0.4060888079973012
0.28260687266271695
0.1878710854406318
0.10096635620780825
0.019758466457573343
-0.05416496441126284
-0.11869701028358737
-0.1719293103786662
-0.1923711666508957
-0.18863470760343948
-0.17093753466197836
-0.14584238418525386
-0.11749754124827594
-0.08846425787982115
-0.060267678723104456
-0.03376278887006279
-0.009376720870763688
0.01273148293131282
0.0910111157612074
0.18425582717758016
0.27744911236912295
0.3653107471667392
0.44481161801587005
0.5
0.5
0.5
0.5
0.5
0.5
0.5
0.5
0.5
0.5
0.5
0.5
0.5
0.5
0.5
0.5
0.5
0.5
0.5
0.5
0.5
0.5
0.5
0.5
0.5
0.5
0.5
0.3900441109706357
0.2718817898167766
0.17823815299038065
0.09179815348616593
0.011163448551930244
-0.06194748619139179
-0.12542940886882548
-0.1774084704515818
-0.1938752133715359
-0.18775311546627016
-0.1687003440297008
-0.14290897749881037
-0.1142827030714878
-0.08522223014154795
-0.05714809879775706
-0.030847820544278814
-0.006705617701024957
0.018302049016932997
0.10139589775731661
0.19545524270093928
0.288357642463482
0.3754480404947012
0.4538563758050149
0.5
0.5
0.5
0.5
0.5
0.5
0.5
0.5
0.5
0.5
0.5
0.5
0.5
0.5
0.5
0.5
0.5
0.5
0.5
0.5
0.5
0.5
0.5
0.5
0.5
0.5
0.5
0.3721952749671307
0.26011652770992527
0.16776227430023838
0.08188434090598828
0.0019154585552204062
-0.07027787570636679
-0.1325915880829387
-0.18111812441133224
-0.1942632483188973
-0.18618476875264234
-0.16605638655250332
-0.13974967218804868
-0.11095723165251714
-0.08194160449592591
-0.054033636444650535
-0.027963281281067176
-0.004078427197542367
0.030452311840028612
0.11528765674474084
0.20912614695938575
0.30108647364388264
0.3868084510583403
0.4635273205473315
0.5
0.5
0.5
0.5
0.5
0.5
0.5
0.5
0.5
0.5
0.5
0.5
0.5
0.5
0.5
0.5
0.5
0.5
0.5
0.5
0.5
0.5
0.5
0.5
0.5
0.5
0.5
0.3542665173071061
0.2481718505433511
0.15703512986413554
0.07165660658547257
-0.007702009354370931
-0.07902511517841249
-0.14020833254956866
-0.18405547533037392
-0.19434250643360163
-0.18459151899005288
-0.16355437084611146
-0.13682368984061555
-0.10790849470020647
-0.07895125829766536
-0.05120497855121431
-0.025349738761101803
-0.0017020232032024518
0.04157933530344271
0.1279775968386065
0.22157231806892902
0.3126305737493232
0.3970654685843812
0.4722099764217768
0.5
0.5
0.5
0.5
0.5
0.5
0.5
0.5
0.5
0.5
0.5
0.5
0.5
0.5
0.5
0.5
0.5
0.5
0.5
0.5
0.5
0.5
0.5
0.5
0.5
0.5
0.4926291736167875
0.3381435267675462
0.23644633779426494
0.14635186559705538
0.06158865098999827
-0.016991264818544183
-0.08727742674261374
-0.1471803884246714
-0.186464178431772
-0.19398344018282976
-0.18263139559764685
-0.16074286201440036
-0.13363492962250334
-0.10463547344174207
-0.075768677498663
-0.04821100509462861
-0.02259365485996845
0.0007975402844317969
0.052218767277096956
0.14009125937687145
0.23347672189128138
0.3237052740043355
0.4069430838794276
0.4806139755171725
0.5
0.5
0.5
0.5
0.5
0.5
0.5
0.5
0.5
0.5
0.5
0.5
0.5
0.5
0.5
0.5
0.5
0.5
0.5
0.5
0.5
0.5
0.5
0.5
0.5
0.5
0.4681231120536291
0.32255537263212575
0.2228873585883474
0.1337281728375213
0.04998913602575089
-0.027266985863810267
-0.09592986606414677
-0.15396053104105045
-0.1880866195438331
-0.19252455946225455
-0.1794352685042232
-0.1566685511285527
-0.1292215966663428
-0.10021245380264832
-0.07152871634133773
-0.044258855100035244
-0.018978211650846455
0.004062087820582594
0.062088574598294755
0.15127550235035436
0.24460046539532598
0.3342275723784052
0.4165214505175264
0.48897850454146474
0.5
0.5
0.5
0.5
0.5
0.5
0.5
0.5
0.5
0.5
0.5
0.5
0.5
0.5
0.5
0.5
0.5
0.5
0.5
0.5
0.5
0.5
0.5
0.5
0.5
0.5
0.4456107387778966
0.3083373857283549
0.210588694714602
0.12233011126593896
0.03956545823182828
-0.03644841374665475
-0.10360172065455753
-0.15990225503614142
-0.18937841474916917
-0.19104567965894614
-0.17640141336747428
-0.1528560348829091
-0.12511700969291895
-0.09611242656840013
-0.06760628649009615
-0.04060749912745576
-0.015640954011568953
0.007073522373935881
0.07122355888202314
0.16163283515610777
0.2549061192070797
0.34397994219178685
0.42540267937116366
0.49673790253119493
0.5
0.5
0.5
0.5
0.5
0.5
0.5
0.5
0.5
0.5
0.5
0.5
0.5
0.5
0.5
0.5
0.5
0.5
0.5
0.5
0.5
0.5
0.5
0.5
0.5
0.5
0.42451132183751394
0.2949144352076628
0.19892090926652856
0.11147956214302873
0.029610808117547738
-0.04524798956259324
-0.11098789919347885
