-0.5
-0.5
-0.5
-0.5
-0.5
-0.5
-0.5
-0.5
-0.5
-0.5
-0.5
-0.5
-0.5
-0.4979120409587037
-0.45572076978401455
-0.3076685527993246
-0.29104967765017087
-0.2060545814233784
-0.1820046128513172
-0.16714905999093643
-0.15145334953751227
-0.13363420910763796
-0.11425322247713776
-0.09424969995682586
-0.07460974310600643
-0.05627406276428765
-0.04009792551873992
-0.02682488413360351
-0.01706678934866368
-0.01128889558590307
-0.009800059803433903
-0.01274814456902923
-0.02012062398164549
-0.023883672799460298
-0.014308010843158747
0.03045382239051997
0.04782870324365951
0.048468275656830095
0.039307139518097056
0.02481326472697143
-0.06603849249051458
-0.19786742624411846
-0.3315246076212939
-0.4558840951809511
-0.5
-0.5
-0.5
-0.5
-0.5
-0.5
-0.5
-0.5
-0.5
-0.5
-0.5
-0.5
-0.5
-0.5
-0.5
-0.5
-0.5
-0.5
-0.5
-0.5
-0.5
-0.5
-0.5
-0.5
-0.5
-0.5
-0.5
-0.5
-0.5
-0.34589232430335803
-0.22764505224857573
-0.1291290872340637
-0.03808575294199734
0.045737660136318525
0.12033985444968698
0.18355948146515622
0.21454680666535442
0.2160227408312151
0.20020104944194594
0.17495260356108966
0.1452762000813964
0.11428006257911594
0.08383570227440862
0.05501253922608473
0.028365943665550675
-0.0035344810637590873
-0.08802351048478263
-0.18248643755734073
-0.27574538848350294
-0.3633404613698206
-0.44243458059410595
-0.5
-0.5
-0.5
-0.5
-0.5
-0.5
-0.5
-0.5
-0.5
-0.5
-0.5
-0.5
-0.5
-0.5
-0.5
-0.5
-0.5
-0.5
-0.5
-0.5
-0.5
-0.5
-0.5
-0.5
-0.5
-0.5
-0.5
-0.385583764698896
-0.2689761324272263
-0.1755373453015719
-0.08904438073395282
-0.00833238373711731
0.06482719145901883
0.12831519159629656
0.1802534405134375
0.1964562540674213
0.19006989700940458
0.17076394888178814
0.14473668002297047
0.11589465666177423
0.08663940966793326
0.058391063944364996
0.03193601131350832
0.007656990761044868
-0.015837721623680856
-0.09817349810290077
-0.19174392037731147
-0.28433187879905564
-0.3712653725491609
-0.4496697249601069
-0.5
-0.5
-0.5
-0.5
-0.5
-0.5
-0.5
-0.5
-0.5
-0.5
-0.5
-0.5
-0.5
-0.5
-0.5
-0.5
-0.5
-0.5
-0.5
-0.5
-0.5
-0.5
-0.5
-0.5
-0.5
-0.5
-0.5
-0.36803685331332125
-0.2579563544388366
-0.16619434996496268
-0.08065245584384367
-0.0009951965957497033
0.07087143913031357
0.13284440838726308
0.1807864408291049
0.1936043662997653
0.1853629151458409
0.16517442329239318
0.1388702353228376
0.11011679284150944
0.08115979927117611
0.053319430257197875
0.027319025728727575
0.0035025110530084724
-0.03449350655320088
-0.11988510227642868
-0.21356365979776842
-0.3051168830488335
-0.39029662845404556
-0.46637799129539304
-0.5
-0.5
-0.5
-0.5
-0.5
-0.5
-0.5
-0.5
-0.5
-0.5
-0.5
-0.5
-0.5
-0.5
-0.5
-0.5
-0.5
-0.5
-0.5
-0.5
-0.5
-0.5
-0.5
-0.5
-0.5
-0.5
-0.5
-0.3452661127795261
-0.24234417263859342
-0.15190507112099422
-0.0668388039056027
0.012166018370932452
0.08301761103073624
0.14361173671421268
0.18525380065932295
0.19420193717513623
0.18367503291423204
0.16222385275485662
0.1353081458242409
0.10634955875492702
0.0774334960662375
0.04977601962388334
0.024033609877596174
0.0005079418976536854
-0.04756783588234492
-0.13479739383704636
-0.22823261825147367
-0.3187753487394915
-0.40248995969217505
-0.47676348844987837
-0.5
-0.5
-0.5
-0.5
-0.5
-0.5
-0.5
-0.5
-0.5
-0.5
-0.5
-0.5
-0.5
-0.5
-0.5
-0.5
-0.5
-0.5
-0.5
-0.5
-0.5
-0.5
-0.5
-0.5
-0.5
-0.5
-0.47573485531502147
-0.3275043014618477
-0.2272601093708021
-0.13784854571662397
-0.05382053715342083
0.02382569685801561
0.09297993779612723
0.15158768324206062
0.18741816923463084
0.1928799978336142
0.18037349249451962
0.1579070910300555
0.13058267669085943
0.10158702451129231
0.07285251725927666
0.04549652428770368
0.020112772689363068
-0.0030361498788140096
-0.059180350692763006
-0.1479778199715398
-0.24130514802933567
-0.3310921984803412
-0.4136479437521762
-0.4864483587110818
-0.5
-0.5
-0.5
-0.5
-0.5
-0.5
-0.5
-0.5
-0.5
-0.5
-0.5
-0.5
-0.5
-0.5
-0.5
-0.5
-0.5
-0.5
-0.5
-0.5
-0.5
-0.5
-0.5
-0.5
-0.5
-0.5
-0.451006298437257
-0.31178598023523707
-0.21359822193980016
-0.12513860113411013
-0.04215171126928591
0.034151776725164784
0.10166200267528858
0.15837560023133257
0.18900705981278043
0.1913648643230007
0.17711025461252128
0.15376219167813365
0.12609973607951774
0.09709793993719984
0.06855137888609897
0.04148866173311594
0.016447185348494098
-0.006345450101660821
-0.06911431174027605
-0.1592392533436109
-0.25251545919990487
-0.34170719952275486
-0.42332192839750243
-0.4949082245489433
-0.5
-0.5
-0.5
-0.5
-0.5
-0.5
-0.5
-0.5
-0.5
-0.5
-0.5
-0.5
-0.5
-0.5
-0.5
-0.5
-0.5
-0.5
-0.5
-0.5
-0.5
-0.5
-0.5
-0.5
-0.5
-0.5
-0.4288379565340248
-0.29775002650348203
-0.2014353343394788
-0.11385128050516241
-0.0318158109576695
0.04326967662420167
0.10929588906393406
0.16430553974139417
0.19032068921985223
0.1899265204418914
0.17412612767004154
0.15000265017735948
0.12204775958073244
0.09304806573019109
0.06467552705032009
0.0378798086404617
0.013148237253778117
-0.009322658558872987
-0.07876860930142826
-0.17019349178841958
-0.26338220593134853
-0.3519491212805108
-0.43260399017186313
-0.5
-0.5
-0.5
-0.5
-0.5
-0.5
-0.5
-0.5
-0.5
-0.5
-0.5
-0.5
-0.5
-0.5
-0.5
-0.5
-0.5
-0.5
-0.5
-0.5
-0.5
-0.5
-0.5
-0.5
-0.5
-0.5
-0.5
-0.41045212133339437
-0.28553288520270687
-0.1905047388302617
-0.10347679306372626
-0.022115328719771066
0.05202752665906896
0.1168443846818722
0.17041749410415663
0.1919507063442608
0.18886953882179314
0.17154503666560883
0.14664160584199792
0.11837462705841728
0.08934939402764697
0.06111975045916418
0.034559195928912545
0.010106639723612143
-0.012071536395157567
-0.08867558641612255
-0.18157072381072348
-0.2747585038782248
-0.36274998773073625
-0.4424668001189947
-0.5
-0.5
-0.5
-0.5
-0.5
-0.5
-0.5
-0.5
-0.5
-0.5
-0.5
-0.5
-0.5
-0.5
-0.5
-0.5
-0.5
-0.5
-0.5
-0.5
-0.5
-0.5
-0.5
-0.5
-0.5
-0.5
-0.5
-0.39387192663784965
-0.27444569401711927
-0.18054405222067632
-0.09399490726715554
-0.01322470793154329
0.06007923473203303
0.12381127421563343
0.17608932512532338
0.19351003402289213
0.1879606332340955
0.16923346282211682
0.1436095008877778
0.11505110174691191
0.08599748297411136
0.05789427700390026
0.03154518223179725
0.007344716442999166
-0.015428555827719403
-0.0981038890634921
-0.19220437358759418
-0.2853185005050506
-0.372722651215072
-0.451522305991892
-0.5
-0.5
-0.5
-0.5
-0.5
-0.5
-0.5
-0.5
-0.5
-0.5
-0.5
-0.5
-0.5
-0.5
-0.5
-0.5
-0.5
-0.5
-0.5
-0.5
-0.5
-0.5
-0.5
-0.5
-0.5
-0.5
-0.5
-0.3767970615488916
-0.26317727268427915
-0.1705067965414293
-0.08449720097276886
-0.004368315800903355
0.06805155347596592
0.13065829846771104
0.180387896168002
0.1942667643218039
0.18661664137922718
0.1667199928819154
0.14052029712985692
0.11175747546644743
0.08272500199511457
0.05477377073606471
0.028646570796040716
0.004699365677102385
-0.02758841594486522
-0.1120172151666946
-0.20591181137018433
-0.2980978231587065
-0.38414538226551376
-0.4612648206562913
-0.5
-0.5
-0.5
-0.5
-0.5
-0.5
-0.5
-0.5
-0.5
-0.5
-0.5
-0.5
-0.5
-0.5
-0.5
-0.5
-0.5
-0.5
-0.5
-0.5
-0.5
-0.5
-0.5
-0.5
-0.5
-0.5
-0.5
-0.358428640249914
-0.25095083438679316
-0.15953442817989794
-0.0740419735007587
0.005456854861347837
0.07698100595153268
0.13842616961945142
0.18336559134019492
0.1943199483945942
0.18495964178286073
0.16413494467220624
0.13750356392023655
0.10861735216715618
0.07964679747755854
0.05186306351312442
0.025957872168001606
0.0022550378766150736
-0.038986236191296486
-0.12501950035077597
-0.21867034061373553
-0.3099382297907215
-0.3946725985194973
-0.47018365460886485
-0.5
-0.5
-0.5
-0.5
-0.5
-0.5
-0.5
-0.5
-0.5
-0.5
-0.5
-0.5
-0.5
-0.5
-0.5
-0.5
-0.5
-0.5
-0.5
-0.5
-0.5
-0.5
-0.5
-0.5
-0.5
-0.5
-0.4982763789123645
-0.34175573169759454
-0.2396022947780982
-0.1493008939124944
-0.06430856584988442
0.014571128072487949
0.08522778263683117
0.14556038652817993
0.18605323341486846
0.19429611803766023
0.18335332828776385
0.16167299706687965
0.13464696909236318
0.10565216474063799
0.07674470663696342
0.04912164362124016
0.023427251358884904
-4.450311364301296e-05
-0.04958765620357852
-0.13710723917421935
-0.23052994115231978
-0.3209438415093201
-0.40445744497027014
-0.47847366204788255
-0.5
-0.5
-0.5
-0.5
-0.5
-0.5
-0.5
-0.5
-0.5
-0.5
-0.5
-0.5
-0.5
-0.5
-0.5
-0.5
-0.5
-0.5
-0.5
-0.5
-0.5
-0.5
-0.5
-0.5
-0.5
-0.5
-0.4739877853091333
-0.32627615232405577
-0.22611691682040247
-0.13672954935812792
-0.05274182018873458
0.02483395728317661
0.09388737156841198
0.15236732263592256
0.18771881619932618
0.19288808561584925
0.1802103806354891
0.15765095801984463
0.13028314767012827
0.1012749321253017
0.07254640380977673
0.04520696337762631
0.01984523306113839
-0.0032794140542989902
-0.05971651991472393
-0.14858721593643964
-0.24192674894815153
-0.3316985304822992
-0.4142194311770375
-0.4869683936702988
-0.5
-0.5
-0.5
-0.5
-0.5
-0.5
-0.5
-0.5
-0.5
-0.5
-0.5
-0.5
-0.5
-0.5
-0.5
-0.5
-0.5
-0.5
-0.5
-0.5
-0.5
-0.5
-0.5
-0.5
-0.5
-0.5
-0.45098440192058575
-0.3117311196695145
-0.2135243454635506
-0.12505090159931498
-0.04205381115245599
0.034256413845206724
0.10176986880179317
0.15848319185740944
0.18906876853344634
0.1913971445214916
0.1771239712655931
0.15376448197681636
0.12609525566782653
0.09708969659488254
0.06854128970823492
0.04147792505888137
0.016436528634479974
-0.0063556054324415134
-0.06904889836967237
-0.15916756584754665
-0.2524533677863378
-0.3416590496668205
-0.42328926280795204
-0.49489159316832904
-0.5
-0.5
-0.5
-0.5
-0.5
-0.5
-0.5
-0.5
-0.5
-0.5
-0.5
-0.5
-0.5
-0.5
-0.5
-0.5
-0.5
-0.5
-0.5
-0.5
-0.5
-0.5
-0.5
-0.5
-0.5
-0.5
-0.4297039799278974
-0.29827968533706706
-0.20188186805713249
-0.11425628857038889
-0.03217784736637769
0.04295962150521149
0.1090467450337671
0.16412438332992707
0.19030248333366118
0.19000425444693902
0.1742565739206906
0.15015831467274543
0.12221150984590823
0.09320955140694331
0.06482880015189152
0.03802174594579388
0.013277498462412218
-0.009206315335612225
-0.07829323721015746
-0.1696530830325635
-0.26285113719870157
-0.3514549042280556
-0.4321629705644096
-0.5
-0.5
-0.5
-0.5
-0.5
-0.5
-0.5
-0.5
-0.5
-0.5
-0.5
-0.5
-0.5
-0.5
-0.5
-0.5
-0.5
-0.5
-0.5
-0.5
-0.5
-0.5
-0.5
-0.5
-0.5
-0.5
-0.5
-0.4115114315160393
-0.2862283447627184
-0.1911217551540495
-0.10405871211286727
-0.022656082055913906
0.05154276087755105
0.11643030721915337
0.17008651748115433
0.19186954238743925
0.18893772845751222
0.17169753937491428
0.14683684060401403
0.11858648732270372
0.08956192421398312
0.06132360392536029
0.03474928444265579
0.010280579061869854
-0.011914449587148934
-0.08806999719059971
-0.1808763096280006
-0.2740675430938012
-0.36209783749828206
-0.4418753412894056
-0.5
-0.5
-0.5
-0.5
-0.5
-0.5
-0.5
-0.5
-0.5
-0.5
-0.5
-0.5
-0.5
-0.5
-0.5
-0.5
-0.5
-0.5
-0.5
-0.5
-0.5
-0.5
-0.5
-0.5
-0.5
-0.5
-0.5
-0.39502062947717526
-0.27520792320001425
-0.18122527353738077
-0.09464090105513406
-0.013828200956039316
0.05953493577251423
0.12334273874487
0.17571064861281027
0.19341022913586525
0.18802794771819908
0.1693955029343055
0.14381994705531465
0.11528083801429057
0.08622868257905614
0.05811646668150616
0.03175263001892603
0.007534703860505032
-0.014532128364231012
-0.0970779795133192
-0.19119441514341995
-0.28437790128457835
-0.3718829682778473
-0.45080730479328224
-0.5
-0.5
-0.5
-0.5
-0.5
-0.5
-0.5
-0.5
-0.5
-0.5
-0.5
-0.5
-0.5
-0.5
-0.5
-0.5
-0.5
-0.5
-0.5
-0.5
-0.5
-0.5
-0.5
-0.5
-0.5
-0.5
-0.5
-0.378444286088496
-0.2642674231033423
-0.17148060580345026
-0.08542137554956919
-0.005233070127214079
0.06726968069874761
0.12998271391923788
0.18014025993492067
0.19427961571752272
0.1867810692239481
0.16696592578481206
0.14080333584953797
0.11205010766442425
0.08301075114396905
0.05504330822054726
0.02889514040252561
0.004925084406293245
-0.02652594214548204
-0.1108030691923268
-0.20471848947739818
-0.29698847137950474
-0.3831571532155943
-0.46042558350848956
-0.5
-0.5
-0.5
-0.5
-0.5
-0.5
-0.5
-0.5
-0.5
-0.5
-0.5
-0.5
-0.5
-0.5
-0.5
-0.5
-0.5
-0.5
-0.5
-0.5
-0.5
-0.5
-0.5
-0.5
-0.5
-0.5
-0.5
-0.3600189230198421
-0.2520097333340183
-0.16048500537911364
-0.07494800678952512
0.004605152003031354
0.07620664842306257
0.13775219675044648
0.18310623891915667
0.1943138000184662
0.18510162689967502
0.16435738171724823
0.13776349424410828
0.10888808820537932
0.0799122926486654
0.052114170223868106
0.026189862131568153
0.002465965421384664
-0.03798680608318239
-0.12387974803183116
-0.21755306373066735
-0.308902630540218
-0.39375322261913615
-0.46940623255836955
-0.5
-0.5
-0.5
-0.5
-0.5
-0.5
-0.5
-0.5
-0.5
-0.5
-0.5
-0.5
-0.5
-0.5
-0.5
-0.5
-0.5
-0.5
-0.5
-0.5
-0.5
-0.5
-0.5
-0.5
-0.5
-0.5
-0.5
-0.3431869883022093
-0.24078327509055186
-0.15039572694759507
-0.06532383769589023
0.013658911235325255
0.08444487391879951
0.14492951227879913
0.1858761109286694
0.19439154380723722
0.18360385073921193
0.16200340702261207
0.1350099358591531
0.10601865810303579
0.07709762248106711
0.04945157245197862
0.023729678810373134
0.00022895996109961736
-0.04850136241004804
-0.13587384999637164
-0.22931800997246204
-0.319815819816317
-0.40345049502123775
-0.4776158285649806
-0.5
-0.5
-0.5
-0.5
-0.5
-0.5
-0.5
-0.5
-0.5
-0.5
-0.5
-0.5
-0.5
-0.5
-0.5
-0.5
-0.5
-0.5
-0.5
-0.5
-0.5
-0.5
-0.5
-0.5
-0.5
-0.5
-0.47639803965707495
-0.3278090212553551
-0.22744986893273733
-0.13797020091904644
-0.053881481415892496
0.023824692639569545
0.09303789297636056
0.15170205394578828
0.18755985594687286
0.19303159179510632
0.18052440428055028
0.158051165522746
0.1307166110258844
0.10170932246261288
0.07296280151659085
0.04559508708607274
0.02020028480964442
-0.002958825205001292
-0.05874496571114668
-0.14748677902062585
-0.2408329848552498
-0.33066466154532675
-0.4132790802189299
-0.4861480144169034
-0.5
-0.5
-0.5
-0.5
-0.5
-0.5
-0.5
-0.5
-0.5
-0.5
-0.5
-0.5
-0.5
-0.5
-0.5
-0.5
-0.5
-0.5
-0.5
-0.5
-0.5
-0.5
-0.5
-0.5
-0.5
-0.5
-0.45320047570662636
-0.3131299218880461
-0.21473384731788991
-0.12617151705892687
-0.043078353289598525
0.03335424750948068
0.10101632937829497
0.15789992881760861
0.18894232756056495
0.19154288245053397
0.17742244352171976
0.15413941626369898
0.12649884658443022
0.097492803104135
0.06892691411253271
0.04183688660596907
0.016764603380281184
-0.006059566434412522
-0.06815151780764006
-0.15815026651310599
-0.2514412794596589
-0.34070142546772403
-0.42241730400793875
-0.49412990139009977
-0.5
-0.5
-0.5
-0.5
-0.5
-0.5
-0.5
-0.5
-0.5
-0.5
-0.5
-0.5
-0.5
-0.5
-0.5
-0.5
-0.5
-0.5
-0.5
-0.5
-0.5
-0.5
-0.5
-0.5
-0.5
-0.5
-0.43187850695376256
-0.29966336888935674
-0.20308455581564017
-0.11537449758316598
-0.03320339140758338
0.04205350419962339
0.10828670787753625
0.1635325112678011
0.19017250024931165
0.1901495604705431
0.17455644905966594
0.15053566350250114
0.12261800309434345
0.09361572128395412
0.06521745126523804
0.03838358365365757
0.013608238732605304
-0.008907847553880355
-0.07726952120332425
-0.16848773530966532
-0.2616943749174727
-0.35036462167128696
-0.4311751262075193
-0.5
-0.5
-0.5
-0.5
-0.5
-0.5
-0.5
-0.5
-0.5
-0.5
-0.5
-0.5
-0.5
-0.5
-0.5
-0.5
-0.5
-0.5
-0.5
-0.5
-0.5
-0.5
-0.5
-0.5
-0.5
-0.5
-0.5
-0.4132426372713012
-0.2873828518919318
-0.19215697275621224
-0.10504268064248123
-0.023577275857384394
0.05070999794622
0.11571143352224589
0.169503251287221
0.19171346722925153
0.1890377920709494
0.17194291865014044
0.1471566147099821
0.11893606431463688
0.08991399080633089
0.06166210293641006
0.03506541736175606
0.010570161845389947
-0.011652727614904546
-0.08712759444712342
-0.17979311446974006
-0.27298335248459576
-0.36106738651026776
-0.4409332790744531
-0.5
-0.5
-0.5
-0.5
-0.5
-0.5
-0.5
-0.5
-0.5
-0.5
-0.5
-0.5
-0.5
-0.5
-0.5
-0.5
-0.5
-0.5
-0.5
-0.5
-0.5
-0.5
-0.5
-0.5
-0.5
-0.5
-0.5
-0.3966151449765051
-0.2762737816581998
-0.1821825767604469
-0.09555199182879398
-0.014682294846151411
0.058761625425523434
0.12267382932143278
0.1751663259180174
0.1932610467574084
0.1881158923992967
0.16961817751178943
0.14411180311031546
0.11560064352714794
0.08655116554008646
0.05842675399926556
0.03204255615545748
0.007800368885373943
-0.01415655088613077
-0.09614009559901227
-0.1901482147853817
-0.28334390035893287
-0.37091035625273416
-0.4499279356107288
-0.5
-0.5
-0.5
-0.5
-0.5
-0.5
-0.5
-0.5
-0.5
-0.5
-0.5
-0.5
-0.5
-0.5
-0.5
-0.5
-0.5
-0.5
-0.5
-0.5
-0.5
-0.5
-0.5
-0.5
-0.5
-0.5
-0.5
-0.3802309013291526
-0.2654370838077351
-0.17251697978288644
-0.08639837546748241
-0.006140931239474012
0.06645558785902161
0.12928687400697436
0.17990213669904942
0.1943189589453952
0.18698077422225767
0.16725076131046235
0.14112573462072742
0.11238068769010456
0.0833320042745096
0.055345407644089795
0.02917316448577678
0.00517718612992879
-0.025373485604209434
-0.10948431006032028
-0.20341886310372942
-0.29577643041205987
-0.3820733713427392
-0.45950081352303884
-0.5
-0.5
-0.5
-0.5
-0.5
-0.5
-0.5
-0.5
-0.5
-0.5
-0.5
-0.5
-0.5
-0.5
-0.5
-0.5
-0.5
-0.5
-0.5
-0.5
-0.5
-0.5
-0.5
-0.5
-0.5
-0.5
-0.5
-0.3616933900157491
-0.25312790467822316
-0.1614907543775272
-0.07590801110414996
0.0037014652213005483
0.07538375430983502
0.13703460127844336
0.18282793616233461
0.19430391845826755
0.18524892493153955
0.16459018791485136
0.13803630414607182
0.10917262038153885
0.08019153059343931
0.05237840218520251
0.02643405670155685
0.002688039186508062
-0.036940658072851906
-0.12268658996315834
-0.21638302568097934
-0.3078176535115671
-0.39278950074365687
-0.46859075434991265
-0.5
-0.5
-0.5
-0.5
-0.5
-0.5
-0.5
-0.5
-0.5
-0.5
-0.5
-0.5
-0.5
-0.5
-0.5
-0.5
-0.5
-0.5
-0.5
-0.5
-0.5
-0.5
-0.5
-0.5
-0.5
-0.5
-0.5
-0.3447245148413449
-0.2418086972201669
-0.15131724480514502
-0.0662028552117857
0.01283200528673345
0.08369246431780086
0.1442740073772938
0.1856231119073023
0.1943844028447823
0.18374059556422662
0.1622183467016418
0.1352613705732889
0.10628067803653718
0.07735464466551523
0.04969470967110978
0.02395433335507635
0.00043323536336303814
-0.0475418868218066
-0.13477938951067492
-0.2282444607784198
-0.3188199883935294
-0.4025656088867716
-0.4768666847862755
-0.5
-0.5
-0.5
-0.5
-0.5
-0.5
-0.5
-0.5
-0.5
-0.5
-0.5
-0.5
-0.5
-0.5
-0.5
-0.5
-0.5
-0.5
-0.5
-0.5
-0.5
-0.5
-0.5
-0.5
-0.5
-0.5
-0.4785263774174522
-0.32916864623350206
-0.22863599475338214
-0.1390769783801779
-0.05490075963782537
0.022919308806405914
0.09227279649918763
0.15109926644577187
0.18740937808468794
0.1931516831502016
0.18079738416071955
0.1584017851600048
0.13109761251009378
0.10209181088211516
0.07332983880040533
0.0459374406492028
0.020513615994534495
-0.0026758118862252323
-0.057890007435621005
-0.1465188816758516
-0.23987130306988835
-0.3297559526861676
-0.4124528622901851
-0.48542749657597434
-0.5
-0.5
-0.5
-0.5
-0.5
-0.5
-0.5
-0.5
-0.5
-0.5
-0.5
-0.5
-0.5
-0.5
-0.5
-0.5
-0.5
-0.5
-0.5
-0.5
-0.5
-0.5
-0.5
-0.5
-0.5
-0.5
-0.45514457412913145
-0.31435695342997017
-0.21579476379377216
-0.12715442274370087
-0.0439769503615296
0.03256302725209104
0.10035550883614164
0.15738849372096397
0.18883157847463328
0.1916708592891918
0.1776843759552218
0.15446840298076048
0.12685295623649595
0.09784647587175499
0.06926524170155135
0.04215181730021966
0.017052433245032472
-0.00579984419498486
-0.0673653239634312
-0.15725901499415695
-0.2505545226838902
-0.33986230243869275
-0.4216531535547601
-0.49346228536921777
-0.5
-0.5
-0.5
-0.5
-0.5
-0.5
-0.5
-0.5
-0.5
-0.5
-0.5
-0.5
-0.5
-0.5
-0.5
-0.5
-0.5
-0.5
-0.5
-0.5
-0.5
-0.5
-0.5
-0.5
-0.5
-0.5
-0.43365992374058226
-0.30078853399563404
-0.20405791601871215
-0.11627666583454382
-0.03402853114183807
0.041326590006752206
0.10767917626174295
0.16306182149243953
0.19006970087732145
0.19026599520066012
0.17479594862359504
0.15083681428131568
0.12294230908275505
0.09393971285926483
0.0655274355827512
0.03867216173506982
0.013872002907327596
-0.008669828638786403
-0.07645447966754809
-0.16756354886214025
-0.26078095632536735
-0.34950769034535223
-0.43040272658358525
-0.5
-0.5
-0.5
-0.5
-0.5
-0.5
-0.5
-0.5
-0.5
-0.5
-0.5
-0.5
-0.5
-0.5
-0.5
-0.5
-0.5
-0.5
-0.5
-0.5
-0.5
-0.5
-0.5
-0.5
-0.5
-0.5
-0.5
-0.4146242727027251
-0.28830378540117296
-0.19298245650585277
-0.105827068715588
-0.02431139598057619
0.05004659623648877
0.11513903930714631
0.1690391651833174
0.19159008083708273
0.18911863879649937
0.17213958805614815
0.14741253333338733
0.11921566528640382
0.09019549262807891
0.0619327041101525
0.03531810690698356
0.010801609578968252
-0.011443560202628655
-0.08637535721670714
-0.17892840914270475
-0.2721177049962724
-0.3602444878691126
-0.44018080363219986
-0.5
-0.5
-0.5
-0.5
-0.5
-0.5
-0.5
-0.5
-0.5
-0.5
-0.5
-0.5
-0.5
-0.5
-0.5
-0.5
-0.5
-0.5
-0.5
-0.5
-0.5
-0.5
-0.5
-0.5
-0.5
-0.5
-0.5
-0.3978870917875935
-0.27712410295413975
-0.18294634286892875
-0.09627891953940126
-0.015363773424687421
0.058144577531108244
0.12214005844475417
0.17473194085478871
0.19314195975467352
0.1881860205093403
0.16979581511500053
0.14434464705313277
0.11585579329740159
0.08680845552336547
0.05867431616099816
0.032273874617173015
0.008012331438579823
-0.013964935919097976
-0.09544970415644982
-0.18935496577712407
-0.28255026165048375
-0.37015640023707874
-0.4492389972500664
-0.5
-0.5
-0.5
-0.5
-0.5
-0.5
-0.5
-0.5
-0.5
-0.5
-0.5
-0.5
-0.5
-0.5
-0.5
-0.5
-0.5
-0.5
-0.5
-0.5
-0.5
-0.5
-0.5
-0.5
-0.5
-0.5
-0.5
-0.38161360463010285
-0.2663396401513438
-0.173314931269134
-0.08714927243425785
-0.006837408142296941
0.06583241181438937
0.12875575365162395
0.17972362486648774
0.19435398699499806
0.18713901503292807
0.16747420676567426
0.14137772591559605
0.11263859812675159
0.08358236731132507
0.05558068084316614
0.02938958689645288
0.005373365657323603
-0.02447937978653214
-0.10846098289254802
-0.2024100388261768
-0.29483521916459987
-0.3812313688244787
-0.45878193201120016
-0.5
-0.5
-0.5
-0.5
-0.5
-0.5
-0.5
-0.5
-0.5
-0.5
-0.5
-0.5
-0.5
-0.5
-0.5
-0.5
-0.5
-0.5
-0.5
-0.5
-0.5
-0.5
-0.5
-0.5
-0.5
-0.5
-0.5
-0.3629906560269767
-0.253994308699697
-0.16227012150174602
-0.07665198158424613
0.003001091990233129
0.07474594858763461
0.13647835748742354
0.18261211837225622
0.194296117678449
0.18536293891898503
0.16477047712958137
0.13824760575370754
0.10939301769137233
0.0804078361748034
0.05258308915900212
0.0266232250976568
0.0028600735483310658
-0.03613003635583251
-0.12176206407725787
-0.21547643273218225
-0.30697698974265497
-0.39204280978151534
-0.4679589459077865
-0.5
-0.5
-0.5
-0.5
-0.5
-0.5
-0.5
-0.5
-0.5
-0.5
-0.5
-0.5
-0.5
-0.5
-0.5
-0.5
-0.5
-0.5
-0.5
-0.5
-0.5
-0.5
-0.5
-0.5
-0.5
-0.5
-0.5
-0.3459157672667461
-0.24260318301696043
-0.15203122957731308
-0.06688391333841165
0.012191320690839502
0.08310949689750058
0.14376611907815728
0.18542708071160108
0.1943788601951707
0.1838465347119146
0.1623848711486514
0.13545617179202984
0.10648368137130293
0.07755377656042284
0.04988308435095745
0.02412838850165544
0.0005915015495924214
-0.04679855916597825
-0.13393148713643954
-0.2274127582386825
-0.3180484945521995
-0.4018800657670348
-0.4762863032490053
-0.5
-0.5
-0.5
-0.5
-0.5
-0.5
-0.5
-0.5
-0.5
-0.5
-0.5
-0.5
-0.5
-0.5
-0.5
-0.5
-0.5
-0.5
-0.5
-0.5
-0.5
-0.5
-0.5
-0.5
-0.5
-0.5
-0.480175184319885
-0.33022193969377855
-0.22955488095245413
-0.13993439482823655
-0.05569039168537171
0.0222179094791225
0.09168007651965149
0.15063228599155432
0.18729280112184865
0.19324471577674163
0.18100885939539157
0.1586734079344797
0.13139277220943602
0.10238812266507458
0.0736141807641244
0.046202660314700106
0.020756352198809225
-0.0024565627680203095
-0.05722768155064106
-0.1457690629646745
-0.23912629872759578
-0.3290519850445822
-0.41181279866096954
-0.4848693169204422
-0.5
-0.5
-0.5
-0.5
-0.5
-0.5
-0.5
-0.5
-0.5
-0.5
-0.5
-0.5
-0.5
-0.5
-0.5
-0.5
-0.5
-0.5
-0.5
-0.5
-0.5
-0.5
-0.5
-0.5
-0.5
-0.5
-0.45665060298148713
-0.3153074957024682
-0.2166166229509981
-0.12791585004028672
-0.04467306695828549
0.03195009164183127
0.09984358940769744
0.15699229820875826
0.1887457826286678
0.19176999747107182
0.17788728571360335
0.15472325785679475
0.12712727325319517
0.09812045458589003
0.06952733308851922
0.04239578392227783
0.01727540576184239
-0.005598645729690543
-0.06675628792395721
-0.1565685944893544
-0.24986758381089952
-0.33921226340424016
-0.4210611927864739
-0.4929451060982011
-0.5
-0.5
-0.5
-0.5
-0.5
-0.5
-0.5
-0.5
-0.5
-0.5
-0.5
-0.5
-0.5
-0.5
-0.5
-0.5
-0.5
-0.5
-0.5
-0.5
-0.5
-0.5
-0.5
-0.5
-0.5
-0.5
-0.43503990377366397
-0.3016601473059235
-0.2048119335345111
-0.11697553452732379
-0.034667729640123546
0.04076348209584324
0.10720854835466698
0.16269719851562925
0.1899900660145626
0.19035619115065172
0.17498147740769998
0.15107010154575418
0.12319353370975916
0.09419069398858826
0.06576756598124467
0.038895709743089535
0.014076328750968425
-0.008485446441804878
-0.07582310693099337
-0.16684762687619287
-0.26007337550656484
-0.348843867265053
-0.42980438590393355
-0.5
-0.5
-0.5
-0.5
-0.5
-0.5
-0.5
-0.5
-0.5
