0.5
0.5
0.5
0.5
0.5
0.5
0.5
0.5
0.5
0.5
0.5
0.5
0.5
0.5
0.5
0.5
0.44009256284170084
0.298218696863794
0.26160183551409516
0.2427495045405062
0.22414546013560693
0.20295223991392436
0.17944171723281982
0.15455244700853016
0.1293521967819507
0.10489913947978152
0.08218807268101685
0.06211694754497765
0.0454608465026754
0.03285125275123579
0.02476055496624119
0.021492026141043563
0.02317543001800454
0.02976824424108876
0.034057641702052
-0.000661364998293501
-0.023713687581666476
-0.028697793300205166
-0.02291740519235641
-0.01109718258249881
0.030700546830121855
0.14313495541864008
0.2658711887428786
0.3834848402475878
0.490218792953102
0.5
0.5
0.5
0.5
0.5
0.5
0.5
0.5
0.5
0.5
0.5
0.5
0.5
0.5
0.5
0.5
0.5
0.5
0.5
0.5
0.5
0.5
0.5
0.5
0.5
0.5
0.5
0.5
0.3728417374436803
0.24796079291668532
0.1490120155725192
0.05835589528977908
-0.02538956413008231
-0.10044912944816053
-0.16468395556255644
-0.2036082651600707
-0.21018610931818937
-0.19759296297562112
-0.17434126575793485
-0.14585704724380077
-0.11553236294914437
-0.08542669983523488
-0.056733453383741694
-0.030089303445030136
-0.005778642933834566
0.07413444310585054
0.16769399398296891
0.2612019357188763
0.3496475782302306
0.43004328107835776
0.5
0.5
0.5
0.5
0.5
0.5
0.5
0.5
0.5
0.5
0.5
0.5
0.5
0.5
0.5
0.5
0.5
0.5
0.5
0.5
0.5
0.5
0.5
0.5
0.5
0.5
0.5
0.4006735416684774
0.279523041538047
0.18531062266149112
0.0985747587175358
0.01748464804521882
-0.0563096536951353
-0.12068992463265471
-0.17374793361475105
-0.19404801026563034
-0.19015720659174373
-0.17230493643161282
-0.1470608667036809
-0.11857706633654497
-0.08941657209177822
-0.06110506971025198
-0.03449733601180316
-0.010019866528738874
0.01216915662126361
0.09086193419347932
0.18365969239106245
0.2762759153078276
0.36359576198431637
0.44263538159497584
0.5
0.5
0.5
0.5
0.5
0.5
0.5
0.5
0.5
0.5
0.5
0.5
0.5
0.5
0.5
0.5
0.5
0.5
0.5
0.5
0.5
0.5
0.5
0.5
0.5
0.5
0.5
0.3760012505056206
0.263386844444532
0.17114119260243682
0.08541287115558743
0.005507209854022865
-0.06673429677466203
-0.12920826357879922
-0.17938253776816904
-0.193563992283319
-0.1861205647160783
-0.16636579225559045
-0.1402640646690937
-0.11156938899936497
-0.08258473781093723
-0.0546674193702954
-0.028564562174494657
-0.004635072252701988
0.030084963078291838
0.11481545823324701
0.20850518233492543
0.30032858666188844
0.3859398907953505
0.46257927867630855
0.5
0.5
0.5
0.5
0.5
0.5
0.5
0.5
0.5
0.5
0.5
0.5
0.5
0.5
0.5
0.5
0.5
0.5
0.5
0.5
0.5
0.5
0.5
0.5
0.5
0.5
0.5
0.3496017541971129
0.24538788284576935
0.15473252957470607
0.06960028751869074
-0.009510569776061795
-0.08054296196009403
-0.14139289034903524
-0.18430439074680272
-0.19403438630723535
-0.18397123656541925
-0.1627782510227408
-0.13598967542217955
-0.10707625445343882
-0.07815556308434757
-0.05046457529986614
-0.024673216554267907
-0.001091672473856442
0.045473421464498565
0.13239479120538827
0.22583249323465138
0.316498686317197
0.40041291152847036
0.474946105916066
0.5
0.5
0.5
0.5
0.5
0.5
0.5
0.5
0.5
0.5
0.5
0.5
0.5
0.5
0.5
0.5
0.5
0.5
0.5
0.5
0.5
0.5
0.5
0.5
0.5
0.5
0.4787901040516498
0.3295194698713475
0.2290584913107514
0.1395558238379201
0.05541961562358677
-0.022377577295686457
-0.09172561875403751
-0.1505638125205645
-0.18710582471152049
-0.19299651131001394
-0.18073548780097348
-0.1583970025921857
-0.13112638845298707
-0.10213895722170085
-0.07338570187450388
-0.04599601080509541
-0.020571268092876682
0.002621155756355076
0.05809753124515121
0.14674992613814486
0.24007132315453017
0.3299100804974404
0.4125558380777758
0.4854774277850377
0.5
0.5
0.5
0.5
0.5
0.5
0.5
0.5
0.5
0.5
0.5
0.5
0.5
0.5
0.5
0.5
0.5
0.5
0.5
0.5
0.5
0.5
0.5
0.5
0.5
0.5
0.45245871601026033
0.3127373351458165
0.21444310693291763
0.12593761615476112
0.04289715346592976
-0.03347984549661143
-0.10108352469824322
-0.15790753634742416
-0.18887325724866866
-0.1914319792790523
-0.17729184182889013
-0.154002882973296
-0.12636467466143508
-0.09736573488842049
-0.06880941603907398
-0.04172999074672179
-0.016668460104128036
0.006145328088922819
0.06858682130727406
0.15863921420899413
0.25191086845137517
0.3411263901084117
0.42278384727626217
0.4944283611254664
0.5
0.5
0.5
0.5
0.5
0.5
0.5
0.5
0.5
0.5
0.5
0.5
0.5
0.5
0.5
0.5
0.5
0.5
0.5
0.5
0.5
0.5
0.5
0.5
0.5
0.5
0.42962554808372727
0.29827720694942317
0.20190965915715986
0.11430358281076192
0.032240773832144964
-0.04288382482722852
-0.1089608675192788
-0.16403140094696878
-0.1902414594553985
-0.1899644980208911
-0.17423093396091416
-0.15014201270088856
-0.12220135680979571
-0.09320342254551284
-0.06482528290656309
-0.038019903953403156
-0.01327671340941261
0.00920644964041284
0.07843270408551961
0.16980718880231505
0.26299063546669693
0.35157109621862614
0.4322521390233839
0.5
0.5
0.5
0.5
0.5
0.5
0.5
0.5
0.5
0.5
0.5
0.5
0.5
0.5
0.5
0.5
0.5
0.5
0.5
0.5
0.5
0.5
0.5
0.5
0.5
0.5
0.5
0.410796866611796
0.2857729072804307
0.1907260479758831
0.10369137444997184
0.02231999260796591
-0.05183868786161039
-0.11667724215893649
-0.17027717700126432
-0.19190591730956008
-0.18888244917773023
-0.171591092623825
-0.1467050537777278
-0.1184455247970907
-0.08942161748105615
-0.06118966659596692
-0.034624781504313584
-0.010166897933270524
0.012016960384038045
0.08851299319732431
0.18138246220165655
0.27456661964012485
0.3625637652840037
0.44229254025544046
0.5
0.5
0.5
0.5
0.5
0.5
0.5
0.5
0.5
0.5
0.5
0.5
0.5
0.5
0.5
0.5
0.5
0.5
0.5
0.5
0.5
0.5
0.5
0.5
0.5
0.5
0.5
0.3940391679827612
0.2745623112031217
0.180651692313678
0.09409936617721343
0.013324430003662624
-0.05998712370792325
-0.12372963267640458
-0.1760206534491765
-0.1934877610089889
-0.18796640735420256
-0.1692553701060281
-0.14363989522857035
-0.11508515570371591
-0.08603222117784237
-0.05792793264447771
-0.03157676968149492
-0.007373748338035946
0.015324445784357266
0.0979839479386676
0.19208398092221468
0.285203716536855
0.372617340863236
0.45142954878995684
0.5
0.5
0.5
0.5
0.5
0.5
0.5
0.5
0.5
0.5
0.5
0.5
0.5
0.5
0.5
0.5
0.5
0.5
0.5
0.5
0.5
0.5
0.5
0.5
0.5
0.5
0.5
0.3769088663393813
0.26325543700267134
0.1705791701852158
0.08456768360412631
0.004435886545715584
-0.06798880764299942
-0.13060229142275592
-0.18036465203512086
-0.19426364547924346
-0.18662540877682998
-0.16673532776814248
-0.1405388131409615
-0.11177705923800674
-0.08274437376452626
-0.05479219216739384
-0.028663651248859723
-0.00471493423248448
0.02752911307188599
0.11194904028285807
0.205843741189368
0.2980333285222713
0.3840866333957888
0.46121352238252145
0.5
0.5
0.5
0.5
0.5
0.5
0.5
0.5
0.5
0.5
0.5
0.5
0.5
0.5
0.5
0.5
0.5
0.5
0.5
0.5
0.5
0.5
0.5
0.5
0.5
0.5
0.5
0.3584835580590892
0.25098956257702676
0.15957051215146134
0.07407729323069479
-0.005422820186169353
-0.07694921590489001
-0.13839758756002574
-0.18335321316413644
-0.1943175614219339
-0.18496319151715168
-0.16414180998802708
-0.13751207261552922
-0.1086264575583945
-0.07965586284253634
-0.051871718713860426
-0.025965918544255562
-0.0022623853873181554
0.03895799980421705
0.12498713551177681
0.21863814501513285
0.3099078482105208
0.39464504774139963
0.4701597263482933
0.5
0.5
0.5
0.5
0.5
0.5
0.5
0.5
0.5
0.5
0.5
0.5
0.5
0.5
0.5
0.5
0.5
0.5
0.5
0.5
0.5
0.5
0.5
0.5
0.5
0.5
0.498313974590222
0.3417809346062425
0.2396250490192231
0.14932268572000507
0.06432914790794014
-0.01455231614950081
-0.08521130292956047
-0.1455467253738273
-0.18604878043201467
-0.19429723262089682
-0.18335764677404576
-0.1616790023771255
-0.13465370328123327
-0.10565903726923298
-0.07675136672807081
-0.049127895484967876
-0.023432998071637123
3.929660213786157e-05
0.049571190593254266
0.13708849714310822
0.23051125584233767
0.32092613082639476
0.4044412909743761
0.4784595247185239
0.5
0.5
0.5
0.5
0.5
0.5
0.5
0.5
0.5
0.5
0.5
0.5
0.5
0.5
0.5
0.5
0.5
0.5
0.5
0.5
0.5
0.5
0.5
0.5
0.5
0.5
0.47400966451270665
0.32629061657645303
0.22612984675431785
0.13674183971561277
0.052753345096501425
-0.02482350721930049
-0.09387830632365979
-0.1523599077941793
-0.1877165416243144
-0.19288891000514263
-0.1802129796459936
-0.1576544825180215
-0.13028706227451692
-0.10127890752859747
-0.07255024510242702
-0.04521056245450661
-0.019848537123395404
0.003276423253905092
0.05970869233657061
0.14857832433840912
0.2419177993695355
0.3316899413916772
0.4142114818671446
0.48696131208850785
0.5
0.5
0.5
0.5
0.5
0.5
0.5
0.5
0.5
0.5
0.5
0.5
0.5
0.5
0.5
0.5
0.5
0.5
0.5
0.5
0.5
0.5
0.5
0.5
0.5
0.5
0.45099484384609717
0.31173796562682365
0.21353042934776173
0.12505665823649398
0.04205918470024772
-0.034251567160237584
-0.10176569281113923
-0.15847980898583547
-0.18906779374102678
-0.19139761763844143
-0.17712526977529142
-0.1537662071127993
-0.12609715634775776
-0.0970916186968025
-0.0685431423109144
-0.0414796580296235
-0.01643811780008564
0.0063541680534348055
0.06904511218699094
0.15916325924006686
0.25244902865467944
0.3416548813134147
0.4232854011862011
0.4948881494196446
0.5
0.5
0.5
0.5
0.5
0.5
0.5
0.5
0.5
0.5
0.5
0.5
0.5
0.5
0.5
0.5
0.5
0.5
0.5
0.5
0.5
0.5
0.5
0.5
0.5
0.5
0.42970967994887566
0.29828349564304435
0.20188529337007033
0.1142595528359866
0.03218091255835509
-0.04295684018054702
-0.10904433199254393
-0.16412241092796298
-0.19030191623075976
-0.19000453223508063
-0.17425733327290727
-0.15015932285935396
-0.1222126203358398
-0.09321067426111163
-0.06482988231832953
-0.03802275817816292
-0.013278426664703913
0.009205475810183494
0.07829081470133809
0.16965029753587052
0.2628483139477354
0.35145217880766916
0.43216043398898274
0.5
0.5
0.5
0.5
0.5
0.5
0.5
0.5
0.5
0.5
0.5
0.5
0.5
0.5
0.5
0.5
0.5
0.5
0.5
0.5
0.5
0.5
0.5
0.5
0.5
0.5
0.5
0.4115139186393737
0.2862300762086545
0.19112335150613546
0.10406025985574707
0.0226575581873672
-0.05154139896764387
-0.11642910187693267
-0.17008550569811132
-0.19186921968958348
-0.18893782195384767
-0.1716978719394805
-0.1468372985950056
-0.1185869990217786
-0.08956244544608494
-0.061324108485513396
-0.034749757738491094
-0.010281013905387715
0.011914055753107777
0.0880688235284785
0.18087495064568354
0.27406615794640354
0.36209649321175164
0.4418740833499871
0.5
0.5
0.5
0.5
0.5
0.5
0.5
0.5
0.5
0.5
0.5
0.5
0.5
0.5
0.5
0.5
0.5
0.5
0.5
0.5
0.5
0.5
0.5
0.5
0.5
0.5
0.5
0.395021836853034
0.27520876510923775
0.18122605064177488
0.09464165519664525
0.013828920903457942
-0.059534270769511455
-0.12334214932280108
-0.17571015282330726
-0.19341006831780827
-0.18802798938503706
-0.16939566107453707
-0.14382016646869145
-0.11528108384954683
-0.08622893335571902
-0.05811670964414628
-0.03175285805177086
-0.007534913444947944
0.014531376738794788
0.09707711359868532
0.19119354597550764
0.2843770726154482
0.3718822080096503
0.45080663515778435
0.5
0.5
0.5
0.5
0.5
0.5
0.5
0.5
0.5
0.5
0.5
0.5
0.5
0.5
0.5
0.5
0.5
0.5
0.5
0.5
0.5
0.5
0.5
0.5
0.5
0.5
0.5
0.37844509329618026
0.2642679874307057
0.1714811283218381
0.08542188441420429
0.005233557967854796
-0.06726922769352006
-0.12998230956698376
-0.18014009212143556
-0.1942795932027208
-0.1867811325242087
-0.16696603650025799
-0.14080346953159306
-0.11205024905521144
-0.08301089100398229
-0.055043441219227884
-0.028895263719577513
-0.00492519680774639
0.02652551399411701
0.1108025769875941
0.20471799802876617
0.29698800574550743
0.38315672906463977
0.46042521314896856
0.5
0.5
0.5
0.5
0.5
0.5
0.5
0.5
0.5
0.5
0.5
0.5
0.5
0.5
0.5
0.5
0.5
0.5
0.5
0.5
0.5
0.5
0.5
0.5
0.5
0.5
0.5
0.36001931951406274
0.25201001294271885
0.16048526589708106
0.0749482617897822
-0.004604906280632148
-0.07620641890642155
-0.13775199039478891
-0.18310614955186444
-0.1943137827853838
-0.1851016525282494
-0.1643574312835443
-0.13776355567520526
-0.10888815394445972
-0.07991235809874075
-0.05211423271262794
-0.026189920224732544
-0.002466018468879727
0.037986602221807275
0.12387951436378164
0.21755283128449499
0.30890241119091677
0.39375302370769594
0.46940605980082895
0.5
0.5
0.5
0.5
0.5
0.5
0.5
0.5
0.5
0.5
0.5
0.5
0.5
0.5
0.5
0.5
0.5
0.5
0.5
0.5
0.5
0.5
0.5
0.5
0.5
0.5
0.5
0.34318717894838957
0.24078340933036368
0.1503958518968882
0.06532395990647433
-0.013658793557936644
-0.08444476409294444
-0.1449294136346856
-0.18587606843557747
-0.19439153591938052
-0.18360386339736123
-0.16200343113954785
-0.13500996563903078
-0.10601868991946362
-0.07709765412933922
-0.04945160265172144
-0.023729706875652457
-0.00022898558240047606
0.04850126409286032
0.13587373726511037
0.22931789777954792
0.31981571389161356
0.40345039891199574
0.4776157450363484
0.5
0.5
0.5
0.5
0.5
0.5
0.5
0.5
0.5
0.5
0.5
0.5
0.5
0.5
0.5
0.5
0.5
0.5
0.5
0.5
0.5
0.5
0.5
0.5
0.5
0.5
0.4763981743665609
0.3278091108666862
0.2274499493758712
0.13797027762482678
0.053881553568284335
-0.02382462698235388
-0.09303783576133173
-0.15170200684842072
-0.18755984092602795
-0.19303159614784005
-0.18052441976173705
-0.1580511868424188
-0.1307166348455937
-0.10170934672603593
-0.07296282500390316
-0.04559510911801112
-0.020200305051615075
0.002958806872029096
0.05874491811092697
0.1474867250419008
0.24083293059598476
0.33066460953630195
0.41327903214495254
0.4861479716501088
0.5
0.5
0.5
0.5
0.5
0.5
0.5
0.5
0.5
0.5
0.5
0.5
0.5
0.5
0.5
0.5
0.5
0.5
0.5
0.5
0.5
0.5
0.5
0.5
0.5
0.5
0.45320053926754034
0.3131299635120145
0.21473388427838458
0.12617155200951125
0.043078385894030735
-0.033354218123017754
-0.10101630408182527
-0.1578999083527025
-0.18894232171398673
-0.19154288539051323
-0.1774224514676095
-0.1541394267940157
-0.12649885817475892
-0.09749281481898986
-0.06892692540027723
-0.04183689716267047
-0.01676461305963428
0.006059557680416661
0.06815149477856036
0.1581502403173914
0.2514412530625021
0.340701400105478
0.42241728050785915
0.49412988042871253
0.5
0.5
0.5
0.5
0.5
0.5
0.5
0.5
0.5
0.5
0.5
0.5
0.5
0.5
0.5
0.5
0.5
0.5
0.5
0.5
0.5
0.5
0.5
0.5
0.5
0.5
0.4318785375626858
0.29966338897984657
0.20308457368382493
0.11537451450048886
0.03320340720861592
-0.04205348993790814
-0.10828669557840254
-0.1635325012918314
-0.19017249735108277
-0.1901495618293727
-0.17455645284664079
-0.15053566854593547
-0.12261800865636352
-0.09361572691151532
-0.06521745669096601
-0.03838358873001735
-0.013608243388342545
0.008907843342431443
0.07726950908299524
0.16848772152632246
0.26169436111278893
0.35036460850795403
0.4311751141160947
0.5
0.5
0.5
0.5
0.5
0.5
0.5
0.5
0.5
0.5
0.5
0.5
0.5
0.5
0.5
0.5
0.5
0.5
0.5
0.5
0.5
0.5
0.5
0.5
0.5
0.5
0.5
0.41324264996043303
0.28738286070742136
0.19215698087190247
0.10504268850147114
0.023577283343215794
-0.050709991050021275
-0.11571142743061169
-0.16950324618757018
-0.19171346563828195
-0.18903779259693088
-0.1719429203899795
-0.1471566170844808
-0.11893606695846504
-0.08991399349464402
-0.061662105536001044
-0.035065419798617437
-0.010570164083244404
0.011652725588751855
0.08712758842211138
0.17979310748853639
0.2729833453628117
0.36106737959234336
0.4409332725947411
0.5
0.5
0.5
0.5
0.5
0.5
0.5
0.5
0.5
0.5
0.5
0.5
0.5
0.5
0.5
0.5
0.5
0.5
0.5
0.5
0.5
0.5
0.5
0.5
0.5
0.5
0.5
0.3966151511602804
0.2762737859722573
0.18218258074360072
0.09555199569502443
0.014682298537760596
-0.05876162201496593
-0.12267382629777546
-0.17516632337387072
-0.1932610459308418
-0.18811589261106376
-0.16961817832090798
-0.1441118042337649
-0.11560064478623266
-0.08655116682466124
-0.05842675524391805
-0.03204255732369021
-0.0078003699591330244
0.014156549913358074
0.09614009270291557
0.19014821143480493
0.2833438969467092
0.37091035294393765
0.4499279325171476
0.5
0.5
0.5
0.5
0.5
0.5
0.5
0.5
0.5
0.5
0.5
0.5
0.5
0.5
0.5
0.5
0.5
0.5
0.5
0.5
0.5
0.5
0.5
0.5
0.5
0.5
0.5
0.38023090472786053
0.2654370861229781
0.17251698188910447
0.08639837749114809
0.00614093315391917
-0.06645558610784186
-0.129286872472817
-0.1799021361237273
-0.19431895895457973
-0.18698077457240214
-0.16725076184478793
-0.14112573523981697
-0.11238068833228176
-0.08333200490277048
-0.05534540823741774
-0.029173165033388515
-0.00517718662747757
0.02537348372834558
0.10948430789978791
0.2034188609410329
0.29577642835726614
0.38207336946523635
0.45950081187766856
0.5
0.5
0.5
0.5
0.5
0.5
0.5
0.5
0.5
0.5
0.5
0.5
0.5
0.5
0.5
0.5
0.5
0.5
0.5
0.5
0.5
0.5
0.5
0.5
0.5
0.5
0.5
0.36169339172932213
0.2531279058892738
0.16149075550743974
0.07590801221122068
-0.0037014641535202397
-0.0753837533114673
-0.13703460037973803
-0.1828279357710112
-0.19430391837995153
-0.18524892503936152
-0.1645901881267774
-0.13803630440975256
-0.10917262066419386
-0.08019153087511532
-0.0523784024542886
-0.026434056951809337
-0.002688039415084331
0.03694065719240658
0.12268658895431978
0.2163830246778981
0.3078176525655111
0.3927894998862693
0.4685907536058023
0.5
0.5
0.5
0.5
0.5
0.5
0.5
0.5
0.5
0.5
0.5
0.5
0.5
0.5
0.5
0.5
0.5
0.5
0.5
0.5
0.5
0.5
0.5
0.5
0.5
0.5
0.5
0.3447245156652896
0.24180869780018477
0.1513172453449378
0.06620285573969148
-0.012832004778457695
-0.0836924638434855
-0.1442740069513202
-0.18562311172387802
-0.19438440281083302
-0.18374059561901923
-0.16221834680592184
-0.13526137070202016
-0.10628067817405551
-0.0773546448022977
-0.04969470980162649
-0.02395433347636511
-0.0004332354740875788
0.047541886397272526
0.13477938902391207
0.2282444602939755
0.31881998793614097
0.4025656084717554
0.47686668442557156
0.5
0.5
0.5
0.5
0.5
0.5
0.5
0.5
0.5
0.5
0.5
0.5
0.5
0.5
0.5
0.5
0.5
0.5
0.5
0.5
0.5
0.5
0.5
0.5
0.5
0.5
0.47852637799914605
0.3291686466204547
0.22863599510074384
0.13907697871139957
0.05490075994938309
-0.02291930852289703
-0.09227279625213514
-0.15109926624241055
-0.1874093780198407
-0.19315168316901343
-0.18079738422758573
-0.1584017852520816
-0.13109761261296504
-0.10209181098690112
-0.07332983890183875
-0.045937440744350466
-0.02051361608195168
0.002675811807052453
0.05789000723003318
0.14651888144271163
0.2398713028355351
0.3297559524615322
0.41245286208254467
0.4854274963912556
0.5
0.5
0.5
0.5
0.5
0.5
0.5
0.5
0.5
0.5
0.5
0.5
0.5
0.5
0.5
0.5
0.5
0.5
0.5
0.5
0.5
0.5
0.5
0.5
0.5
0.5
0.45514457440364875
0.3143569536097438
0.21579476395340513
0.12715442289465362
0.0439769505023499
-0.032563027125168786
-0.1003555087268837
-0.15738849363257312
-0.18883157844937926
-0.1916708593018872
-0.177684375989538
-0.1544684030262391
-0.12685295628655302
-0.09784647592235007
-0.06926524175030191
-0.04215181734581286
-0.017052433286836588
0.005799844157177159
0.06736532386397243
0.15725901488102245
0.2505545225698861
0.3398623023291585
0.42165315345326837
0.49346228527869035
0.5
0.5
0.5
0.5
0.5
0.5
0.5
0.5
0.5
0.5
0.5
0.5
0.5
0.5
0.5
0.5
0.5
0.5
0.5
0.5
0.5
0.5
0.5
0.5
0.5
0.5
0.4336599238727775
0.3007885340824017
0.20405791609588192
0.11627666590760694
0.03402853121008015
-0.041326589945158254
-0.10767917620862522
-0.1630618214493551
-0.19006970086480446
-0.19026599520652865
-0.1747959486399504
-0.15083681430309737
-0.1229423091067765
-0.09393971288356928
-0.06552743560618401
-0.03867216175699373
-0.013872002927434957
0.008669828620597897
0.07645447961520241
0.16756354880261232
0.2607809562657471
0.3495076902885018
0.43040272653136413
0.5
0.5
0.5
0.5
0.5
0.5
0.5
0.5
0.5
0.5
0.5
0.5
0.5
0.5
0.5
0.5
0.5
0.5
0.5
0.5
0.5
0.5
0.5
0.5
0.5
0.5
0.5
0.41462427275752745
0.2883037854392456
0.19298245654090318
0.1058270687495298
0.024311396012906328
-0.05004659620670515
-0.11513903928083746
-0.1690391651612927
-0.19159008083021145
-0.189118638798771
-0.17213958806366225
-0.14741253334364246
-0.11921566529782224
-0.0901954926396894
-0.061932704121379634
-0.03531810691750792
-0.010801609588633188
0.011443560193877989
0.08637535719068601
0.17892840911255403
0.2721177049655145
0.3602444878392352
0.44018080360421497
0.5
0.5
0.5
0.5
0.5
0.5
0.5
0.5
0.5
0.5
0.5
0.5
0.5
0.5
0.5
0.5
0.5
0.5
0.5
0.5
0.5
0.5
0.5
0.5
0.5
0.5
0.5
0.39788709181430054
0.2771241029727718
0.18294634288613165
0.09627891955609913
0.015363773440631168
-0.05814457751637836
-0.12214005843169518
-0.17473194084380061
-0.1931419597511036
-0.1881860205102548
-0.16979581511849484
-0.14434464705798455
-0.11585579330283924
-0.08680845552891325
-0.05867431616637353
-0.03227387462221831
-0.008012331443217002
0.013964935914897003
0.09544970414394227
0.18935496576265376
0.2825502616357471
0.3701564002227888
0.4492389972367058
0.5
0.5
0.5
0.5
0.5
0.5
0.5
0.5
0.5
0.5
0.5
0.5
0.5
0.5
0.5
0.5
0.5
0.5
0.5
0.5
0.5
0.5
0.5
0.5
0.5
0.5
0.5
0.38161360464478156
0.26633964016134315
0.1733149312782306
0.08714927244299786
0.006837408150565216
-0.0658324118068262
-0.12875575364499814
-0.17972362486400306
-0.1943539869950378
-0.18713901503444041
-0.1674742067679822
-0.14137772591827003
-0.11263859812952526
-0.08358236731403856
-0.05558068084572865
-0.029389586898817877
-0.005373365659472551
0.0244793797784304
0.1084609828832167
0.20241003881683606
0.29483521915572514
0.38123136881636965
0.4587819320040936
0.5
0.5
0.5
0.5
0.5
0.5
0.5
0.5
0.5
0.5
0.5
0.5
0.5
0.5
0.5
0.5
0.5
0.5
0.5
0.5
0.5
0.5
0.5
0.5
0.5
0.5
0.5
0.3629906560343771
0.2539943087049272
0.1622701215066258
0.07665198158902731
-0.0030010919856215956
-0.07474594858332295
-0.1364783574835423
-0.18261211837056623
-0.1942961176781106
-0.18536293891945055
-0.16477047713049642
-0.13824760575484618
-0.10939301769259291
-0.08040783617601976
-0.0525830891601643
-0.026623225098737602
-0.002860073549318387
0.03613003635202977
0.12176206407290058
0.21547643272784966
0.30697698973856863
0.39204280977781203
0.4679589459045725
0.5
0.5
0.5
0.5
0.5
0.5
0.5
0.5
0.5
0.5
0.5
0.5
0.5
0.5
0.5
0.5
0.5
0.5
0.5
0.5
0.5
0.5
0.5
0.5
0.5
0.5
0.5
0.3459157672703047
0.24260318301946554
0.15203122957964454
0.06688391334069177
-0.012191320688644147
-0.08310949689545188
-0.1437661190763173
-0.18542708071080882
-0.19437886019502393
-0.1838465347121513
-0.16238487114910183
-0.13545617179258596
-0.10648368137189701
-0.0775537765610137
-0.049883084351521334
-0.024128388502179465
-0.0005915015500708165
0.04679855916414444
0.133931487134337
0.22741275823659002
0.3180484945502239
0.40188006576524204
0.47628630324744714
0.5
0.5
0.5
0.5
0.5
0.5
0.5
0.5
0.5
0.5
0.5
0.5
0.5
0.5
0.5
0.5
0.5
0.5
0.5
0.5
0.5
0.5
0.5
0.5
0.5
0.5
0.4801751843223972
0.33022193969544983
0.22955488095395443
0.13993439482966713
0.05569039168671741
-0.022217909477897924
-0.09168007651858423
-0.15063228599067569
-0.18729280112156843
-0.1932447157768229
-0.18100885939568034
-0.1586734079348774
-0.13139277220988033
-0.10238812266552721
-0.0736141807645625
-0.046202660315111
-0.0207563521991867
0.0024565627676784163
0.05722768154975322
0.14576906296366765
0.2391262987265837
0.329051985043612
0.41181279866007275
0.4848693169196444
0.5
0.5
0.5
0.5
0.5
0.5
0.5
0.5
0.5
0.5
0.5
0.5
0.5
0.5
0.5
0.5
0.5
0.5
0.5
0.5
0.5
0.5
0.5
0.5
0.5
0.5
0.45665060298267235
0.31530749570324434
0.21661662295168727
0.12791585004093842
0.04467306695889345
-0.031950091641283374
-0.09984358940722582
-0.1569922982083768
-0.1887457826285589
-0.19176999747112677
-0.17788728571375156
-0.15472325785699115
-0.12712727325341144
-0.09812045458610863
-0.06952733308872994
-0.042395783922474894
-0.01727540576202302
0.005598645729527119
0.06675628792352734
0.15656859448886545
0.2498675838104068
0.33921226340376676
0.42106119278603515
0.4929451060978097
0.5
0.5
0.5
0.5
0.5
0.5
0.5
0.5
0.5
0.5
0.5
0.5
0.5
0.5
0.5
0.5
0.5
0.5
0.5
0.5
0.5
0.5
0.5
0.5
0.5
0.5
0.43503990377423557
0.30166014730629875
0.2048119335348449
0.11697553452763976
0.034667729640418754
-0.040763482095576786
-0.10720854835443716
-0.16269719851544273
-0.1899900660145084
-0.19035619115067703
-0.1749814774077707
-0.15107010154584843
-0.12319353370986297
-0.09419069398869329
-0.06576756598134603
-0.03889570974318446
-0.014076328751055467
0.008485446441726219
0.07582310693076716
0.16684762687593568
0.2600733755063072
0.34884386726480743
0.42980438590370795
0.5
0.5
0.5
0.5
0.5
0.5
0.5
0.5
0.5
