0.5
0.5
0.5
0.5
0.5
0.5
0.5
0.5
0.5
0.5
0.5
0.5
0.5
0.5
0.5
0.5
0.5
0.5
0.5
0.5
0.5
0.5
0.5
0.5
0.5
0.5
0.5
0.5
0.5
0.5
0.5
0.5
0.5
0.5
0.5
0.5
0.5
0.5
0.5
0.5
0.5
0.5
0.5
0.5
0.5
0.4662796234554295
0.2967497886045737
0.1806360109632249
0.07640065851836841
-0.021836572433951318
-0.1127168384967927
-0.193650239451721
-0.26213519907784477
-0.29627915646004177
-0.2961113168956163
-0.2759125490691122
-0.24487753323148498
-0.2088383092311007
-0.17141430122101586
-0.13477833702436304
-0.10016572488714492
-0.06821155513715815
-0.039173293650647034
-0.013076888413430243
0.017692708627700837
0.0952842857711429
0.18209898039560246
0.26816465853705596
0.34940992158618395
0.42318976010284126
0.48740436347628663
0.5
0.5
0.5
0.5
0.5
0.5
0.5
0.5
0.5
0.5
0.5
0.5
0.5
0.5
0.5
0.5
0.5
0.5
0.5
0.5
0.5
0.5
0.5
0.5
0.5
0.5
0.3550568655181485
0.2512011106636489
0.16124657073443782
0.0767200760206414
-0.0019830658321728922
-0.07283275555442437
-0.13373000723122008
-0.17953858169451298
-0.19116380969544344
-0.1823299536343146
-0.1619249036728846
-0.13563289193869976
-0.10702468702988455
-0.0782844420498614
-0.05069333612073379
-0.024950547916972043
-0.0013855362281843808
0.03497154751353376
0.12118727730366496
0.21610537927826257
0.30885657383138254
0.3950725258973721
0.47198387660434993
0.5
0.5
0.5
0.5
0.5
0.5
0.5
0.5
0.5
0.5
0.5
0.5
0.5
0.5
0.5
0.5
0.5
0.5
0.5
0.5
0.5
0.5
0.5
0.5
0.5
0.5
0.5
0.3533748544025067
0.246984755530205
0.1556141376778984
0.07005729515934617
-0.009422341510951004
-0.08080738503222318
-0.14199320260005777
-0.18505787758959114
-0.1948451783396561
-0.18478090103520195
-0.16355271131189886
-0.13671053283084889
-0.10773505119713267
-0.0787500077386315
-0.050996075362018445
-0.025145279638630447
-0.001508883004923578
0.041529263946580186
0.12801187846321682
0.22175079726350505
0.3129536244738924
0.3975179308733582
0.47277088357201585
0.5
0.5
0.5
0.5
0.5
0.5
0.5
0.5
0.5
0.5
0.5
0.5
0.5
0.5
0.5
0.5
0.5
0.5
0.5
0.5
0.5
0.5
0.5
0.5
0.5
0.5
0.4983440758222003
0.3415072814021768
0.23919929742190793
0.14878978314159585
0.06371388491113583
-0.015227792852916755
-0.08592442337204964
-0.14627445986617937
-0.1864952373331391
-0.19456037458096298
-0.18350250541823776
-0.16174860292936133
-0.13467638348420485
-0.10565334829957396
-0.07672935289096772
-0.04909728718232709
-0.023398676555368314
7.43222504713259e-05
0.048530564510014695
0.1359210564207995
0.2294406372140299
0.3200201177817469
0.40373009106063296
0.47796006948672415
0.5
0.5
0.5
0.5
0.5
0.5
0.5
0.5
0.5
0.5
0.5
0.5
0.5
0.5
0.5
0.5
0.5
0.5
0.5
0.5
0.5
0.5
0.5
0.5
0.5
0.5
0.47903435162035235
0.3293701800234887
0.22873472028411918
0.13911434059784272
0.05488567345069989
-0.02298343944758774
-0.09238252343689402
-0.15125005833022065
-0.18754112612855967
-0.19326668834130434
-0.18089770463765165
-0.15848924942351206
-0.13117383693638462
-0.10215821900128319
-0.07338768078312918
-0.045987812083646995
-0.020557475447580575
0.00263762676697904
0.05749599012601514
0.1460824047532841
0.23946716149021374
0.3294076475318781
0.4121714760276886
0.4852196510286589
0.5
0.5
0.5
0.5
0.5
0.5
0.5
0.5
0.5
0.5
0.5
0.5
0.5
0.5
0.5
0.5
0.5
0.5
0.5
0.5
0.5
0.5
0.5
0.5
0.5
0.5
0.4578804611355021
0.31602352936435163
0.21719665504875468
0.12842454261426384
0.04511154758895575
-0.0315917822776105
-0.09957528666075499
-0.15682119486361368
-0.18876903972771875
-0.19190576876664012
-0.17808297239132687
-0.1549455858194474
-0.12735567373317325
-0.09834265632884043
-0.06973643416134623
-0.0425883125579789
-0.01745004153913865
0.0054419105082006425
0.06613541248923371
0.15586710078846272
0.24918212157811442
0.3385781935106856
0.4204992204201372
0.4924706326950232
0.5
0.5
0.5
0.5
0.5
0.5
0.5
0.5
0.5
0.5
0.5
0.5
0.5
0.5
0.5
0.5
0.5
0.5
0.5
0.5
0.5
0.5
0.5
0.5
0.5
0.5
0.43730536148968546
0.30306126925657406
0.20600484408507524
0.11806722968986194
0.03565335687052901
-0.03990856043509439
-0.10650888501762368
-0.16217261252488557
-0.18990343213315997
-0.19052901768004404
-0.17529845488507578
-0.1514577388043845
-0.12360589709094039
-0.09459990325440881
-0.066157473648353
-0.03925770921608662
-0.014406584527756672
0.008187819896745607
0.07471240403932322
0.16558988455977508
0.25883764867857706
0.3476931333026645
0.42877630684962154
0.49967685426643393
0.5
0.5
0.5
0.5
0.5
0.5
0.5
0.5
0.5
0.5
0.5
0.5
0.5
0.5
0.5
0.5
0.5
0.5
0.5
0.5
0.5
0.5
0.5
0.5
0.5
0.5
0.41814542050213654
0.2906334125746366
0.19506018076827014
0.10779414246581592
0.026146017879032424
-0.04839514188232241
-0.11372105920565856
-0.16789735297419306
-0.19129793200188494
-0.18933515838864334
-0.17264393184059468
-0.1480634477780023
-0.11992440464692022
-0.0909077621934331
-0.06261664514701004
-0.03595632259895998
-0.011385891133343096
0.010915705530933129
0.08440377456186582
0.17666480155284459
0.26985883304149405
0.3581052289769969
0.4382330292563251
0.5
0.5
0.5
0.5
0.5
0.5
0.5
0.5
0.5
0.5
0.5
0.5
0.5
0.5
0.5
0.5
0.5
0.5
0.5
0.5
0.5
0.5
0.5
0.5
0.5
0.5
0.5
0.4013986128240381
0.2794633551190854
0.18504255622944393
0.09827064485127834
0.01722797997940373
-0.056459634174708784
-0.12068575048779595
-0.1735520839127156
-0.19282385575510674
-0.1883847526655119
-0.1702879003474601
-0.14498705484555952
-0.11655858006570574
-0.0875165180448011
-0.05935524905468115
-0.03290991067145144
-0.008595010200330044
0.013438278776685575
0.09352545986776323
0.187145258557177
0.28034233305214196
0.36806205055685237
0.4473285635217838
0.5
0.5
0.5
0.5
0.5
0.5
0.5
0.5
0.5
0.5
0.5
0.5
0.5
0.5
0.5
0.5
0.5
0.5
0.5
0.5
0.5
0.5
0.5
0.5
0.5
0.5
0.5
0.3855783369076974
0.268923137950672
0.17559626029114073
0.08929414155044951
0.00882509162484707
-0.06405570063819843
-0.12724343878233346
-0.1788738586548072
-0.19426251605847333
-0.18749429129705286
-0.16807522494104243
-0.14209661392498119
-0.11339564956413539
-0.08432940532933186
-0.05628999740215501
-0.030046609950191816
-0.005971816320370471
0.02167108825139885
0.10525082231587646
0.19925342664622558
0.29189906084841355
0.3786140080347721
0.45655723391348274
0.5
0.5
0.5
0.5
0.5
0.5
0.5
0.5
0.5
0.5
0.5
0.5
0.5
0.5
0.5
0.5
0.5
0.5
0.5
0.5
0.5
0.5
0.5
0.5
0.5
0.5
0.5
0.3671997716360441
0.2567952608307532
0.16478353949829805
0.07904693893787662
-0.0007503475963465123
-0.07270019972903485
-0.1346984517014701
-0.1819280166461631
-0.19428115386362743
-0.18573939010044516
-0.16535945275179442
-0.13893556602277246
-0.11010943202271872
-0.08111030066705138
-0.05324743512688068
-0.02723696441934087
-0.0034180723775789623
0.033507209041577446
0.11877103077627293
0.21254352320651865
0.3042574258055835
0.3896272907932489
0.4659150982092454
0.5
0.5
0.5
0.5
0.5
0.5
0.5
0.5
0.5
0.5
0.5
0.5
0.5
0.5
0.5
0.5
0.5
0.5
0.5
0.5
0.5
0.5
0.5
0.5
0.5
0.5
0.5
0.34979703999024386
0.24518995075999206
0.15435478944249814
0.06909952465140362
-0.010107777584520972
-0.08121439926774487
-0.1421158992283973
-0.18479153272294901
-0.194362997287588
-0.18419324470906662
-0.16292853076229008
-0.13609165383818156
-0.10714567381740636
-0.07820300606906438
-0.05049715984508585
-0.024695733496892025
-0.0011073492136794982
0.044369619318669895
0.13116086819262052
0.22469538212370332
0.3155282054676659
0.3996409608129191
0.47439111851984894
0.5
0.5
0.5
0.5
0.5
0.5
0.5
0.5
0.5
0.5
0.5
0.5
0.5
0.5
0.5
0.5
0.5
0.5
0.5
0.5
0.5
0.5
0.5
0.5
0.5
0.5
0.4861974733178517
0.33404387912122746
0.2328738469281202
0.14302052595319475
0.058522559667891716
-0.019712699742631457
-0.08957477867503938
-0.14898743835028405
-0.1869075331612401
-0.19361148044929222
-0.1817991624996782
-0.1596773378837839
-0.132478625891727
-0.10347549005031864
-0.07465603781012264
-0.04717348675528288
-0.021644274837697708
0.0016549406485803497
0.054791604972733776
0.14300841242028484
0.23638126729609588
0.3264562357133778
0.40945084574322343
0.4828077060443683
0.5
0.5
0.5
0.5
0.5
0.5
0.5
0.5
0.5
0.5
0.5
0.5
0.5
0.5
0.5
0.5
0.5
0.5
0.5
0.5
0.5
0.5
0.5
0.5
0.5
0.5
0.46221687698606023
0.31882327803798405
0.21965800627459103
0.13073466895401947
0.04725105301158816
-0.029679192207587746
-0.09794589672535103
-0.15552236997046076
-0.18842584414196273
-0.19213530370806275
-0.17863718846978782
-0.15566576912925767
-0.1281420540848731
-0.09913414352466465
-0.07049713363378385
-0.04329857548913474
-0.01810054497845648
0.004854061425527023
0.0644961642762108
0.15400605520778554
0.24731794154498915
0.3367996363153978
0.4188642161137046
0.49102578994775936
0.5
0.5
0.5
0.5
0.5
0.5
0.5
0.5
0.5
0.5
0.5
0.5
0.5
0.5
0.5
0.5
0.5
0.5
0.5
0.5
0.5
0.5
0.5
0.5
0.5
0.5
0.4401657058987847
0.30489759069079103
0.20761254966415937
0.11957129615108131
0.037041855063550566
-0.038671974533500575
-0.10546052665606076
-0.16134289221439302
-0.1896941470606447
-0.19069099628293484
-0.17567034038734708
-0.15193634282113033
-0.12412640428209154
-0.09512267359259019
-0.06665926079663764
-0.039725832596478106
-0.014835075003468479
0.0078007572976638295
0.07347825571529887
0.16418884365266118
0.2574456712371527
0.3463787705035866
0.4275825665764063
0.4986374435615186
0.5
0.5
0.5
0.5
0.5
0.5
0.5
0.5
0.5
0.5
0.5
0.5
0.5
0.5
0.5
0.5
0.5
0.5
0.5
0.5
0.5
0.5
0.5
0.5
0.5
0.5
0.42024022806167594
0.29205188354150313
0.19634527318963801
0.10902501830904715
0.027306939613394643
-0.04733683840390068
-0.11279783554114509
-0.1671371807973725
-0.19107511063465732
-0.1894356569392197
-0.17292896128501078
-0.14844408200812564
-0.12034463167807807
-0.09133318173373228
-0.06302694587892832
-0.03634028778222187
-0.01173809384170399
0.010597079423471212
0.0832993450175627
0.17539390161151253
0.26858270052790645
0.35688777805122546
0.4371152272441611
0.5
0.5
0.5
0.5
0.5
0.5
0.5
0.5
0.5
0.5
0.5
0.5
0.5
0.5
0.5
0.5
0.5
0.5
0.5
0.5
0.5
0.5
0.5
0.5
0.5
0.5
0.5
0.4030830861293835
0.2805972897523063
0.18606581421285517
0.09924787883064445
0.018147107375709015
-0.05562436115001601
-0.1199599073119827
-0.17295762701598094
-0.1926548489816986
-0.18847141971979187
-0.17052018312279393
-0.14529446647024125
-0.11689675070908678
-0.08785822334098503
-0.05968443916213162
-0.03321774646409681
-0.0088772407459764
0.013183043531900918
0.09263480080714676
0.1861209745935613
0.2793148736051281
0.3670829519953801
0.4464307454597314
0.5
0.5
0.5
0.5
0.5
0.5
0.5
0.5
0.5
0.5
0.5
0.5
0.5
0.5
0.5
0.5
0.5
0.5
0.5
0.5
0.5
0.5
0.5
0.5
0.5
0.5
0.5
0.3872546573738932
0.2700216870722181
0.176570142332297
0.09021245358699426
0.009678518541342662
-0.0632903923571344
-0.12658933040409304
-0.17835044724085658
-0.19413069070315814
-0.1875967767484743
-0.168310175191004
-0.14239889907329184
-0.11372436079342085
-0.08465952437745694
-0.056606853537095714
-0.030342201348742104
-0.006242377213197203
0.020415467577068414
0.10381594463384436
0.19784232516251177
0.29058619629297183
0.37744328846473846
0.45556165790684083
0.5
0.5
0.5
0.5
0.5
0.5
0.5
0.5
0.5
0.5
0.5
0.5
0.5
0.5
0.5
0.5
0.5
0.5
0.5
0.5
0.5
0.5
0.5
0.5
0.5
0.5
0.5
0.36903449580661685
0.25801857415160667
0.16588274507962464
0.08009537476215539
0.0002358859028330773
-0.07180285072438275
-0.1339167006055204
-0.18162610580637562
-0.194272351262603
-0.1859021382885021
-0.16561544267798445
-0.13923508688718145
-0.1104215953981661
-0.0814165282982593
-0.05353713057118803
-0.027504644727540994
-0.003661474819809385
0.03238424440579857
0.11749004939012997
0.21128610042230617
0.3030899151211807
0.3885886322133824
0.46503442599498696
0.5
0.5
0.5
0.5
0.5
0.5
0.5
0.5
0.5
0.5
0.5
0.5
0.5
0.5
0.5
0.5
0.5
0.5
0.5
0.5
0.5
0.5
0.5
0.5
0.5
0.5
0.5
0.3514230855224576
0.2462759721972151
0.1553317007312136
0.07003202198354669
-0.009229997699676029
-0.080415134141394
-0.1414189713087043
-0.18452178361296945
-0.19435422989784035
-0.1843372647192304
-0.163155633760235
-0.13635758757307836
-0.10742293819666082
-0.07847505759777551
-0.05075455953718799
-0.02493359412955154
-0.0013236503152977974
0.04335800589361727
0.1300067235147797
0.22356286155578553
0.3144771940697868
0.39870653552803437
0.47359948648614486
0.5
0.5
0.5
0.5
0.5
0.5
0.5
0.5
0.5
0.5
0.5
0.5
0.5
0.5
0.5
0.5
0.5
0.5
0.5
0.5
0.5
0.5
0.5
0.5
0.5
0.5
0.4887372352757796
0.33565487066183497
0.23427252895480843
0.14432095781523563
0.05971586401808776
-0.018657293268649733
-0.08868802555103505
-0.1482948576560572
-0.1867462037807438
-0.19376728522291564
-0.18213352594896626
-0.1601017134258239
-0.1329374618061403
-0.10393487382318312
-0.07509614115801355
-0.04758355259214597
-0.022019302625747805
0.0013163762666607015
0.053766654331362185
0.14184621324238295
0.23522461367513936
0.3253613935502435
0.40845349948553533
0.48193601673978026
0.5
0.5
0.5
0.5
0.5
0.5
0.5
0.5
0.5
0.5
0.5
0.5
0.5
0.5
0.5
0.5
0.5
0.5
0.5
0.5
0.5
0.5
0.5
0.5
0.5
0.5
0.46454949376700905
0.3202977756965996
0.2209342590589638
0.13191802195747437
0.04833374252816425
-0.028725025379332636
-0.09714805424077255
-0.1549038066589573
-0.18829047727863746
-0.1922878992233089
-0.17895144327213586
-0.15606102475037298
-0.1285677499443142
-0.09955945345995176
-0.07090407163212609
-0.043677421588371845
-0.018446821308382155
0.004541580297622805
0.06354755817890934
0.15293033726730715
0.2462474391045299
0.3357864626638286
0.41794140494122867
0.4902194017495879
0.5
0.5
0.5
0.5
0.5
0.5
0.5
0.5
0.5
0.5
0.5
0.5
0.5
0.5
0.5
0.5
0.5
0.5
0.5
0.5
0.5
0.5
0.5
0.5
0.5
0.5
0.4423081206037514
0.3062510821027913
0.20878364233125984
0.12065689699490934
0.03803492168620337
-0.037796956183420716
-0.10472902399018658
-0.1607759269524135
-0.18956987135558556
-0.19083055370919966
-0.17595802191211773
-0.15229825440770495
-0.12451622466373236
-0.09551216037426646
-0.06703193465324964
-0.04007278695363725
-0.015152205787041684
0.007514574394497209
0.072560414772741
0.16314825375450642
0.2564136889824539
0.34540629931100963
0.42670135619900085
0.4978722648515242
0.5
0.5
0.5
0.5
0.5
0.5
0.5
0.5
0.5
0.5
0.5
0.5
0.5
0.5
0.5
0.5
0.5
0.5
0.5
0.5
0.5
0.5
0.5
0.5
0.5
0.5
0.422023440676056
0.29324563316257723
0.19741854988885482
0.11004727810761039
0.028265962357134522
-0.046467800646581514
-0.11204534357763285
-0.16652395925529995
-0.1909057267419405
-0.1895327012798158
-0.17317745915532945
-0.14877042616400205
-0.12070251404740273
-0.09169421277195289
-0.06337441174882019
-0.03666500638336101
-0.01203567337757605
0.010328045828578936
0.08230631265406169
0.17425283031129157
0.2674423065873627
0.35580591437284326
0.4361282789871091
0.5
0.5
0.5
0.5
0.5
0.5
0.5
0.5
0.5
0.5
0.5
0.5
0.5
0.5
0.5
0.5
0.5
0.5
0.5
0.5
0.5
0.5
0.5
0.5
0.5
0.5
0.5
0.4047558959891343
0.2817156464129751
0.1870704253869881
0.10020415298844804
0.019043735280894536
-0.05481233455494949
-0.11925726550316518
-0.17238555916821552
-0.1924971906703914
-0.1885625033323921
-0.1707526457848184
-0.14559957609021656
-0.11723126814205309
-0.0881956421929313
-0.06000915590507905
-0.033521190594356765
-0.009155314720869057
0.01293165021733822
0.09173082294687934
0.1850825296263518
0.27827605112790765
0.3660961845840495
0.4455291766048752
0.5
0.5
0.5
0.5
0.5
0.5
0.5
0.5
0.5
0.5
0.5
0.5
0.5
0.5
0.5
0.5
0.5
0.5
0.5
0.5
0.5
0.5
0.5
0.5
0.5
0.5
0.5
0.38882475670914174
0.27106697428968474
0.17750648366280758
0.09110191662931516
0.010510869861477201
-0.06253823571066164
-0.1259402881013585
-0.1778240629454344
-0.19398887073690696
-0.18768559333568557
-0.16852989401771634
-0.14268569013793309
-0.1140380856262545
-0.08497559293804735
-0.056910805242777696
-0.030626108205048297
-0.006502464518265638
0.01922557040145806
0.10245367033565234
0.19649904855159034
0.28933260988614873
0.3763214437685668
0.4546033887002291
0.5
0.5
0.5
0.5
0.5
0.5
0.5
0.5
0.5
0.5
0.5
0.5
0.5
0.5
0.5
0.5
0.5
0.5
0.5
0.5
0.5
0.5
0.5
0.5
0.5
0.5
0.5
0.37081467731365436
0.25920034089489863
0.16694157467289406
0.08110324896551274
0.0011821815306319872
-0.07094360830617319
-0.1331700196118505
-0.18133984913655266
-0.194267196015819
-0.18606136622996905
-0.1658638766758873
-0.13952501737146572
-0.11072338946316762
-0.08171237414762644
-0.05381687990638495
-0.027763057726827522
-0.0038964017776212945
0.03129532243847588
0.11624864216241049
0.2100685845591671
0.30196059394890157
0.38758513395939426
0.4641848346847561
0.5
0.5
0.5
0.5
0.5
0.5
0.5
0.5
0.5
0.5
0.5
0.5
0.5
0.5
0.5
0.5
0.5
0.5
0.5
0.5
0.5
0.5
0.5
0.5
0.5
0.5
0.5
0.35302556988243505
0.24734446099323293
0.1562917415379474
0.07094763681427846
-0.008368814663880508
-0.0796317010523836
-0.1407366276887425
-0.18425893609250998
-0.1943475829270298
-0.18448052247350266
-0.16338032354310683
-0.13662024689658303
-0.1076965649340923
-0.07874341456414313
-0.05100838906002281
-0.02516810956572213
-0.0015368803329131042
0.042355671492168456
0.12886325312297625
0.22244113675576038
0.31343657656789814
0.3977817552716325
0.47281646728472715
0.5
0.5
0.5
0.5
0.5
0.5
0.5
0.5
0.5
0.5
0.5
0.5
0.5
0.5
0.5
0.5
0.5
0.5
0.5
0.5
0.5
0.5
0.5
0.5
0.5
0.5
0.49093042200362463
0.3370572795942198
0.23549751523029522
0.1454654165555816
0.06077121852750211
-0.01771845138310324
-0.08789312350548717
-0.1476668307380099
-0.18658727676096276
-0.19388909342989946
-0.1824140863782161
-0.16046301457456258
-0.13333050001938085
-0.10432967685166106
-0.07547512990937522
-0.04793713561894697
-0.022342962500261687
0.0010240010010615919
0.05289439382707395
0.1408572668208079
0.23423964606097103
0.3244281402990709
0.40760235209258944
0.48119102083227117
0.5
0.5
0.5
0.5
0.5
0.5
0.5
0.5
0.5
0.5
0.5
0.5
0.5
0.5
0.5
0.5
0.5
0.5
0.5
0.5
0.5
0.5
0.5
0.5
0.5
0.5
0.4665632557063042
0.3215699504832373
0.22203484777450477
0.1329380584100529
0.0492665722986827
-0.027903405903463963
-0.09646159274888788
-0.15437226051959818
-0.1881756001475796
-0.19242125821735745
-0.17922408217950048
-0.1564033705337332
-0.12893619778983267
-0.09992742446836178
-0.07125606407130614
-0.044005064199049815
-0.018746264201159435
0.0042713822701913595
0.06272541085515027
0.15199782627067893
0.2453193577063999
0.33490801662386166
0.41714124998169516
0.48952014656516796
0.5
0.5
0.5
0.5
0.5
0.5
0.5
0.5
0.5
0.5
0.5
0.5
0.5
0.5
0.5
0.5
0.5
0.5
0.5
0.5
0.5
0.5
0.5
0.5
0.5
0.5
0.4441691528955588
0.3074267191512769
0.20980079400153168
0.12159975781599974
0.03889738346522187
-0.037037048354800595
-0.10409378479202325
-0.16028360956926935
-0.1894619842916293
-0.19095177713304468
-0.17620787366142143
-0.15261256475777274
-0.12485476826171027
-0.09585041166217678
-0.06735558317712964
-0.04037409845963802
-0.015427616517011633
0.007266040575541199
0.07180709467188917
0.16229431330213479
0.255564171241726
0.34460254489052666
0.4259695496822296
0.4972330496833779
0.5
0.5
0.5
0.5
0.5
0.5
0.5
0.5
0.5
0.5
0.5
0.5
0.5
0.5
0.5
0.5
0.5
0.5
0.5
0.5
0.5
0.5
0.5
0.5
0.5
0.5
0.42342535897752687
0.29418600158342434
0.19826512820071107
0.11085436914606928
0.029023782102184592
-0.04578043774954943
-0.11144947410667272
-0.16603760184162686
-0.19077043805060545
-0.18960820903982312
-0.17337285037849381
-0.14902749263746184
-0.12098463069750076
-0.09197892174813671
-0.06364848706045423
-0.036921177754934975
-0.012270458869634515
0.01011576720448526
0.08151492512149788
0.17334324495589848
0.26653345033545384
0.35494398055856374
0.4353422771363659
0.5
0.5
0.5
0.5
0.5
0.5
0.5
0.5
0.5
0.5
0.5
0.5
0.5
0.5
0.5
0.5
0.5
0.5
0.5
0.5
0.5
0.5
0.5
0.5
0.5
0.5
0.5
0.4060888079973012
0.28260687266271695
0.1878710854406318
0.10096635620780825
0.019758466457573343
-0.05416496441126284
-0.11869701028358737
-0.1719293103786662
-0.1923711666508957
-0.18863470760343948
-0.17093753466197836
-0.14584238418525386
-0.11749754124827594
-0.08846425787982115
-0.060267678723104456
-0.03376278887006279
-0.009376720870763688
0.01273148293131282
0.0910111157612074
0.18425582717758016
0.27744911236912295
0.3653107471667392
0.44481161801587005
0.5
0.5
0.5
0.5
0.5
0.5
0.5
0.5
0.5
0.5
0.5
0.5
0.5
0.5
0.5
0.5
0.5
0.5
0.5
0.5
0.5
0.5
0.5
0.5
0.5
0.5
0.5
0.3900441109706357
0.2718817898167766
0.17823815299038065
0.09179815348616593
0.011163448551930244
-0.06194748619139179
-0.12542940886882548
-0.1774084704515818
-0.1938752133715359
-0.18775311546627016
-0.1687003440297008
-0.14290897749881037
-0.1142827030714878
-0.08522223014154795
-0.05714809879775706
-0.030847820544278814
-0.006705617701024957
0.018302049016932997
0.10139589775731661
0.19545524270093928
0.288357642463482
0.3754480404947012
0.4538563758050149
0.5
0.5
0.5
0.5
0.5
0.5
0.5
0.5
0.5
0.5
0.5
0.5
0.5
0.5
0.5
0.5
0.5
0.5
0.5
0.5
0.5
0.5
0.5
0.5
0.5
0.5
0.5
0.3721952749671307
0.26011652770992527
0.16776227430023838
0.08188434090598828
0.0019154585552204062
-0.07027787570636679
-0.1325915880829387
-0.18111812441133224
-0.1942632483188973
-0.18618476875264234
-0.16605638655250332
-0.13974967218804868
-0.11095723165251714
-0.08194160449592591
-0.054033636444650535
-0.027963281281067176
-0.004078427197542367
0.030452311840028612
0.11528765674474084
0.20912614695938575
0.30108647364388264
0.3868084510583403
0.4635273205473315
0.5
0.5
0.5
0.5
0.5
0.5
0.5
0.5
0.5
0.5
0.5
0.5
0.5
0.5
0.5
0.5
0.5
0.5
0.5
0.5
0.5
0.5
0.5
0.5
0.5
0.5
0.5
0.3542665173071061
0.2481718505433511
0.15703512986413554
0.07165660658547257
-0.007702009354370931
-0.07902511517841249
-0.14020833254956866
-0.18405547533037392
-0.19434250643360163
-0.18459151899005288
-0.16355437084611146
-0.13682368984061555
-0.10790849470020647
-0.07895125829766536
-0.05120497855121431
-0.025349738761101803
-0.0017020232032024518
0.04157933530344271
0.1279775968386065
0.22157231806892902
0.3126305737493232
0.3970654685843812
0.4722099764217768
0.5
0.5
0.5
0.5
0.5
0.5
0.5
0.5
0.5
0.5
0.5
0.5
0.5
0.5
0.5
0.5
0.5
0.5
0.5
0.5
0.5
0.5
0.5
0.5
0.5
0.5
0.4926291736167875
0.3381435267675462
0.23644633779426494
0.14635186559705538
0.06158865098999827
-0.016991264818544183
-0.08727742674261374
-0.1471803884246714
-0.186464178431772
-0.19398344018282976
-0.18263139559764685
-0.16074286201440036
-0.13363492962250334
-0.10463547344174207
-0.075768677498663
-0.04821100509462861
-0.02259365485996845
0.0007975402844317969
0.052218767277096956
0.14009125937687145
0.23347672189128138
0.3237052740043355
0.4069430838794276
0.4806139755171725
0.5
0.5
0.5
0.5
0.5
0.5
0.5
0.5
0.5
0.5
0.5
0.5
0.5
0.5
0.5
0.5
0.5
0.5
0.5
0.5
0.5
0.5
0.5
0.5
0.5
0.5
0.4681231120536291
0.32255537263212575
0.2228873585883474
0.1337281728375213
0.04998913602575089
-0.027266985863810267
-0.09592986606414677
-0.15396053104105045
-0.1880866195438331
-0.19252455946225455
-0.1794352685042232
-0.1566685511285527
-0.1292215966663428
-0.10021245380264832
-0.07152871634133773
-0.044258855100035244
-0.018978211650846455
0.004062087820582594
0.062088574598294755
0.15127550235035436
0.24460046539532598
0.3342275723784052
0.4165214505175264
0.48897850454146474
0.5
0.5
0.5
0.5
0.5
0.5
0.5
0.5
0.5
0.5
0.5
0.5
0.5
0.5
0.5
0.5
0.5
0.5
0.5
0.5
0.5
0.5
0.5
0.5
0.5
0.5
0.4456107387778966
0.3083373857283549
0.210588694714602
0.12233011126593896
0.03956545823182828
-0.03644841374665475
-0.10360172065455753
-0.15990225503614142
-0.18937841474916917
-0.19104567965894614
-0.17640141336747428
-0.1528560348829091
-0.12511700969291895
-0.09611242656840013
-0.06760628649009615
-0.04060749912745576
-0.015640954011568953
0.007073522373935881
0.07122355888202314
0.16163283515610777
0.2549061192070797
0.34397994219178685
0.42540267937116366
0.49673790253119493
0.5
0.5
0.5
0.5
0.5
0.5
0.5
0.5
0.5
0.5
0.5
0.5
0.5
0.5
0.5
0.5
0.5
0.5
0.5
0.5
0.5
0.5
0.5
0.5
0.5
0.5
0.42451132183751394
0.2949144352076628
0.19892090926652856
0.11147956214302873
0.029610808117547738
-0.04524798956259324
-0.11098789919347885
-0.16566085786613216
-0.19066564061033153
-0.18966669973356987
-0.17352420573957528
-0.14922662313552726
-0.12120316564098077
-0.0921994647301504
-0.06386079290307234
-0.037119614725527716
-0.012452329774885862
0.009951330706684192
0.08090189433645217
0.1726386549165042
0.26582942523943537
0.354276303053744
0.4347334187929654
0.5
0.5
0.5
0.5
0.5
0.5
0.5
0.5
0.5
0.5
0.5
0.5
0.5
0.5
0.5
0.5
0.5
0.5
0.5
0.5
0.5
0.5
0.5
0.5
0.5
0.5
0.5
0.4071213237748454
0.28329724445951937
0.1884913016839882
0.1015567824918816
0.020312119337058787
-0.053663491559000076
-0.11826301942895023
-0.17157588619788022
-0.19227354478184588
-0.18869063948418985
-0.1710807555056999
-0.1460304710273519
-0.11770380479482967
-0.08867233604379055
-0.060467938621982076
-0.033949938479774566
-0.009548229021588361
0.012576427073580143
0.09045360720054213
0.18361543663967078
0.2768085388549953
0.3647023220209643
0.4442557740894563
0.5
0.5
0.5
0.5
0.5
0.5
0.5
0.5
0.5
0.5
0.5
0.5
0.5
0.5
0.5
0.5
0.5
0.5
0.5
0.5
0.5
0.5
0.5
0.5
0.5
0.5
0.5
0.3909886648517627
0.2725129739268937
0.17880492913082757
0.09233748237447204
0.011668958290135978
-0.06148987148185647
-0.12503366444981545
-0.17708653842993116
-0.19378717060422612
-0.1878054205149008
-0.16883238052076566
-0.1430819435953048
-0.1144721921707692
-0.08541328380622093
-0.05733191454559261
-0.031019566543440513
-0.006862987137663534
0.01758665697265155
0.10057651004776319
0.19464667415554393
0.28760239862802617
0.3747714718558143
0.45327771362421987
0.5
0.5
0.5
0.5
0.5
0.5
0.5
0.5
0.5
0.5
0.5
0.5
0.5
0.5
0.5
0.5
0.5
0.5
0.5
0.5
0.5
0.5
0.5
0.5
0.5
0.5
0.5
0.37326473564677454
0.2608262389442052
0.16839801767869989
0.08248940271484956
0.0024834811858990835
-0.06976217543619911
-0.13214351437696437
-0.1809463685772359
-0.19426019037089903
-0.18628036084257327
-0.16620551166874786
-0.1399236979200339
-0.11113837424619688
-0.08211917458617168
-0.054201543869040414
-0.0281183816584899
-0.0042194306434328865
0.029799285213507443
0.11454324254458031
0.20839610059056102
0.3004093483518963
0.386206804335841
0.46301798629228597
0.5
0.5
0.5
0.5
0.5
0.5
0.5
0.5
0.5
0.5
0.5
0.5
0.5
0.5
0.5
0.5
0.5
0.5
0.5
0.5
0.5
0.5
0.5
0.5
0.5
0.5
0.5
0.35522780085844835
0.2488127769035121
0.1576109857643716
0.07220580059208814
-0.007185477502437254
-0.07855523152543564
-0.13979909578603655
-0.1838978671966529
-0.1943385740333956
-0.18467750100062852
-0.16368919430679907
-0.1369812842405126
-0.10807266330087273
-0.07911226170461916
-0.05135726400634333
-0.025490435419612933
-0.0018299489470589014
0.040977956604205557
0.12729153475704358
0.22089929902166633
0.3120062142043489
0.39651060647867925
0.4717401662262474
0.5
0.5
0.5
0.5
0.5
0.5
0.5
0.5
0.5
0.5
0.5
0.5
0.5
0.5
0.5
0.5
0.5
0.5
0.5
0.5
0.5
0.5
0.5
0.5
0.5
0.5
0.49394508986149294
0.33898497424659246
0.2371813310429124
0.14703854198478922
0.06222186455990769
-0.016427959085527633
-0.08680048516345151
-0.1468035721551464
-0.18636882191697102
-0.19405652470941925
-0.18279973141927375
-0.16095964226393977
-0.1338707521272967
-0.10487235486339908
-0.0759960703871112
-0.048423154583108974
-0.02278785049135912
0.0006221153858541051
0.0516954017660507
0.13949788145749675
0.23288573239541643
0.3231453148363227
0.4064323901604708
0.48016697472381387
0.5
0.5
0.5
0.5
0.5
0.5
0.5
0.5
0.5
0.5
0.5
0.5
0.5
0.5
0.5
0.5
0.5
0.5
0.5
0.5
0.5
0.5
0.5
0.5
0.5
0.5
0.4693314351743159
0.32331871750987917
0.22354774536601008
0.13434022503539256
0.050548860919973904
-0.02677399109634626
-0.09551797068962398
-0.15364158999489286
-0.1880176918497325
-0.1926045804807035
-0.1795988613406806
-0.1568739699457049
-0.12944267732002235
-0.10043324819430277
-0.071739922995259
-0.04445545103121962
-0.01915788682688857
0.003899960506387967
0.061595257379331025
0.15071596318563774
0.2440435844855297
0.3337004747824066
0.4160413306425693
0.4885589283490792
0.5
0.5
0.5
0.5
0.5
0.5
0.5
0.5
0.5
0.5
0.5
0.5
0.5
0.5
0.5
0.5
0.5
0.5
0.5
0.5
0.5
0.5
0.5
0.5
0.5
0.5
0.446727445321527
0.3090428222424195
0.21119903217943325
0.12289587045881056
0.04008297401739208
-0.03599243529096963
-0.1032205493113576
-0.15960684350882137
-0.1893136786506645
-0.19111842008440594
-0.17655133649144295
-0.153044635982851
-0.12532015175056488
-0.09631539315088578
-0.06780049068756866
-0.040788300046321946
-0.01580621324319076
0.006924390548214088
0.07077153014500698
0.1611204293431649
0.2543963673895467
0.3434976507620627
0.4249635603427931
0.4963543429559599
0.5
0.5
0.5
0.5
0.5
0.5
0.5
0.5
0.5
0.5
0.5
0.5
0.5
0.5
0.5
0.5
0.5
0.5
0.5
0.5
0.5
0.5
0.5
0.5
0.5
0.5
0.4253525494980371
0.2954787072777487
0.19942890193216262
0.11196386013969006
0.030065540534687074
-0.044835535183735065
-0.11063034591735366
-0.16536901782380964
-0.19058446057624567
-0.18971200882574846
-0.17364145129355946
-0.14938087710623593
-0.12137245102430616
-0.09237030561542214
-0.06402525299037587
-0.03727333146309275
-0.012593213815400905
0.009823952013641668
0.08042701763714688
0.17209285297594756
0.26528406092594914
0.3537590949519793
0.4342617742262005
0.5
0.5
0.5
0.5
0.5
0.5
0.5
0.5
0.5
0.5
0.5
0.5
0.5
0.5
0.5
0.5
0.5
0.5
0.5
0.5
0.5
0.5
0.5
0.5
0.5
0.5
0.5
0.40792114934612833
0.2838320324286343
0.18897174452119692
0.10201414890539251
0.020740999687462625
-0.05327503182121651
-0.11792683378574342
-0.17130211053170674
-0.19219792321028906
-0.1887339664242753
-0.17119169976047421
-0.1461761701723675
-0.11786358429889221
-0.08883352121869659
-0.06062306747453128
-0.034094911609025336
-0.009681085688251545
0.012456314972179194
0.09002174008963754
0.18311936603035328
0.2763123265057468
0.36423101300798055
0.44382519646801466
0.5
0.5
0.5
0.5
0.5
0.5
0.5
0.5
0.5
0.5
0.5
0.5
0.5
0.5
0.5
0.5
0.5
0.5
0.5
0.5
0.5
0.5
0.5
0.5
0.5
0.5
0.5
0.39172035184360143
0.2730019128975625
0.17924397526346597
0.09275526683225116
0.012060545161083236
-0.06113538590309742
-0.12472710592710567
-0.17683715776871933
-0.19371896936314936
-0.1878459379748021
-0.16893466095708243
-0.1432159296445653
-0.11461897755988715
-0.08556128116654671
-0.057474305143063176
-0.031152607459244752
-0.00698489142696701
0.017032487363662863
0.09994178148152855
0.1940203265213658
0.2870173583218336
0.3742473763188711
0.4528294601156492
0.5
0.5
0.5
0.5
0.5
0.5
0.5
0.5
0.5
0.5
0.5
0.5
0.5
0.5
0.5
0.5
0.5
0.5
0.5
0.5
0.5
0.5
0.5
0.5
0.5
0.5
0.5
0.37409318015565396
0.26137600798738286
0.16889048843561189
0.08295810637262985
0.0029234929015973243
-0.06936269459101785
-0.1317964196146667
-0.18081332004188333
-0.19425782156959082
-0.1863544100748028
-0.1663210295986549
-0.14005850480437532
-0.1112786941195294
-0.0822567270638127
-0.054331611281884795
-0.02823852825054518
-0.004328657221552956
0.029293426200333372
0.11396659127589442
0.2078305791850943
0.2998848216052571
0.3857407461311807
0.4626234368008022
0.5
0.5
0.5
0.5
0.5
0.5
0.5
0.5
0.5
0.5
0.5
0.5
0.5
0.5
0.5
0.5
0.5
0.5
0.5
0.5
0.5
0.5
0.5
0.5
0.5
0.5
0.5
0.35597244729494015
0.24930926259633107
0.1580570654285851
0.07263122694947532
-0.006785352480022988
-0.07819124195452831
-0.13948208557940245
-0.18377577800172362
-0.19433552784828578
-0.18474410590381785
-0.16379363363635235
-0.13710336279700153
-0.10819983448081527
-0.07923698100631427
-0.05147523005426957
-0.02559942434929341
-0.0019290450453507413
0.04051210601806926
0.1267600852341081
0.2203779531242916
0.3115225617898256
0.3960807893976717
0.47137623355763336
0.5
0.5
0.5
0.5
0.5
0.5
0.5
0.5
0.5
0.5
0.5
0.5
0.5
0.5
0.5
0.5
0.5
0.5
0.5
0.5
0.5
0.5
0.5
0.5
0.5
0.5
0.49496444813924134
0.33963679115088063
0.23775068449144432
0.14757046737331192
0.06271237563642101
-0.015991601252070886
-0.08643102825587168
-0.1465116760829207
-0.1862949551698302
-0.19411313873600589
-0.18293013068591624
-0.16112756840873144
-0.134053429120083
-0.10505585213305546
-0.07617221748162095
-0.048587493565967366
-0.022938281740411015
0.0004862246533048342
0.051269444214030124
0.1390148963645792
0.2324060438433167
0.3226924534888783
0.4060211309701612
0.47980889892775735
0.5
0.5
0.5
0.5
0.5
0.5
0.5
0.5
0.5
0.5
0.5
0.5
0.5
0.5
0.5
0.5
0.5
0.5
0.5
0.5
0.5
0.5
0.5
0.5
0.5
0.5
0.47030463612874973
0.3239343341665048
0.2240808720967054
0.13483475103698206
0.05100151317371421
-0.02637486643440412
-0.09518400454915799
-0.15338239228011086
-0.1879604596456591
-0.1926677380422579
-0.17972963180273527
-0.15703864680193735
-0.129620129297922
-0.1006105895588657
-0.07190963319674515
-0.04461346366487229
-0.01930232620855743
0.003769610650828925
0.06119905927570429
0.15026669836191114
0.24359655667421165
0.33327745237572515
0.41565610494437
0.4882223753480542
0.5
0.5
0.5
0.5
0.5
0.5
0.5
0.5
0.5
0.5
0.5
0.5
0.5
0.5
0.5
0.5
0.5
0.5
0.5
0.5
0.5
0.5
0.5
0.5
0.5
0.5
0.4476249832368398
0.30960974501093325
0.2116894877034033
0.12335047257885767
0.04049878149117886
-0.03562610307515102
-0.10291435330850718
-0.1593695820965041
-0.18926177119968612
-0.19117697406475775
-0.17667190164452995
-0.15319627154761695
-0.12548346265165478
-0.09647855451660892
-0.06795660317303354
-0.04093363518633608
-0.015939053447487694
0.006804515235092512
0.07040821879904224
0.16070858416343725
0.2539866453381088
0.34310998989830244
0.42461059020795644
0.4960460210589388
0.5
0.5
0.5
0.5
0.5
0.5
0.5
0.5
0.5
0.5
0.5
0.5
0.5
0.5
0.5
0.5
0.5
0.5
0.5
0.5
0.5
0.5
0.5
0.5
0.5
0.5
0.42616924071212303
0.2960120785302907
0.1999006620278978
0.11240796243542811
0.030477607047229238
-0.04446668352111227
-0.11031581490144571
-0.1651181675409613
-0.19052255864004308
-0.18976309387326495
-0.173756341110874
-0.14952812694357376
-0.12153231645361118
-0.0925307176254524
-0.06417913995778834
-0.0374168419616735
-0.012724541341577744
0.009705342651132098
0.0800054288745583
0.17160985487999542
0.26480205502597454
0.35330236389508163
0.4338455801032608
0.5
0.5
0.5
0.5
0.5
0.5
0.5
0.5
0.5
0.5
0.5
0.5
0.5
0.5
0.5
0.5
0.5
0.5
0.5
0.5
0.5
0.5
0.5
0.5
0.5
0.5
0.5
0.4086310143486306
0.2843061379984973
0.1893973238629349
0.10241901588029984
0.021120384566843342
-0.05293169085433225
-0.1176300224632687
-0.17106078603039754
-0.192132177099973
-0.18877356326167294
-0.17129112741427432
-0.14630629677638451
-0.11800608702139781
-0.08897717147823914
-0.060761258817963015
-0.03422401878146197
-0.009799379132136354
0.012349383932707625
0.08963680805760477
0.18267706765005493
0.2758697722433711
0.36381054440242133
0.4434409431721856
0.5
0.5
0.5
0.5
0.5
0.5
0.5
0.5
0.5
0.5
0.5
0.5
0.5
0.5
0.5
0.5
0.5
0.5
0.5
0.5
0.5
0.5
0.5
0.5
0.5
0.5
0.5
0.3923718409573258
0.27343733534397296
0.179635011401291
0.09312739902399503
0.012409372703484911
-0.0608195768422628
-0.12445395997609732
-0.176614917424205
-0.19365811322537707
-0.18788192674231208
-0.16902567162853022
-0.14333518998593087
-0.11474964726725312
-0.08569303870280931
-0.057601076316520894
-0.03127105769342364
-0.007093428355948728
0.01653894034459924
0.09937649268513138
0.1934625133382285
0.2864963457183018
0.37378065241706093
0.4524302908389195
0.5
0.5
0.5
0.5
0.5
0.5
0.5
0.5
0.5
0.5
0.5
0.5
0.5
0.5
0.5
0.5
0.5
0.5
0.5
0.5
0.5
0.5
0.5
0.5
0.5
0.5
0.5
0.3749394007005953
0.2619382665483487
0.16939415326110557
0.08343713546966802
0.003372683443323199
-0.06895555737042536
-0.13144352964849937
-0.18068196986725682
-0.1942614549073416
-0.18643671876137113
-0.1664457728516392
-0.14020270746535246
-0.11142810842790607
-0.08240280996378002
-0.054469515768942434
-0.028365772619682317
-0.004444246988741463
0.028757142541552483
0.11335371341788142
0.2072278314312846
0.29932402778355416
0.38524068192638933
0.46219821642304065
0.5
0.5
0.5
0.5
0.5
0.5
0.5
0.5
0.5
0.5
0.5
0.5
0.5
0.5
0.5
0.5
0.5
0.5
0.5
0.5
0.5
0.5
0.5
0.5
0.5
0.5
0.5
0.35675708915304927
0.2498328575705867
0.15852778935588407
0.0730803765728456
-0.006362703104809686
-0.07780653583190311
-0.13914677902610673
-0.18364605900606001
-0.19433140666342752
-0.1848135096776906
-0.16390301475843871
-0.1372314237625688
-0.10833334054044452
-0.0793679707423317
-0.05159916136189424
-0.025713945798944704
-0.0020331848894271642
0.040022316825159276
0.12620142607407314
0.21983003722295769
0.3110143880020131
0.39562931202623774
0.47099410046739776
0.5
0.5
0.5
0.5
0.5
0.5
0.5
0.5
0.5
0.5
0.5
0.5
0.5
0.5
0.5
0.5
0.5
0.5
0.5
0.5
0.5
0.5
0.5
0.5
0.5
0.5
0.49603660419288526
0.34032230962597737
0.23834943888558535
0.14812983460105988
0.06322816789823676
-0.0155327783169249
-0.08604257814589633
-0.14620480631245658
-0.1862173523267362
-0.19417273883313468
-0.18306731436265766
-0.16130420772575904
-0.13424557392017789
-0.10524885395712424
-0.07635748506319684
-0.04876033959978021
-0.023096498826221
0.0003433014687897473
0.050723988376137896
0.13839620902232264
0.23179768775086557
0.32212555200581827
0.4055143045457366
0.4793762504271125
0.5
0.5
0.5
0.5
0.5
0.5
0.5
0.5
0.5
0.5
0.5
0.5
0.5
0.5
0.5
0.5
0.5
0.5
0.5
0.5
0.5
0.5
0.5
0.5
0.5
0.5
0.47150463558342315
0.3246971050611734
0.22474391134727406
0.13545169456961548
0.05156806380669643
-0.02587332325461178
-0.09476207388618618
-0.15305220567544187
-0.1878820519483665
-0.19273971462195738
-0.17988636179946438
-0.15723818564768466
-0.1298361548540774
-0.10082702626350348
-0.07211707537936551
-0.044806802180175964
-0.01947917907216179
0.0036099311299974124
0.06071566150636998
0.14971909457205607
0.24305214932542474
0.3327627251671663
0.41518780197688293
0.48781367826688804
0.5
0.5
0.5
0.5
0.5
0.5
0.5
0.5
0.5
0.5
0.5
0.5
0.5
0.5
0.5
0.5
0.5
0.5
0.5
0.5
0.5
0.5
0.5
0.5
0.5
0.5
0.44872315760231807
0.31030311318636306
0.21228914584262953
0.1239061519645494
0.041006904238836184
-0.03517858593435219
-0.1025404655302753
-0.1590800673274565
-0.18919882371668384
-0.19124902763608065
-0.1768197215458691
-0.15338203200322842
-0.12568345461152175
-0.09667832468467352
-0.06814772028751481
-0.041111544587306814
-0.01610165874266023
0.006657785363633484
0.0699636963756341
0.1602046487300291
0.25348526202352895
0.3426355548470712
0.42417856173003765
0.49566858977957345
0.5
0.5
0.5
0.5
0.5
0.5
0.5
0.5
0.5
0.5
0.5
0.5
0.5
0.5
0.5
0.5
0.5
0.5
0.5
0.5
0.5
0.5
0.5
0.5
0.5
0.5
0.42732675541640575
0.2967545887058225
0.20054935556454312
0.1130131216044542
0.031034257575593305
-0.04397330335406813
-0.10990037554229815
-0.164792876739561
-0.19045057241080432
-0.18984210892661613
-0.17392016960431467
-0.14973449647030657
-0.12175472484397931
-0.09275300328752778
-0.06439186975829225
-0.03761491466753153
-0.012905603202045923
0.009541940430418228
0.07944461062227576
0.17096893233721355
0.26416306760102304
0.3526972822104991
0.4332945111410066
0.5
0.5
0.5
0.5
0.5
0.5
0.5
0.5
0.5
0.5
0.5
0.5
0.5
0.5
0.5
0.5
0.5
0.5
0.5
0.5
0.5
0.5
0.5
0.5
0.5
0.5
0.5
0.4095750874860284
0.28493612470091917
0.18996247483522555
0.10295638503039761
0.021623660556449043
-0.052476523552621335
-0.11723687398228722
-0.1707415294121104
-0.19204613388940484
-0.18882738785819675
-0.1714243382940216
-0.1464801855813317
-0.11819631247898399
-0.08916882125477621
-0.06094556333963508
-0.03439617001470163
-0.00995708772564663
0.012206838740789205
0.08912320809234031
0.18208678376933574
0.2752790157462378
0.36324914331514613
0.44292777220254786
0.5
0.5
0.5
0.5
0.5
0.5
0.5
0.5
0.5
0.5
0.5
0.5
0.5
0.5
0.5
0.5
0.5
0.5
0.5
0.5
0.5
0.5
0.5
0.5
0.5
0.5
0.5
0.3932404108618039
0.2740179192225742
0.18015645761323307
0.09362367005058164
0.012874595610270212
-0.0603983579288524
-0.12408960886335618
-0.17631842879073067
-0.19357684737863057
-0.18792981834580924
-0.16914694780788697
-0.14349414830727059
-0.11492382973780046
-0.08586868029108374
-0.05777007598844819
-0.031428967833535326
-0.007238124710168603
0.015880819736649177
0.0986227125492396
0.19271871321152723
0.2858016295131621
0.3731583385595587
0.45189806709153
0.5
0.5
0.5
0.5
0.5
0.5
0.5
0.5
0.5
0.5
0.5
0.5
0.5
0.5
0.5
0.5
0.5
0.5
0.5
0.5
0.5
0.5
0.5
0.5
0.5
0.5
0.5
0.3760889984918312
0.26270221612320244
0.17007849083285148
0.08408794369408573
0.003982865038438699
-0.06840261688492111
-0.1309644100763484
-0.1805043062453512
-0.19426742187491375
-0.18654967140258205
-0.16661638581356342
-0.1403997145681979
-0.11163212407266132
-0.08260221392950107
-0.054657718611570094
-0.028539404018471437
-0.004601960391313664
0.028025278855092317
0.11251706892349334
0.2064047373880043
0.298557940625084
0.38455726587516165
0.46161678061882305
0.5
0.5
0.5
0.5
0.5
0.5
0.5
0.5
0.5
0.5
0.5
0.5
0.5
0.5
0.5
0.5
0.5
0.5
0.5
0.5
0.5
0.5
0.5
0.5
0.5
0.5
0.5
0.35782710250390587
0.2505469550542536
0.15916982664559964
0.07369302403536482
-0.005786167615924986
-0.07728172154267376
-0.13868931380782168
-0.1834689853124425
-0.19432563676447678
-0.18490802737718048
-0.16405206766023972
-0.13740596563204277
-0.10851532084727522
-0.07954653060348726
-0.05176810512869967
-0.02587006549926585
-0.002175154227707865
0.03935457030730943
0.12543980320428
0.21908308086903117
0.31032163186514794
0.39501386768732216
0.47047320783800295
0.5
0.5
0.5
0.5
0.5
0.5
0.5
0.5
0.5
0.5
0.5
0.5
0.5
0.5
0.5
0.5
0.5
0.5
0.5
0.5
0.5
0.5
0.5
0.5
0.5
0.5
0.49749837983850004
0.34125693451786204
0.23916576494297903
0.1488924568910706
0.0639313775929064
-0.014907242343020988
-0.08551298946564423
-0.14578644448575295
-0.18611156351688984
-0.19425400632101986
-0.18325435531560164
-0.16154503996830505
-0.13450754476683613
-0.10551199232579334
-0.07661007802765707
-0.04899599674836552
-0.02331221075332901
0.00014844125991431145
0.049980336897908095
0.13755271701722033
0.23096828020697524
0.3213526610309331
0.4048233164931713
0.47878639262667416
0.5
0.5
0.5
0.5
0.5
0.5
0.5
0.5
0.5
0.5
0.5
0.5
0.5
0.5
0.5
0.5
0.5
0.5
0.5
0.5
0.5
0.5
0.5
0.5
0.5
0.5
0.4731406680730161
0.3257370370705716
0.22564787303527684
0.13629281106430197
0.05234047649382845
-0.025189539288775986
-0.0941868306133844
-0.15260204275997247
-0.1877751546902131
-0.19283784545735783
-0.1801000421258564
-0.15751022984955643
-0.13013067633994946
-0.10112210823316792
-0.07239989450752549
-0.045070392859429376
-0.01972029380160556
0.0033922299170320303
0.06005661336397994
0.14897250994956812
0.24230992252638545
0.3320609632003006
0.41454933320468157
0.4872564741190085
0.5
0.5
0.5
0.5
0.5
0.5
0.5
0.5
0.5
0.5
0.5
0.5
0.5
0.5
0.5
0.5
0.5
0.5
0.5
0.5
0.5
0.5
0.5
0.5
0.5
0.5
0.4502203706329657
0.31124842750846904
0.21310669917874586
0.12466374621894905
0.041699661441868874
-0.03456845630152161
-0.10203071961225574
-0.15868535264727535
-0.1891130031094832
-0.1913472628467413
-0.17702125398517232
-0.15363529130664866
-0.1259561166733072
-0.09695068437604126
-0.0684082827143937
-0.041354100081510636
-0.016323349153762545
0.006457738951936243
0.06935764996051386
0.15951760069846455
0.2528016934777295
0.3419887266403642
0.4235895491822322
0.4951540131624344
0.5
0.5
0.5
0.5
0.5
0.5
0.5
0.5
0.5
0.5
0.5
0.5
0.5
0.5
0.5
0.5
0.5
0.5
0.5
0.5
0.5
0.5
0.5
0.5
0.5
0.5
0.42890487075410655
0.29776690127735866
0.20143376178554007
0.11383817457804402
0.031793175551368125
-0.04330064599266359
-0.10933397997189309
-0.16434938658160292
-0.19035242889984905
-0.1899498353139779
-0.17414352768643282
-0.15001585351732538
-0.12205794871916076
-0.09305605983834841
-0.06468189817885117
-0.03788496011407372
-0.013152456652710032
0.009319163519242057
0.0786800105111321
0.17009512082066292
0.263291894356006
0.35187233487240344
0.43254320287018155
0.5
0.5
0.5
0.5
0.5
0.5
0.5
0.5
0.5
0.5
0.5
0.5
0.5
0.5
0.5
0.5
0.5
0.5
0.5
0.5
0.5
0.5
0.5
0.5
0.5
0.5
0.5
0.4108622039861124
0.28579502667325696
0.19073298202684014
0.10368901545134762
0.022309809547445714
-0.051855964274491795
-0.11670086900864474
-0.17030626603568866
-0.19192882556709567
-0.1889007704425747
-0.17160595337763795
-0.14671725953426895
-0.11845565925627932
-0.0894301098989988
-0.06119683771865636
-0.0346308750226737
-0.010172102140585726
0.012012497580552006
0.08842298374963076
0.1812820112412803
0.27447359886931344
0.362483748583736
0.44222813273727396
0.5
0.5
0.5
0.5
0.5
0.5
0.5
0.5
0.5
0.5
0.5
0.5
0.5
0.5
0.5
0.5
0.5
0.5
0.5
0.5
0.5
0.5
0.5
0.5
0.5
0.5
0.5
0.3944245888820623
0.2748094671042681
0.18086737925558277
0.09430026872021197
0.013508864352472005
-0.05982408270182504
-0.12359286521928414
-0.17591420649229217
-0.19346605234747827
-0.18799511209341457
-0.16931229153572225
-0.14371086655783916
-0.1151613040642877
-0.08610814392797728
-0.058000484267444974
-0.031644257030283174
-0.007435398690488593
0.014983560973225785
0.09759503491015198
0.19170464197012432
0.2848544775844847
0.372309897475267
0.4511724517322288
0.5
0.5
0.5
0.5
0.5
0.5
0.5
0.5
0.5
0.5
0.5
0.5
0.5
0.5
0.5
0.5
0.5
0.5
0.5
0.5
0.5
0.5
0.5
0.5
0.5
0.5
0.5
0.3776563201653672
0.26374375842197545
0.17101149289355122
0.08497523300796989
0.004814765417935407
-0.06764875704481732
-0.13031119510381695
-0.1802620858380768
-0.19427555703112676
-0.18670366710787312
-0.1668489935960904
-0.14066830720510937
-0.11191027191202518
-0.08287407436595084
-0.0549143078260963
-0.02877612703290766
-0.0048169813629481695
0.027027481341385662
0.11137641689798461
0.20528255957658004
0.2975134840190965
0.38362552018349794
0.4608240712515404
0.5
0.5
0.5
0.5
0.5
0.5
0.5
0.5
0.5
0.5
0.5
0.5
0.5
0.5
0.5
0.5
0.5
0.5
0.5
0.5
0.5
0.5
0.5
0.5
0.5
0.5
0.5
0.3592859215174326
0.2515205307445486
0.16004515797196184
0.07452828629279057
-0.00500013916825659
-0.07656620798101077
-0.13806562162872216
-0.18322756919287952
-0.19431777028478459
-0.18503688952363972
-0.16425528120612254
-0.13764392995056451
-0.10876342647276127
-0.07978997291221968
-0.05199843718860864
-0.026082913672639152
-0.002368710289280318
0.03844418791284798
0.1244014330543145
0.21806470653705362
0.3093771522253474
0.3941747922658231
0.4697630409310566
0.5
0.5
0.5
0.5
0.5
0.5
0.5
0.5
0.5
0.5
0.5
0.5
0.5
0.5
0.5
0.5
0.5
0.5
0.5
0.5
0.5
0.5
0.5
0.5
0.5
0.5
0.49949131394874347
0.34253116961194596
0.24027871551767266
0.14993218961582444
0.06489010925009658
-0.014054408337120905
-0.0847909666651967
-0.14521606451167013
-0.18596733473030636
-0.19436480358949693
-0.18350936045011224
-0.1618733822775068
-0.13486470671419826
-0.10587074603208702
-0.07695445449636495
-0.04931728351432507
-0.02360630489753579
-0.00011722437636940697
0.04896646831859397
0.13640272933359254
0.2298374947882491
0.32029892833811785
0.4038812473980563
0.47798220100245953
0.5
0.5
0.5
0.5
0.5
0.5
0.5
0.5
0.5
0.5
0.5
0.5
0.5
0.5
0.5
0.5
0.5
0.5
0.5
0.5
0.5
0.5
0.5
0.5
0.5
0.5
0.47537117790792194
0.32715484422865176
0.22688030298290618
0.1374395600595908
0.053393557105744394
-0.024257291995124497
-0.09340256392821067
-0.1519883062867342
-0.18762941468373207
-0.1929716336277395
-0.1803913664562563
-0.15788112545930988
-0.13053221669749593
-0.1015244127348367
-0.07278548027729081
-0.04542976323025283
-0.020049021243625176
0.003095423649626672
0.05915809003230482
0.14795464242331646
0.24129799630516469
0.33110420532488305
0.41367886707107243
0.4864968013497934
0.5
0.5
0.5
0.5
0.5
0.5
0.5
0.5
0.5
0.5
0.5
0.5
0.5
0.5
0.5
0.5
0.5
0.5
0.5
0.5
0.5
0.5
0.5
0.5
0.5
0.5
0.4522616188423102
0.3125372362001965
0.2142213229825934
0.12569662389470204
0.042644142535243124
-0.03373662676558442
-0.10133574974418846
-0.15814721237088947
-0.18899599827637847
-0.19148119331872515
-0.17729601630852343
-0.1539805762387353
-0.12632785465179297
-0.09732201011320885
-0.06876352447117873
-0.041684791812129474
-0.016625594155260548
0.006185002626975411
0.06853138734168768
0.15858090329104374
0.2518697398802687
0.3411068635442867
0.4227865099460788
0.49445245728708087
0.5
0.5
0.5
0.5
0.5
0.5
0.5
0.5
0.5
0.5
0.5
0.5
0.5
0.5
0.5
0.5
0.5
0.5
0.5
0.5
0.5
0.5
0.5
0.5
0.5
0.5
0.4310178247833401
0.29911974866652424
0.202614277624794
0.1149386138750943
0.032804722161800914
-0.042404717653924284
-0.10858024348502715
-0.16375993348722118
-0.19022217799273933
-0.19009331585627165
-0.17444074555870692
-0.15039017269442434
-0.12246132410672117
-0.09345919336961572
-0.0650676901020425
-0.038244164082759324
-0.013480807219966917
0.009022840962622403
0.07766327163682574
0.16893421254117413
0.26213564943340806
0.35077860653929693
0.43154827323730566
0.5
0.5
0.5
0.5
0.5
0.5
0.5
0.5
0.5
0.5
0.5
0.5
0.5
0.5
0.5
0.5
0.5
0.5
0.5
0.5
0.5
0.5
0.5
0.5
0.5
0.5
0.5
0.4125751656919104
0.286937946676748
0.19175817965113773
0.10466374106348453
0.02322262096405886
-0.05103048847647096
-0.11598795798152062
-0.16972745170768666
-0.19177307452886228
-0.18899873374319742
-0.17184790608465939
-0.1470329787391278
-0.11880098740980116
-0.08977799567732292
-0.061531374023323204
-0.03494334168572555
-0.010458348221977554
0.011753777484989014
0.08749100211235955
0.1802108560349256
0.27340154964305385
0.3614649320171062
0.4412968033292446
0.5
0.5
0.5
0.5
0.5
0.5
0.5
0.5
0.5
0.5
0.5
0.5
0.5
0.5
0.5
0.5
0.5
0.5
0.5
0.5
0.5
0.5
0.5
0.5
0.5
0.5
0.5
0.39600067209868994
0.27586299413944915
0.18181360354079085
0.09520081496782073
0.014353074192097082
-0.059059719923594045
-0.12293169303766693
-0.1753761767208427
-0.19331857782353012
-0.18808201408036218
-0.1695323615869233
-0.14399931710304625
-0.11547738159473209
-0.08642686964316804
-0.058307157558679434
-0.031930806978834436
-0.007697970475774696
0.014249119448978553
0.09647362050204067
0.19053142973805942
0.28372730366818566
0.3712745891359997
0.45026075885660866
0.5
0.5
0.5
0.5
0.5
0.5
0.5
0.5
0.5
0.5
0.5
0.5
0.5
0.5
0.5
0.5
0.5
0.5
0.5
0.5
0.5
0.5
0.5
0.5
0.5
0.5
0.5
0.37956292794321866
0.2650010655783092
0.17213149527736904
0.08603562258337782
0.005804468229494875
-0.06675663981465552
-0.1295434545798102
-0.1799883746368126
-0.19430203729893136
-0.18690432936885426
-0.16714281655128482
-0.14100399955963605
-0.11225609312196871
-0.08321105578916699
-0.05523174893980631
-0.029068612451681353
-0.0050824132780112885
0.02580542069361874
0.10997867093224928
0.2039062178058258
0.29623112187975825
0.3824801359511883
0.4598480994418943
0.5
0.5
0.5
0.5
0.5
0.5
0.5
0.5
0.5
0.5
0.5
0.5
0.5
0.5
0.5
0.5
0.5
0.5
0.5
0.5
0.5
0.5
0.5
0.5
0.5
0.5
0.5
0.3610666933283751
0.2527093531441283
0.16111424947003905
0.07554860593258095
-0.004039809014186546
-0.07569187236589259
-0.137303317566708
-0.18293219583594822
-0.19430768705618406
-0.1851938459477379
-0.1645030919799686
-0.1379342264049792
-0.10906614858257302
-0.08008703546143137
-0.052279519885663595
-0.026342671274293572
-0.002604931044216885
0.037332261272177925
0.12313321912923231
0.21682099164940677
0.3082237697816187
0.3931502197191345
0.46889597475531425
0.5
0.5
0.5
0.5
0.5
0.5
0.5
0.5
0.5
0.5
0.5
0.5
0.5
0.5
0.5
0.5
0.5
0.5
0.5
0.5
0.5
0.5
0.5
0.5
0.5
0.5
0.5
0.3441490335893434
0.24142488961203074
0.15097232635056468
0.06587384324712464
-0.013141513246726633
-0.08397408974052423
-0.14451936288920275
-0.18571781255549136
-0.1943870804915696
-0.18368941753193235
-0.1621379005488084
-0.13516726420724823
-0.10618260931093448
-0.07725844618755406
-0.049603707886164305
-0.02387024918167635
-0.0003567786665037431
0.047900980273374805
0.13518900186800964
0.22864624718508686
0.31919268864993067
0.40289678730230205
0.47714706080271824
0.5
0.5
0.5
0.5
0.5
0.5
0.5
0.5
0.5
0.5
0.5
0.5
0.5
0.5
0.5
0.5
0.5
0.5
0.5
0.5
0.5
0.5
0.5
0.5
0.5
0.5
0.4777298574798986
0.3286598120675255
0.22819209119922418
0.13866277015682282
0.05451929728316146
-0.0232581469387092
-0.09255913287293571
-0.15132485948032415
-0.18746569513598765
-0.19310674016642626
-0.18069522288376827
-0.15827056728098843
-0.1309550242049763
-0.10194866601583952
-0.07319247641670779
-0.04580931603036875
-0.02039635288078434
0.0027817286548197373
0.0582099695194358
0.14688111054717312
0.24023120617918142
0.3300960314384432
0.4127620697475804
0.48569714682357057
0.5
0.5
0.5
0.5
0.5
0.5
0.5
0.5
0.5
0.5
0.5
0.5
0.5
0.5
0.5
0.5
0.5
0.5
0.5
0.5
0.5
0.5
0.5
0.5
0.5
0.5
0.45441702909515824
0.3138977574950189
0.2153977331703794
0.12678658604573745
0.043640664500476656
-0.032859129347571736
-0.10060281118959735
-0.15757989119593885
-0.1888730254672688
-0.19162296679512214
-0.17758635261399647
-0.15434528555402194
-0.12672043687402523
-0.09771411993828205
-0.06913862839710794
-0.042033959858785774
-0.0169447178117641
0.005897040836998491
0.06765954217524695
0.15759254909323267
0.2508863748497109
0.34017632872531167
0.42193912291044566
0.49371212865737885
0.5
0.5
0.5
0.5
0.5
0.5
0.5
0.5
0.5
0.5
0.5
0.5
0.5
0.5
0.5
0.5
0.5
0.5
0.5
0.5
0.5
0.5
0.5
0.5
0.5
0.5
0.4329932716328807
0.30036746786112745
0.20369365902519954
0.11593905058613574
0.033719741860352315
-0.041598620822388965
-0.1079065310769437
-0.163237966574018
-0.19010817155046011
-0.19022242260388278
-0.1747063218546493
-0.15072411595129853
-0.12282094542315303
-0.09381846682999473
-0.06541143141351058
-0.038564168323307446
-0.01377329549683426
0.00875890150835762
0.07675948838943403
0.16790940232943452
0.261122780274557
0.34982837544868683
0.4306917779129277
0.5
0.5
0.5
0.5
0.5
0.5
0.5
0.5
0.5
0.5
0.5
0.5
0.5
0.5
0.5
0.5
0.5
0.5
0.5
0.5
0.5
0.5
0.5
0.5
0.5
0.5
0.5
0.41410723397817734
0.28795915143058914
0.19267354188151314
0.10553353295477214
0.024036671566301127
-0.05029485627304109
-0.11535324232769895
-0.16921283689958477
-0.19163625497208203
-0.18908838424761165
-0.17206599001662282
-0.14731676287834938
-0.1191110323467881
-0.09009014833622664
-0.061831439078379846
-0.035223544804453
-0.010714996636823071
0.011521835349577347
0.08665686073984746
0.17925200069685054
0.27244164918638536
0.3605524345725212
0.4404623964993113
0.5
0.5
0.5
0.5
0.5
0.5
0.5
0.5
0.5
0.5
0.5
0.5
0.5
0.5
0.5
0.5
0.5
0.5
0.5
0.5
0.5
0.5
0.5
0.5
0.5
0.5
0.5
0.3974111034081046
0.2768058953426211
0.18266052593020887
0.09600688825136233
0.015108750106269553
-0.05837548959063321
-0.12233980655757049
-0.1748944967754379
-0.19318652464364028
-0.18815977720054178
-0.16972933953321578
-0.1442575121154136
-0.11576031105315943
-0.08671217236120143
-0.05858167334435338
-0.032187310522488466
-0.007933010718893074
0.014036642157079338
0.09570806248000319
0.1896518154746985
0.28284725720813625
0.3704385457630393
0.44949681189096047
0.5
0.5
0.5
0.5
0.5
0.5
0.5
0.5
0.5
0.5
0.5
0.5
0.5
0.5
0.5
0.5
0.5
0.5
0.5
0.5
0.5
0.5
0.5
0.5
0.5
0.5
0.5
0.38109617038367943
0.2660018861153458
0.17301632236729841
0.08686827222665527
0.006576772961522592
-0.06606561640757025
-0.12895450923427598
-0.17979042749777296
-0.1943408788570835
-0.18707979828635202
-0.16739058917282712
-0.141283425912488
-0.1125420830628504
-0.08348867662798054
-0.05549263706722263
-0.02930859744887182
-0.005299951487269805
0.024813971288153214
0.10884393150141441
0.20278756019044586
0.29518743845451
0.3815464623236177
0.45905095128591855
0.5
0.5
0.5
0.5
0.5
0.5
0.5
0.5
0.5
0.5
0.5
0.5
0.5
0.5
0.5
0.5
0.5
0.5
0.5
0.5
0.5
0.5
0.5
0.5
0.5
0.5
0.5
0.36250519471277365
0.2536700840076507
0.16197846763697082
0.07637357379818394
-0.003263184874678804
-0.07498462754058965
-0.13668651443691948
-0.18269288149089336
-0.1942990369068025
-0.18532027276166985
-0.1647030095297478
-0.13816853272903606
-0.10931054088098158
-0.08032689056412923
-0.05250649144835129
-0.02655243472960722
-0.002795695057397629
0.0364333861482497
0.12210803893995387
0.21581569676079887
0.3072915818467469
0.3923222355114041
0.46819538045725556
0.5
0.5
0.5
0.5
0.5
0.5
0.5
0.5
0.5
0.5
0.5
0.5
0.5
0.5
0.5
0.5
0.5
0.5
0.5
0.5
0.5
0.5
0.5
0.5
0.5
0.5
0.5
0.34546997855861505
0.24230587171211093
0.15176404323916998
0.06662904875571535
-0.012431076754663262
-0.08332765412847776
-0.14395618031383306
-0.18550043923473714
-0.19438093437052972
-0.1838068903300234
-0.1623225546229533
-0.13538327357277835
-0.10640771376703773
-0.07747925771975805
-0.04981259105877045
-0.024063253843579435
-0.0005322754125818285
0.047076726094570365
0.13424878785592453
0.2277239966841511
0.31833720179466946
0.4021366086660324
0.47650349274538517
0.5
0.5
0.5
0.5
0.5
0.5
0.5
0.5
0.5
0.5
0.5
0.5
0.5
0.5
0.5
0.5
0.5
0.5
0.5
0.5
0.5
0.5
0.5
0.5
0.5
0.5
0.4795581705032757
0.32982777793466816
0.2292110168548851
0.13961353383769654
0.05539489686021787
-0.022480386001671904
-0.09190188323564519
-0.1508070386687672
-0.18733642637226855
-0.19320990126589654
-0.18092972148309694
-0.1585717617066632
-0.13128231803107493
-0.10227723735520555
-0.07350777478000903
-0.04610341024548059
-0.02066551585350873
0.0025386098144858926
0.05747553604537636
0.14604965887996563
0.23940509301893775
0.32931542265114394
0.41205232221520893
0.48507819799088964
0.5
0.5
0.5
0.5
0.5
0.5
0.5
0.5
0.5
0.5
0.5
0.5
0.5
0.5
0.5
0.5
0.5
0.5
0.5
0.5
0.5
0.5
0.5
0.5
0.5
0.5
0.45608701944598656
0.3149517853997992
0.2163090682216764
0.12763091001723215
0.044412567392584645
-0.032179463361911465
-0.10003515902571025
-0.15714056182130987
-0.18877788900731352
-0.19173289815296102
-0.17781135317282615
-0.1546278865023868
-0.12702461880941507
-0.09801792674085119
-0.06942925369853348
-0.04230448715068258
-0.01719196536830858
0.0056739378749790514
0.06698420034154734
0.15682696246154004
0.25012464889346003
0.33945551989347134
0.4212827153276194
0.4931386440368044
0.5
0.5
0.5
0.5
0.5
0.5
0.5
0.5
0.5
0.5
0.5
0.5
0.5
0.5
0.5
0.5
0.5
0.5
0.5
0.5
0.5
0.5
0.5
0.5
0.5
0.5
0.43452349006385854
0.30133397369885506
0.20452976641885573
0.11671400510706126
0.034428529895088544
-0.040974207354888215
-0.1073846659089015
-0.1628336470906684
-0.19001986683551297
-0.19032243818152028
-0.17491204915184366
-0.15098280119470053
-0.12309952087008846
-0.09409677227005786
-0.06567770480411761
-0.03881205399903276
-0.013999866291571128
0.008554445624693374
0.07605937812650893
0.16711553794325407
0.2603381651570664
0.34909228197195663
0.43002829590233793
0.5
0.5
0.5
0.5
0.5
0.5
0.5
0.5
0.5
0.5
0.5
0.5
0.5
0.5
0.5
0.5
0.5
0.5
0.5
0.5
0.5
0.5
0.5
0.5
0.5
0.5
0.5
0.41529403330291886
0.2887502166680838
0.1933826177146356
0.10620730848116217
0.024667267940254534
-0.049725005650766874
-0.11486156543180048
-0.1688141946687689
-0.19153026788273786
-0.18915782987669894
-0.17223492533976648
-0.14753659227570115
-0.11935120449585701
-0.0903319533072715
-0.06206388060536072
-0.035440600574949466
-0.010913806079324684
0.011342164298837942
0.08601070372952802
0.17850923574429106
0.2716980748025073
0.359845580470217
0.43981603441605194
0.5
0.5
0.5
0.5
0.5
0.5
0.5
0.5
0.5
0.5
0.5
0.5
0.5
0.5
0.5
0.5
0.5
0.5
0.5
0.5
0.5
0.5
0.5
0.5
0.5
0.5
0.5
0.398503676736765
0.27753630214099995
0.1833165838847537
0.0966313029237505
0.015694125056178954
-0.057845459098067153
-0.12188130910773409
-0.17452136947110797
-0.19308423137386488
-0.18822001551979006
-0.1698819261321659
-0.14445751974815424
-0.11597947891063687
-0.0869331786280062
-0.05879432364148829
-0.032386007853991705
-0.008115081765656673
0.013872049225265748
0.0951150324224303
0.1889704331574853
0.28216554008757866
0.3697909150818771
0.44890502979305896
0.5
0.5
0.5
0.5
0.5
0.5
0.5
0.5
0.5
0.5
0.5
0.5
0.5
0.5
0.5
0.5
0.5
0.5
0.5
0.5
0.5
0.5
0.5
0.5
0.5
0.5
0.5
0.38228387768848576
0.26677715937561997
0.17370174273823974
0.08751327398380765
0.007175029279151146
-0.06553032366374167
-0.12849828999937496
-0.17963709019378338
-0.1943709669923831
-0.18721572311775703
-0.16758252317528444
-0.14149988008673497
-0.11276362163932141
-0.08370373218275418
-0.055694730833654615
-0.029494498863544605
-0.005468464774822435
0.024045957235586446
0.10796491959721843
0.20192100586578698
0.29437896196118973
0.3808232035629845
0.4584334502978116
0.5
0.5
0.5
0.5
0.5
0.5
0.5
0.5
0.5
0.5
0.5
0.5
0.5
0.5
0.5
0.5
0.5
0.5
0.5
0.5
0.5
0.5
0.5
0.5
0.5
0.5
0.5
0.3636195120621092
0.2544143023181219
0.1626479235780442
0.07701262497779993
-0.002661582565848475
-0.0744367690613651
-0.13620871550114644
-0.18250749958495627
-0.19429233617427644
-0.18541820773233697
-0.16485787319233125
-0.13835003523142853
-0.10949985635905368
-0.08051269135960049
