-0.0
0.09599999999999997
-0.0
0.23426645333333324
0.0311891040711108
0.09877327157627208
-0.0
0.18482403810447745
-0.0
0.1848682672440869
-0.0
0.2100258821768745
0.003270788118526491
0.292779035896679
0.21993527221784728
0.5633896102943553
0.6367780707190728
0.780231514683225
0.8445851146651391
0.8599986521621976
0.8461735489015594
0.81586295051088
0.777218075162259
0.7353548300850747
0.6933982222097025
0.6531772390628712
0.6156859560384392
0.5813884459611977
0.5504194597150774
0.5227156747994999
0.49810079561735726
0.4763400722286455
0.45717463335454894
0.44034256602894906
0.39028333606313526
0.31710011667991134
0.20465344444795597
0.06581759264977038
-0.0
-0.0673864323790263
-0.27025885570633446
-0.40233936157018046
-0.516142466835934
-0.6197360012469618
-0.7122073092382727
-0.7911404606225453
-0.8211569113213241
-0.8175171569797012
-0.7943774750797261
-0.7608371285800724
-0.7226538487381915
-0.6833882490977035
-0.6451659069461565
-0.6091836470999504
-0.5760448384068348
-0.5459805276913636
-0.487090723644519
-0.39673326255126995
-0.3013976943930153
-0.20885856975165035
-0.1228120883399841
-0.045868805151267275
-0.0
-0.0
0.045043375856187645
0.16520575098893003
0.25386608297575275
0.3357482201884856
0.4138602369804972
0.48681888346249325
0.5525258138187812
0.6089869299570648
0.6545259288649796
0.6714971953636247
0.6666245346633188
0.6492029206687052
0.6251960401473194
0.5983676575432112
0.5710361953805684
0.5445770771413474
0.5197563301316116
0.48528928686500905
0.3932039933090501
0.29104885707364037
0.1911854181550472
0.09843601578717988
0.01578754198755375
-0.0
-0.0
-0.14500609550659138
-0.24760604513256218
-0.33739682001305293
-0.4221869559666791
-0.5014163312058664
-0.5729902671996445
-0.6347630497265327
-0.6848582805007295
-0.6987599419714959
-0.690931421412973
-0.6707464914265089
-0.6442066420135494
-0.6150878865638029
-0.5857054502210953
-0.5574226748541874
-0.5309888332461347
-0.5067626128618634
-0.48475272908680744
-0.4029655931772576
-0.3096900356003574
-0.21728270877634653
-0.13044378907115473
-0.052054815983549926
-0.0
-0.0
0.13347385486607227
0.24558317469015195
0.33864849045275525
0.42524666179793597
0.5057865031554232
0.5783556829400777
0.6408336119794877
0.6871939359092587
0.6988147571521166
0.6896518871194552
0.6687422905032843
0.6418647483513003
0.6126487011382196
0.5833135183172163
0.5551603947682159
0.5288987937721558
0.5048623369228447
0.46342871217016957
0.37781153993670713
0.2846183830860755
0.19372177565195936
0.10923920539931986
0.03385061560782393
-0.0
-0.0
-0.1469673468378037
-0.25117643080795626
-0.34145792349823234
-0.4262350744038593
-0.5050977599103916
-0.5760109455905754
-0.6368753149880346
-0.6814473847090174
-0.6922690516784866
-0.6829187589837079
-0.6621869876666523
-0.6356929884103812
-0.6069642586725428
-0.5781562054689499
-0.5505309709647098
-0.5247751792530727
-0.5012100559120121
-0.4530726094447378
-0.36581257757193336
-0.272345597714408
-0.18176360132867592
-0.09800171267739442
-0.023673803103974878
-0.0
0.015403817586081447
0.16611434742756964
0.2667208896607034
0.35621441880282056
0.44042248714991034
0.5184160140699073
0.5880849480678306
0.6473567271759427
0.6858242767102183
0.6928941564985993
0.6813261489510736
0.659367183521406
0.6322768145469002
0.6033455616451211
0.5745736326536235
0.5471223511293677
0.5216135824043493
0.49832761528635294
0.44414968431227453
0.35583486170414236
0.2625842092007335
0.17269578169912359
0.08991408649296917
0.016782879222590877
-0.0
-0.03270195866804562
-0.1775072888027193
-0.27687186397415475
-0.36583401401285964
-0.44941291289940727
-0.5265347892411342
-0.5950898405948593
-0.6530412713742544
-0.6874576135394768
-0.6920918991862822
-0.679135734305402
-0.656459542684604
-0.6290743729568482
-0.6001075939230134
-0.5714530709598719
-0.544203498521776
-0.5189370656143323
-0.495906820663507
-0.4367100990535702
-0.3473848048920521
-0.2541659740512404
-0.16472024492003967
-0.08264210331218803
-0.010420591142873248
-0.0
0.04912495876448872
0.1880070482568282
0.2860361159383371
0.3743864099786569
0.4572883389106336
0.5335276763625689
0.6009949317373562
0.6576873560721201
0.6885786068755289
0.6911064101180303
0.6769621070466152
0.6536847841522532
0.6260669434581163
0.5970926015718607
0.5685623015765547
0.5415086148453631
0.5164715608942783
0.49368046812202226
0.4301998849296427
0.3399953913097561
0.24678805956401845
0.15770957815334344
0.07622735478837113
0.004783907490514189
-0.0
-0.06320056875794233
-0.19701743908283625
-0.2939081403539942
-0.3817391602998905
-0.4640655636933947
-0.5395527430518042
-0.6060913481654644
-0.6617076781747908
-0.6895757367281247
-0.6902954514895383
-0.6751298256466503
-0.6513342275934798
-0.6235140046197732
-0.5945303968726849
-0.5661040063484841
-0.5392158900114822
-0.5143733520968499
-0.4917853802652389
-0.42432361449143885
-0.3333302089054778
-0.24016176704553202
-0.15144637978401648
-0.07053165884579221
-0.0
-0.0
0.0760383436865529
0.20531456528485156
0.30120089828968694
0.38857766663921806
0.4703902380806797
0.5451955275226746
0.6108847594490444
0.6655111427972112
0.6905211649307416
0.6895314481530116
0.6734001117669554
0.6491143398821085
0.6211025705997213
0.5921099876598858
0.5637816264161999
0.5370498473894629
0.5123910282825648
0.4899949273840801
0.4183346119734154
0.32650252978404104
0.2333640476644549
0.1450169085606054
0.06468289076855845
-0.0
-0.0
-0.0864429231827899
-0.21230366091623998
-0.3074998847437348
-0.39458848266707147
-0.4760396732791994
-0.550325739587582
-0.6153389146467142
-0.6691547133453886
-0.6915533267983698
-0.688994508444847
-0.6719697261660763
-0.6472232116655215
-0.619023056832802
-0.5900091826522943
-0.5617580216710465
-0.5351576680666998
-0.5106563343909155
-0.488426218590245
-0.412775475385711
-0.3201121071273074
-0.22696182127841977
-0.1389250359160653
-0.05910613659283938
-0.0
-0.0
0.09593679431200255
0.21866821212844512
0.31322668017246463
0.4000454497291773
0.48116063291754874
0.5549673528802809
0.6193589298760322
0.6724313916653522
0.6924524715664265
0.6884668101084865
0.670631266585754
0.6454683751274861
0.6170999291770849
0.588069826430495
0.5598919338321188
0.5334139887111633
0.5090585385755156
0.486981791383742
0.4076821555504574
0.3142531296569132
0.22108611020316105
0.13332794353172503
0.053976011103572655
-0.0
-0.0
-0.10478443728017561
-0.2246058487143208
-0.3185738509003396
-0.4051445631265257
-0.4859498376884016
-0.5593128495507946
-0.6231278312592281
-0.6755098263538547
-0.6933150502998373
-0.6879985256048313
-0.6694057380904752
-0.6438529053568975
-0.6153256604119273
-0.5862785211864889
-0.5581671083082095
-0.5318015798994773
-0.5075805772330666
-0.48535732749879357
-0.4028033526568625
-0.30871175214399177
-0.21556110990490507
-0.12809079757182695
-0.049200977928739384
-0.0
-0.0
0.11319708234719339
0.23022859121111883
0.3236238296293741
0.4099509400505796
0.4904558483573076
0.563393090194271
0.6266577644390418
0.6783829947922171
0.6941052327633874
0.6875385298073131
0.6682352646758536
0.6423174532129114
0.6136425733148024
0.5845810269928752
0.5565336267891737
0.5302751769938739
0.5061818347616803
0.4790546749406128
0.3955849385849736
0.3015866374074019
0.20890333601072272
0.12212375754415233
0.04409431447914991
-0.0
-0.0
-0.12255557268833248
-0.23635279282123156
-0.32904802079267914
-0.41506239443781395
-0.49520344849687015
-0.5676478946772423
-0.6302916498885857
-0.6802263264103264
-0.6942318542388491
-0.686657190043182
-0.6668028793777369
-0.640624372429
-0.6118694844806337
-0.5828368652476141
-0.5548807760316324
-0.5287461734854828
-0.5047903955298174
-0.472701323361747
-0.388317871836492
-0.29442804241994486
-0.20223011510768035
-0.11615955854598362
-0.03900804988915174
-0.0
-0.0
0.13228203542416833
0.242824808733288
0.33485411870760945
0.4205927400639661
0.5003981974639772
0.5723663886608951
0.6343932019926174
0.6817885024831719
0.6942443818637071
0.6857641884624215
0.665419150141674
0.6390130973563126
0.6101940703757923
0.5811954782831347
0.5533292934276088
0.5273133916190704
0.5034880669204703
0.4667053534571594
0.3814742535518133
0.2877053100583098
0.1959828766137782
0.11059640877186051
0.03428536989241522
-0.0
-0.0
-0.14146679133090934
-0.2489585274398989
-0.34037139819285744
-0.4258592612521943
-0.5053559207042917
-0.5768810194079796
-0.6383302770411304
-0.6833153226723507
-0.694298468886963
-0.6849558916037862
-0.6641417084286495
-0.6375161792280806
-0.6086328465278835
-0.5796633121124455
-0.5518794693636986
-0.5259735145055793
-0.5022695669161995
-0.461018911465738
-0.3749879813799938
-0.28134156102804087
-0.19007805399693067
-0.10534749080952241
-0.029839476192407288
-0.0
-0.0
0.1501601886821091
0.2547639549856697
0.3455931106293778
0.43084329484464867
0.5100472786213036
0.5811525500902572
0.6420546904019371
0.6847570174780183
0.694345543744721
0.6841864998847006
0.6629283276087015
0.6360952796882133
0.6071513811026179
0.5782096854015852
0.5505041218683812
0.5247025635652723
0.5011138108041385
0.45560659168707973
0.3688134588727284
0.2752834423757845
0.18445674562669662
0.10035058544114939
0.02560708059096603
-0.0
-0.0019558743218088814
-0.158381050523974
-0.26050971960370045
-0.3507983759265934
-0.43577806248439294
-0.5146431254771735
-0.5852831716182101
-0.6455976780487613
-0.6860526112118995
-0.6942733807674645
-0.683318645941836
-0.6616328185768173
-0.6346052951363689
-0.6056113955213286
-0.5767062052705684
-0.5490861094059135
-0.5233949660863028
-0.49992648650130117
-0.45026736340182294
-0.3627289731924522
-0.26931157986169874
-0.1789114786021064
-0.09541642330826336
-0.021422159007497124
-0.0
0.014124088929877626
0.1661489915620438
0.2672864850015477
0.3571233749531181
0.44160474209997763
0.5198203695544299
0.589659798970759
0.6490474668562156
0.6869114105803176
0.6935824001970995
0.6817520757248905
0.6596217443355252
0.6324204363791535
0.6034182672471218
0.5746018210714714
0.5471233388058421
0.5215986427069987
0.4983040114297756
0.44506202072134643
0.35682622981467066
0.2634563430929174
0.17339254766153456
0.0904140308536774
0.017076990385665403
-0.0
-0.026475398432219632
-0.17401266883141114
-0.2741305538310005
-0.3634981097977936
-0.44746484658998276
-0.5250144222612966
-0.5940364365571731
-0.652480751297107
-0.6877405876689568
-0.692855400369575
-0.6801472872376342
-0.6575727982464417
-0.6301995239504037
-0.6011916854063003
-0.5724669291192084
-0.5451330824717937
-0.5197777711775737
-0.4966597511448394
-0.44008698294663273
-0.3511904328805562
-0.257853303059226
-0.16809479441971542
-0.08559389085905511
-0.012870137863672165
-0.0
0.03824758199217179
0.18146566377811063
0.28058909508303
0.3694922680288707
0.45295457514549975
0.5298583264136549
0.5980933685734743
0.6556339809779141
0.6884459104714864
0.6921010517822825
0.6785726760984101
0.6555863371854964
0.628057298207107
0.5990498947202244
0.5704167755758219
0.5432239182375893
0.5180324023739242
0.4950845079415897
0.4353071357607831
0.34577116036780237
0.25246134541882015
0.16299260710344993
0.08094775417048994
0.008811177093050127
-0.0
-0.049535816795062027
-0.1885947918822348
-0.2867558775119844
-0.3752075736935157
-0.4581814410327414
-0.5344624595664355
-0.6019407396418753
-0.6586140022665447
-0.68909480341771
-0.6913608796775017
-0.6770528706803133
-0.6536760709435951
-0.6260005075370917
-0.5969952901861111
-0.5684511108718644
-0.5413940627551448
-0.516359933310761
-0.4935753112273151
-0.4307360956581124
-0.34058883596296546
-0.24730481407644778
-0.15811275729245594
-0.07650360297789943
-0.004928154293255868
-0.0
0.06034315573640375
0.1954216131629363
0.2926621711611266
0.3806822995730359
0.4631891381068521
0.5388744814544788
0.6056286775879223
0.6614718760137478
0.6897202500259229
0.6906559031145937
0.6756010059854882
0.6518499698067097
0.6240337659665501
0.5950303289093241
0.5665710276344397
0.5396437651775045
0.5147601099217474
0.492131623895724
0.42628346229067
0.33554108904295715
0.24228794845412063
0.1533719521530105
0.07219341729611936
0.0011700525489141966
-0.0
-0.07089770972497389
-0.20210473227652673
-0.29845300829637117
-0.3860554217909181
-0.46810824739120593
-0.543212549042357
-0.6092590019021628
-0.6642897468925162
-0.6903377644757233
-0.6899620621266854
-0.6741709373041087
-0.6500509604160819
-0.6220960529357215
-0.5930942887086
-0.5647185687483943
-0.537919156025036
-0.5131837483375266
-0.49070909698561993
-0.421411832131414
-0.3300100306381149
-0.23681345787094887
-0.14822801067789576
-0.06754879647060968
-0.0
-0.0
0.08027313796660107
0.2082897026017414
0.3039605933775889
0.39126544857637985
0.47296479646591966
0.5475823100882854
0.6130095632135585
0.6673087892231223
0.6911211485470122
0.6894063973874913
0.6728569764217982
0.64835021691717
0.6202419934446679
0.5912297992164208
0.5629275396872239
0.5362474450955179
0.5116530455298863
0.48932605290761566
0.4164151075981036
0.324278235246315
0.23109001273310603
0.14280213786348336
0.06260230789072546
-0.0
-0.0
-0.08900104903622158
-0.2141129153883943
-0.3091839504292663
-0.39623166519381225
-0.47761560504009803
-0.5517882067640831
-0.6166420182473211
-0.6702581059367746
-0.6919152844543206
-0.6889080245718499
-0.6716250424187545
-0.6467424456981468
-0.618483331530191
-0.5894580533774832
-0.5612237473255293
-0.5346560327052989
-0.5101951633049917
-0.4880083552741993
-0.41164939618053076
-0.31880128870847857
-0.22561004929342263
-0.13759605698167554
-0.05784514385067757
-0.0
-0.0
0.09741248409630399
0.21973333179850255
0.31423075970103176
0.40103412828292206
0.48211704134386946
0.5558633114557666
0.6201663708931396
0.6731253812249045
0.6927005103120575
0.6884438305923071
0.6704509928640344
0.6452039332685244
0.6167976159786228
0.5877582950662323
0.5595883110639037
0.533127939134484
0.5087949565246315
0.4867425765354267
0.4070954530201652
0.31356921585936776
0.22037540217477058
0.1326230688559222
0.053300893824504064
-0.0
-0.0
-0.10546173424678362
-0.22511415583117989
-0.319063788166996
-0.40563405850721246
-0.48642942575399684
-0.5597680620964257
-0.6235442484207476
-0.6758744635408966
-0.6934548792192705
-0.6880011004620853
-0.66932804671484
-0.6437316533332824
-0.615184142389566
-0.5861312059231475
-0.5580226929073715
-0.5316650197421104
-0.5074544311046012
-0.48510074044752016
-0.40250157650245777
-0.30839085553815654
-0.21523490722554928
-0.12777037341702266
-0.04889641674311068
-0.0
-0.0
0.11329435903764887
0.2303363282389771
0.32374616137398504
0.41008504352763697
0.49059727819995635
0.5635370194611693
0.6267993688514079
0.6785176522457673
0.6941714820178737
0.6875620020386879
0.6682327536438595
0.642299875092475
0.6136169460145208
0.5845517924030427
0.556503532884743
0.5302458652563069
0.5061542304436978
0.4791653450542882
0.3957052690223183
0.30168754428842826
0.2089772323615395
0.12216829585354337
0.044108999098973145
-0.0
-0.0
-0.12220210036763693
-0.23616184356455486
-0.3289037555645711
-0.4149440337591194
-0.4951094205228084
-0.5675799324099123
-0.6302514262156319
-0.6802397221132613
-0.6942759921073111
-0.6867173981205908
-0.6668699035792011
-0.6406925175476502
-0.6119353766898581
-0.5828986303568069
-0.5549374956030813
-0.5287975264278406
-0.5048364233019123
-0.4730616893029262
-0.38872555122140295
-0.29481783805293993
-0.20258005245441968
-0.11645802084515333
-0.03924711033314873
-0.0
-0.0
0.13160006974310395
0.242403120023246
0.3344953117293651
0.4202646201191301
0.5001022124263399
0.5721099317257928
0.6341836344963468
0.6817283175398322
0.6942740042221949
0.685844994397881
0.6655263995661721
0.6391312138029641
0.6103134935283242
0.5813105691640593
0.5534369437176622
0.5274121035250127
0.5035773471021047
0.4672231696431134
0.38206223900028397
0.2882747507006348
0.19650271482232373
0.1110493610773773
0.03465907036304082
-0.0
-0.0
-0.14058628368402162
-0.2483940141364568
-0.33987790782237154
-0.4253982292990437
-0.5049309216518363
-0.5765031344529563
-0.6380105716417039
-0.6832061541189581
-0.6943169117099324
-0.6850480725767709
-0.6642730194263957
-0.6376647395577171
-0.6087851418932795
-0.5798112908031346
-0.5520186133588897
-0.526101562228138
-0.5023856710460451
-0.461635073838928
-0.3756889847244506
-0.28202400687078655
-0.19070516633104512
-0.10589838488580124
-0.030298943349622923
-0.0
-0.0
0.14915616997180647
0.2541101929973559
0.34501523369840764
0.4302988358096184
0.5095411691350835
0.5806981964589766
0.6416654936838679
0.6846167591169487
0.6943566497408782
0.6842855288096421
0.6630744782899223
0.6362627137127025
0.6073241007478641
0.578378122477823
0.550662871275732
0.5248488820659463
0.5012466267326177
0.45627956571790423
0.3695798432030303
0.2760316144270597
0.1851466550836079
0.10095923927654533
0.02611758045931445
-0.0
-0.0003371355659344544
-0.15735905061777614
-0.2596253398451108
-0.34997813434965297
-0.4350271614371686
-0.5139807761813402
-0.5847285836737782
-0.6451667314239706
-0.6859547792145628
-0.6943742618777807
-0.6835312712463146
-0.6619016304776957
-0.6348954507017739
-0.6059016358160265
-0.5769841114612664
-0.5493449551490724
-0.5236316364430573
-0.500140108497174
-0.45112058920018333
-0.36369602161205034
-0.270259628001303
-0.17979160062020594
-0.09619971419046178
-0.02208693954177307
-0.0
0.012122519611948879
0.16489217292627936
0.26620353899732685
0.3561225069774755
0.44069185676059575
0.5190187286159202
0.5889926338803807
0.6485338650689975
0.6868038379881757
0.6937165384188136
0.6820216498311035
0.6599589111697537
0.6327826915816159
0.6037797178346612
0.5749473798721608
0.5474448729608483
0.5218924276783122
0.4985690560523698
0.44588822467671885
0.3577624868002519
0.2643858768038018
0.17426981136382724
0.09121043529312464
0.017770137098187408
-0.0
-0.02443845832055877
-0.17272410730435533
-0.2730144466207028
-0.3624624857389611
-0.44651647043016485
-0.5241776231504774
-0.5933355191403247
-0.6519358136588292
-0.6876169079555274
-0.6929830122853634
-0.6804162086898121
-0.6579127704859115
-0.6305664843674346
-0.6015587499412336
-0.5728183930388395
-0.5454604398381843
-0.520077083069239
-0.4969299138385542
-0.44091851488465744
-0.3521321393298264
-0.2587882878077611
-0.16897738506580595
-0.08639537546564821
-0.013568003236242673
-0.0
0.036244177708648656
0.18020367300771953
0.27949960197379187
0.36848412767306615
0.4520340723286624
0.5290490435387709
0.5974188345825606
0.6551135583678701
0.6883360193508513
0.6922355997392761
0.678844235763907
0.6559263251430313
0.6284227421343374
0.5994146126595283
0.5707655082394332
0.5435484362398819
0.5183289329125756
0.4953520418318255
0.43612892445041945
0.3467027666054462
0.2533874518309491
0.1638679972110874
0.08174389242367852
0.009505621544225892
-0.0
-0.04756494652649182
-0.18735323966931117
-0.28568394205143377
-0.37421557932888794
-0.4572755657023876
-0.5336659024374796
-0.6012766513128556
-0.6581014382235286
-0.688986026466035
-0.691492555537108
-0.677319352811698
-0.6540099100334261
-0.6263594392894892
-0.5973535616320118
-0.5687937104504125
-0.541712892381141
-0.5166512778870909
-0.4938381738327164
-0.4315387803470945
-0.34149864388155476
-0.24820940883751189
-0.15896803616101007
-0.07728170031131543
-0.005607138644977791
-0.0
0.058424860862567374
0.19421191496884901
0.2916169150349895
0.3797143863151094
0.4623046845631695
0.5380961620288767
0.6049791220654657
0.6609697309016762
0.6896122944572453
0.6907827603435218
0.6758595813131171
0.6521744359566677
0.6243828684676834
0.5953789239994954
0.5669044530060953
0.5399541052843561
0.5150437270560612
0.49238753381634504
0.4271428343037198
0.3365153557320382
0.24325166198951426
0.15427707886708078
0.07301036426823697
0.0018759301115358618
-0.0
-0.06882347930454802
-0.20078000643107605
-0.29729899535580123
-0.3849809971718837
-0.4671217477564117
-0.5423399355479772
-0.6085260949245346
-0.6637179746551329
-0.690213002098365
-0.6901036767023491
-0.6744620737984421
-0.6504169958871603
-0.6224902118957862
-0.5934880543372703
-0.5650953040047066
-0.5382698715062888
-0.513504304409611
-0.4909983629036745
-0.4224093004680468
-0.3311480779047632
-0.23794568432753027
-0.1492976999670973
-0.06852050880648776
-0.0
-0.0
0.07852898838159128
0.20712491379086526
0.3029150351657038
0.39027074433210907
0.47203264270517326
0.5467386407014587
0.6122801297028725
0.6667155917600297
0.690959027514311
0.6895029421542007
0.6731004627719837
0.6486691284011643
0.6205913463168228
0.5915820241367161
0.5632664136203673
0.5365640634310174
0.5119431575473802
0.4895883071226479
0.41738181699358323
0.3253887209859916
0.2321995348492466
0.1438544212285277
0.06356198260499508
-0.0
-0.0
-0.08730191408840748
-0.21298011589652574
-0.30816837257640917
-0.3952664658131071
-0.4767120570107266
-0.5509714573401628
-0.6159370231645541
-0.6696861527625863
-0.691762091634191
-0.6890059240254828
-0.6718654027169099
-0.6470557477567818
-0.6188258640224442
-0.5898030417233002
-0.5615554503870727
-0.5349658244968672
-0.5104789411317877
-0.4882648330916249
-0.4125759109595577
-0.31986606211603136
-0.22667545416917206
-0.13860827111699153
-0.058770137254580385
-0.0
-0.0
0.09576946263365047
0.21863562075974433
0.3132451437764313
0.40009625733049087
0.48123796324922935
0.5550674824846898
0.6194780772707351
0.672565377403623
0.6925468569430404
0.6885340417644904
0.6706797719182657
0.6455038747262244
0.6171263187777534
0.5880897698359955
0.5599072617410065
0.53342596717925
0.5090680498888694
0.4869894560626954
0.4079854993256792
0.31459162020736037
0.22139800687044103
0.1335942328363952
0.054187996991637
-0.0
-0.0
-0.10388623961746282
-0.22406140168783126
-0.3181184866527609
-0.4047345496682657
-0.48558633067823764
-0.5590048528623135
-0.6228842298577659
-0.6753375498429374
-0.6933079864740668
-0.6880882473770862
-0.6695481545230271
-0.6440200190366074
-0.6155000671003098
-0.5864497456398987
-0.5583291687597164
-0.5319513739946086
-0.507716816561349
-0.485767917513708
-0.40358775577903766
-0.309539090960227
-0.2163432524771874
-0.1287924400331502
-0.049800490966792094
-0.0
-0.0
0.11165590179801116
0.2292542168358937
0.3227819310575183
0.4091725302936549
0.48974636693118795
0.5627710996711315
0.6261416677295913
0.677987881360864
0.6940336709317881
0.687658975414785
0.6684627036151577
0.6425976721965952
0.6139416598344334
0.5848783711286616
0.556817266689668
0.5305387116518699
0.5064223838126494
0.48041037710673146
0.3971293555702193
0.30308948382648493
0.2102830594578999
0.12333426296535123
0.045102141824491446
-0.0
-0.0
-0.12031418101433886
-0.23491871628323732
-0.32779758294406736
-0.41389763727592804
-0.4941336280128291
-0.5667012506179011
-0.6294962469269072
-0.6799725071399525
-0.6943051494663997
-0.6869183928744784
-0.6671626755954853
-0.6410263958791459
-0.6122790156339601
-0.5832333075703894
-0.5552526596049274
-0.5290878477166208
-0.5050998494046072
-0.4742740407536066
-0.3901122749250913
-0.296183439580374
-0.2038525270210742
-0.11759469643295971
-0.04021579121826545
-0.0
-0.0
0.129729577003748
0.24116083371026087
0.3333819566417832
0.41920466787365246
0.49910688551958937
0.5712060479707793
0.6333980435981057
0.6814272545777178
0.6942687509278287
0.6860127180900394
0.6657879856075953
0.6394364544519241
0.6106312048670633
0.5816220077018432
0.5537314308954094
0.5276841263222479
0.5038246443951057
0.4683723447954458
0.38337251698070035
0.2895598868292396
0.19769480989388033
0.11210868208046533
0.03555596047646731
-0.0
-0.0
-0.1388180288917513
-0.24721365548235427
-0.33881649298364314
-0.42438528162016625
-0.5039775704643565
-0.5756351935185671
-0.6372538863753779
-0.6829130163881868
-0.6943069929497712
-0.6852039768958795
-0.6645191125061827
-0.6379530029023359
-0.6090857334365232
-0.5801062567751969
-0.5522977087825739
-0.5263594811801589
-0.5026202183966618
-0.46273976972009184
-0.376948933330417
-0.2832595674926047
-0.19185093115873214
-0.10691613107649377
-0.031160167854994467
-0.0
-0.0
0.1474636481833494
0.25298171970549305
0.3440013230682001
0.4293318587482674
0.5086316875741548
0.5798708335578368
0.6409448956016492
0.6843391452990205
0.6943495835895271
0.6844367639846966
0.6633117087387951
0.6365400435690001
0.6076130159175623
0.5786614764233068
0.5509308876979337
0.5250965060072041
0.5014717761768439
0.4573382720174979
0.37078759297433206
0.27721634741057705
0.1862456717765422
0.10193586217911706
0.026944435306631487
-0.0
-0.0
-0.15574511928414825
-0.25850451701518484
-0.34896423287902784
-0.4340656414889271
-0.5130845852069803
-0.5839222900024819
-0.6444742341569683
-0.6857003938258148
-0.6943865876025198
-0.6836988303637413
-0.6621526967074417
-0.6351845729259785
-0.606200646859429
-0.5772761397705617
-0.5496204456671193
-0.5238857146289119
-0.5003708412117652
-0.4521650658992496
-0.364886336014447
-0.27142765140225344
-0.18087586037064185
-0.09716412491218886
-0.022904507668667057
-0.0
0.009739287942798991
0.16337095834546117
0.26487654471414324
0.35488405333094486
0.4395510423982808
0.5180051340045865
0.5881358527297158
0.6478586031222331
0.6866358060530321
0.6938518981730227
0.6823284149823815
0.6603526884264656
0.6332104827449481
0.6042091206964908
0.5753594027771414
0.5478291663270833
0.5222441304769606
0.4988867199734719
0.44683924897743343
0.358840744484186
0.2654595808581469
0.17528687900683892
0.09213774002199183
0.018581486678735687
-0.0
-0.022123647509997096
-0.17124660354985805
-0.27172626627731244
-0.3612610487773264
-0.44541054417693104
-0.5231958277552821
-0.5925064697264792
-0.6512833681685973
-0.6874553370592286
-0.6931150058434968
-0.6807140121641869
-0.658294700669798
-0.6309812488618302
-0.6019749930545387
-0.5732177399594202
-0.5458328805802691
-0.5204179197980867
-0.49723775145657384
-0.44184887716263294
-0.3531855097492875
-0.25983498640403185
-0.1699665151347372
-0.08729479908610827
-0.014352446772830846
-0.0
0.03405170198563115
0.17881854215479442
0.27830124583251287
0.3673734359975121
0.451018290885282
0.5281543077766635
0.5966712203025933
0.6545345803756498
0.6882106796466072
0.6923805326225911
0.6791408240353353
0.6562988257282034
0.6288236821524351
0.5998150545323492
0.5711485736755054
0.5439050097116205
0.5186548212756825
0.4956461055213323
0.4370235226143359
0.347717404523877
0.2543972259978008
0.1648237248913358
0.08261440018228991
0.010266316439777129
-0.0
-0.04544916504416652
-0.18601778976802472
-0.28452924713255767
-0.37314576340394
-0.4562974875728033
-0.5328046717692559
-0.6005573285668314
-0.6575446902710308
-0.6888654026508602
-0.6916317748342439
-0.6776043804630789
-0.6543679285838938
-0.6267448090668702
-0.5977384620820754
-0.5691619143941199
-0.5420556355302047
-0.5169645282243894
-0.4941208350202194
-0.4323945685794331
-0.3424687923960898
-0.24917465732792693
-0.1598814250496429
-0.07811347082993311
-0.006333821021258915
-0.0
0.05639918039781694
0.19293230353279775
0.29050982922138757
0.37868817784955316
0.4613659993258125
0.5372691125073823
0.6042877768280288
0.6604339552580322
0.6894949307848093
0.690914756778962
0.6761315722036446
0.6525165786643039
0.6247513817476519
0.5957471144604273
0.5672567454810432
0.5402820821898918
0.5153435099877574
0.4926580607288999
0.4279628510526255
0.3374449042810911
0.24417639707275252
0.15515199905429275
0.07380696632127214
0.002571742609359773
-0.0
-0.06688412314450562
-0.19955509304410743
-0.2962393497324134
-0.3839988578886945
-0.4662234680396588
-0.5415485910314651
-0.6078647177269021
-0.6632055712992481
-0.6901010962737076
-0.6902304360844472
-0.6747228052609827
-0.6507448425022775
-0.622843265637763
-0.5938407654150087
-0.5654327659605466
-0.5385840295981573
-0.513791448966334
-0.49125748005478553
-0.4232966062223007
-0.3321542041029808
-0.23894008509341064
-0.15023060225366563
-0.06936138198506232
-0.0
-0.0
0.07700277389484783
0.20610117797797872
0.301993408604336
0.3893921085242633
0.47120764850621033
0.5459903514433624
0.6116314465294568
0.6661861302900893
0.6908117536168201
0.6895851494853134
0.6733131796278066
0.6489489869002362
0.6208984749062584
0.591891974305775
0.5635647870513797
0.5368429454472872
0.5121987576114129
0.48981940492384196
0.41824339191650384
0.32637897551165046
0.23318899286838773
0.14479279243268645
0.06441768489556697
-0.0
-0.0
-0.08579767709892472
-0.2119774666949679
-0.3072696454018727
-0.39441248265841694
-0.4759128036486646
-0.5502491985652708
-0.6153138480657785
-0.6691808967756333
-0.6916277630314327
-0.6890939483688119
-0.6720795254754386
-0.6473343760854232
-0.6191302754620095
-0.5901095222782234
-0.5618500628016883
-0.5352409357878529
-0.5107309256848247
-0.48849256028877047
-0.4133949107033193
-0.32080751117870415
-0.22761792755014454
-0.13950420006667108
-0.059589391400780164
-0.0
-0.0
0.09431825426047194
0.21766530166271772
0.31237343053115874
0.3992664152712872
0.48045980735489835
0.5543626666031869
0.6188681081594728
0.67206864539604
0.6924096533796209
0.6886126568311681
0.6708810708220753
0.6457682322376898
0.6174162232622672
0.5883822244947637
0.5601887276360984
0.5336890064248311
0.5093091049633248
0.48720738736470337
0.40876909027076075
0.31549170319916486
0.22229834587604574
0.13444938536042278
0.05496924430568138
-0.0
-0.0
-0.10250135757549345
-0.22313558308967474
-0.3172869094651918
-0.40394308245934796
-0.4848443485372793
-0.558333022533655
-0.6223030708605909
-0.6748646010938065
-0.6931783287014986
-0.6881646035997936
-0.6697415650534733
-0.6442735371001407
-0.6157778711924551
-0.5867298797981553
-0.5585987112858295
-0.5322032305264359
-0.5079475985938221
-0.48597654533850587
-0.4043394521697082
-0.31040277812050554
-0.2172073632155753
-0.12961334359661214
-0.05055060278166007
-0.0
-0.0
0.11032827316699345
0.22836705034761517
0.32198529475283993
0.4084144733562096
0.48903584531155614
0.5621278977543276
0.6255854284770279
0.6775353900088273
0.693909923641097
0.6877324945403225
0.6686482895117496
0.6428407867558952
0.6142079982448914
0.5851469084960164
0.5570756306535101
0.5307801108189365
0.5066435758406043
0.4814159123509604
0.3982810640012514
0.3042259844456979
0.21134460760470844
0.12428522675821196
0.04591549043115961
-0.0
-0.0
-0.1188086684792469
-0.23393599766182402
-0.32692876057400605
-0.41308004912108887
-0.49337529370923394
-0.5660227278263865
-0.6289179561571001
-0.6797781418433229
-0.6943432895654285
-0.6870906888136799
-0.6674059672519416
-0.6413007685904702
-0.6125598331123111
-0.5835059072469408
-0.5555088291656951
-0.5293234921885113
-0.5053134530604595
-0.4752475632904741
-0.3912264964126992
-0.2972818696033018
-0.20487733804758682
-0.11851148639207143
-0.0409985239405288
-0.0
-0.0
0.1282263530033876
0.2401632713579328
0.3324883634149651
0.4183542007963751
0.49830848068863337
0.5704811871961519
0.6327682382355713
0.6811858380313291
0.6942644538893817
0.6861470821845375
0.6659975949357015
0.6396810636651248
0.610885817353396
0.5818715986336014
0.5539674400262078
0.5279021339583717
0.5040228374991983
0.4692902366094186
0.3844188627415727
0.29058603695338425
0.19864657406468794
0.11295435359242133
0.03627187770152565
-0.0
-0.0
-0.13740552436356732
-0.24627028800354236
-0.3379678944552612
-0.42357522437175504
-0.5032149835081774
-0.5749407322166195
-0.6366482323973842
-0.6826780283840882
-0.6942985000292689
-0.6853281194688056
-0.6647154174574926
-0.6381830750046996
-0.6093257091454013
-0.5803417772267006
-0.5525205784911734
-0.5265654537473355
-0.5028075348703812
-0.46362240273468663
-0.3779555890949967
-0.2842466970893572
-0.1927662746050226
-0.10772915351380813
-0.03184810208575635
-0.0
-0.0
0.14611246259858368
0.2520808305812294
0.34319189764542735
0.4285599096416612
0.507905648734685
0.5792103638034216
0.6403696715251022
0.68411761132689
0.69434405675452
0.6845576211293966
0.6635012175561368
0.6367615592536245
0.6078437722768028
0.578887783731862
0.5511449409823905
0.5252942700014505
0.5016515892951863
0.4581835749739849
0.37175192755485054
0.2781623484583943
0.1871232764775987
0.10271578056603968
0.0276048039031523
-0.0
-0.0
-0.15444803672735585
-0.2576394499556862
-0.3481868186909655
-0.4333240792599074
-0.5123869833677857
-0.5832875329686924
-0.6439212262702343
-0.685486947913314
-0.6943805529085711
-0.6838141813017022
-0.6623340152144181
-0.6353966802369625
-0.606421684920018
-0.5774929624316683
-0.5498255554347208
-0.5240752327166222
-0.5005431676533433
-0.45297443140093335
-0.36580956670927106
-0.2723332429726399
-0.1817158941639239
-0.09791057196984773
-0.02353645043262341
-0.0
0.007889618016878874
0.1621882085627956
0.26384342863006005
0.3539188522106995
0.4386609894404526
0.5172133445273486
0.5874654579313084
0.6473289458449966
0.6865017721305153
0.6939546270703564
0.6825650302668883
0.6606573977756091
0.6335419580956093
0.6045420844437436
0.5756790292947875
0.548127366504553
0.522517094464195
0.4991332995621536
0.4475748991871886
0.3596748051392511
0.26629028424598505
0.17607396564335703
0.0928555783596286
0.019209797254392105
-0.0
-0.02032835491496937
-0.17009973204956366
-0.2707257433368455
-0.3603274568391305
-0.4445507588901974
-0.5224321141249739
-0.5918610909146701
-0.650774900023291
-0.6873284032814713
-0.6932163039775725
-0.6809442756810525
-0.6585904553934933
-0.631302631582103
-0.6022976301954147
-0.5735273438305843
-0.5461216632567518
-0.520682221502679
-0.4974764794008527
-0.44257004670072814
-0.35400194531782736
-0.260646179843613
-0.17073302597446205
-0.08799172839398561
-0.014960217180766539
-0.0
0.03235326169630501
0.1777455712585745
0.2773729947220969
0.366513124870246
0.4502315319732589
0.5274613459321703
0.5960922532095723
0.6540862715302606
0.688113793850486
0.6924930116812102
0.6793707730626215
0.656587566058694
0.6291344370165626
0.6001254070099178
0.5714454494536141
0.5441813483973785
0.5189073758489156
0.4958739945110594
0.43771693820642776
0.3485039028708883
0.25517998782624957
0.16556462272651595
0.08328926525709791
0.010856080197426399
-0.0
-0.04380933231262424
-0.18498279617471272
-0.28363436960939786
-0.372316686868023
-0.45553952431944833
-0.5321372797735022
-0.5999999275945758
-0.6571132947663816
-0.6887719843458371
-0.6917397210614834
-0.6778253178714643
-0.6546454261793105
-0.627043497914109
-0.5980367825628958
-0.5694472914084371
-0.5423212774741399
-0.5172073108309471
-0.494339909049202
-0.4330577148660792
-0.343220553805093
-0.2499226277597672
-0.16058921723144728
-0.07875802472273183
-0.006896949385635176
-0.0
0.05482951572682476
0.19194072816337585
0.2896519269772013
0.37789293572346994
0.4606385690987406
0.5366281803733624
0.6037519950494112
0.6600187191650002
0.6894039365468452
0.6910170022051773
0.6763423071222223
0.6527816800898951
0.6250369222191805
0.5960324082746649
0.5675297227113486
0.5405362195066877
0.5155758016028803
0.492867683345334
0.42859823164166727
0.33816515208652115
0.2448929143565498
0.15582991745647098
0.07442420072388166
0.0031108815276061907
-0.0
-0.06538153667011887
-0.1986060399524848
-0.29541834043389914
-0.3832378972090267
-0.4655274790551168
-0.540935453026859
-0.60735227625842
-0.6628085529330038
-0.6900143861881465
-0.6903286456651221
-0.6749248176512973
-0.6509988565381016
-0.6231168107023698
-0.5941140453443347
-0.5656942311072172
-0.5388274390654992
-0.5140139284463413
-0.4914582439643759
-0.42398407433503715
-0.33293373338377397
-0.23971053211258547
-0.15095340379392744
-0.07001288322069979
-0.0
-0.0
0.07582032686108525
0.2053080254963075
0.3012793636371698
0.3887113692868377
0.47056846726905166
0.5454105970992646
0.611128862316703
0.6657759139614524
0.6906976453264434
0.6896488369096699
0.6734779824194617
0.6491658094806163
0.621136425946491
0.592132111788845
0.5637959555511222
0.5370590128714441
0.5123967871306638
0.4899984510471399
0.418910888520067
0.3271461661110232
0.2339555683198537
0.1455197909144763
0.06508063831158963
-0.0
-0.0
-0.08463230779878289
-0.211200685735746
-0.3065733733752257
-0.39375087352810206
-0.475293593990295
-0.5496896377765247
-0.6148310494229339
-0.6687894528719278
-0.6915236897762231
-0.6891621400312127
-0.6722454103387948
-0.6475502360239677
-0.6193661108204193
-0.590346960973209
-0.5620783071275814
-0.5354540721776248
-0.5109261452206048
-0.4886689870149592
-0.41402940011301287
-0.3215368640863004
-0.22834807526560696
-0.14019829054753558
-0.06022408215448766
-0.0
-0.0
0.09319400241341885
0.2169135923251846
0.31169810987509333
0.3986235313326381
0.4798569640366782
0.5538166393610664
0.6183955584988312
0.6716838205278337
0.6923033581095089
0.6886735581112015
0.6710370164327787
0.6459730300581146
0.6176408127328311
0.5886087898049315
0.5604067800500278
0.5338927837376961
0.509495851118486
0.48737621948781196
0.40937613191388134
0.31618899065031175
0.22299583255493716
0.1351118673723018
0.05557447339813924
-0.0
-0.0
-0.10142851251848695
-0.22241836503994172
-0.3166426977694822
-0.40332994267602207
-0.4842695435504289
-0.5578125626675858
-0.6218528523874027
-0.6744982112630075
-0.6930778825250584
-0.688223754221027
-0.6698913964447089
-0.6444699332550314
-0.6159930816000452
-0.5869468954185979
-0.5588075218174392
-0.5323983400368184
-0.508126382035365
-0.48613816626234063
-0.40492177408627966
-0.3110718569488532
-0.21787677079839973
-0.13024928022361226
-0.05113169926087788
-0.0
-0.0
0.10929979813229249
0.22767978718003884
0.32136816203921365
0.4078272265142755
0.4884854223651412
0.5616296251865651
0.6251545232148004
0.677184855183463
0.6938140585135409
0.6877894467617286
0.6687920571035031
0.6430291204400166
0.6144143229564331
0.5853549367798792
0.5572757779501635
0.5309671160010693
0.5068149271400859
0.48219486515227084
0.3991732522160819
0.30510639223794894
0.21216695291915538
0.12502190678248648
0.046545565255700916
-0.0
-0.0
-0.11764240706159182
-0.2331747231614861
-0.3262557165332624
-0.4124466938756229
-0.4927878398436934
-0.565497100631183
-0.6284699746771979
-0.6796275732886665
-0.6943728344174478
-0.6872241593148449
-0.6675944355908248
-0.6415133143507885
-0.6127773714676403
-0.5837170796412625
-0.5557072738166307
-0.5295060368655361
-0.5054789235798339
-0.4760017096832787
-0.3920896364216218
-0.29813277697133234
-0.20567121626575535
-0.1192216856113314
-0.04160487500291292
-0.0
-0.0
0.12706187337907932
0.23939050403579154
0.3317961358130811
0.4176953807478964
0.4976899906595226
0.5699196682413848
0.6322803542991652
0.6809988221236406
0.6942611242558588
0.6862511673994911
0.666159969452994
0.6398705511555787
0.6110830540205834
0.5820649453888678
0.5541502656113542
0.5280710146218686
0.5041763687534759
0.47000128305895406
0.3852294163273479
0.29138094615979593
0.19938386028432198
0.11360945515453352
0.03682646505754704
-0.0
-0.0
-0.13631132764803497
-0.24553950764982188
-0.337310526528664
-0.4229477122054309
-0.5026242440194092
-0.5744027661345605
-0.6361790608314456
-0.6824959938263985
-0.6942919202921914
-0.6854242860824142
-0.6648674848310546
-0.6383613002141357
-0.6095116062553854
-0.5805242231165787
-0.5526932245105415
-0.526725010412166
-0.502952639601129
-0.46430613250502084
-0.37873539287013763
-0.2850113751006296
-0.19347534377787004
-0.10835896007353518
-0.032381009452244466
-0.0
-0.0
0.1450657713058563
0.25138295945166966
0.34256487833172033
0.4279619210679547
0.5073432242706304
0.5786987321196208
0.6399240750619524
0.6839460000922434
0.6943397749726643
0.6846512424373298
0.6636480197593683
0.6369331555390391
0.6080225268647012
0.5790630919059939
0.5513107566354531
0.5254474672210113
0.5017908809348808
0.4588383847382912
0.37249894461806654
0.2788951636441446
0.18780310887951135
0.10331994084611841
0.028116355612894037
-0.0
-0.0
-0.15344325931053418
-0.256969330505606
-0.3475845988672107
-0.43274963183530946
-0.511846589517318
-0.5827958214182933
-0.6434928411818496
-0.6853216027967385
-0.6943758778605059
-0.6839035370423646
-0.662474472424096
-0.6355609878635988
-0.6065929107314216
-0.5776609228283562
-0.5499844425189562
-0.5242220418041244
-0.5006766593363533
-0.45360140073775423
-0.366524740948809
-0.27303475325840965
-0.18236662065014791
-0.09848880221316277
-0.02402598078276419
-0.0
0.00645678571502431
0.16127200045985324
0.263043132965822
0.3531711662471736
0.43797151634055626
0.516599990411215
0.5869461412207527
0.6469186503419345
0.6863979434164771
0.6940342049862402
0.6827483223302357
0.6608934384397056
0.6337987328742086
0.6048000122213255
0.5759266255052653
0.5483583649748615
0.5227285439195114
0.4993243105492879
0.448144764492698
0.3603209032907787
0.2669337817678888
0.17668367586544964
0.09341164601310911
0.019696513015409256
-0.0
-0.018937647715361827
-0.16921131823969698
-0.26995069703752345
-0.3596042579797401
-0.4438847336435521
-0.5218405098881101
-0.5913611536572821
-0.6503810193707467
-0.687230074934187
-0.6932947735193774
-0.681122647156302
-0.658819559081597
-0.6315515877918211
-0.602547558146141
-0.5737671756854952
-0.5463453661658968
-0.5208869604500398
-0.497661407866111
-0.4431286938852716
-0.35463438943885295
-0.26127456322652687
-0.1713267964334627
-0.08853159820428708
-0.015431020915189136
-0.0
0.031037581891585175
0.17691440497384697
0.2766539341242266
0.3658466932667825
0.4496220768321861
0.5269245497337096
0.5956437618955615
0.6537389933193692
0.688038742092809
0.692580142380538
0.6795489007403355
0.6568112358575362
0.6293751601693932
0.6003658184669569
0.5716754213248108
0.544395411417272
0.5191030147441326
0.49605052645793607
0.4382540855078339
0.3491131557831854
0.25578634630375685
0.1661385517122333
0.08381204266087726
0.01131293475376538
-0.0
-0.042539053316944075
-0.18418104932209375
-0.28294116214734516
-0.3716744514174743
-0.4549523759992613
-0.5316202915024136
-0.5995681426930906
-0.6567791186587449
-0.6886996187505353
-0.6918233404041181
-0.6779964646592347
-0.6548603867320955
-0.62727487405541
-0.598267873359195
-0.5696683556892798
-0.5425270541939733
-0.5173953798084381
-0.49450961242879216
-0.43357141397034704
-0.3438028976601605
-0.2505020349900425
-0.16113750083044404
-0.07925732147930703
-0.0073331707493430875
-0.0
0.053613592407139365
0.19117261525800308
0.2889873624502917
0.3772769101442866
0.4600750732413473
0.5361316892943712
0.6033369575206903
0.6596970610121126
0.68933344879718
0.691096205448313
0.67650555056678
0.6529870379584487
0.6252581129756228
0.5962534079653593
0.56774118149951
0.5407330841661417
0.5157557437323659
0.49303006518645975
0.4290904220798995
0.3387230839633375
0.24544795643658024
0.15635505935708213
0.07490233445569859
0.00352851947813404
-0.0
-0.06421757524835098
-0.19787086679944507
-0.29478235492324506
-0.38264842766194423
-0.46498833907919734
-0.5404604926081247
-0.6069553192554432
-0.6625010071144163
-0.6899472171624379
-0.690404722564885
-0.6750813042238125
-0.6511956255990768
-0.6233287092566705
-0.5943257385177539
-0.5658967720961359
-0.5390159934298092
-0.5141862696356693
-0.4916137634354363
-0.42451661356031717
-0.33353758673027495
-0.24030734999813877
-0.15151331366886786
-0.07051756114718212
-0.0
-0.0
0.07490435807755519
0.2046936191640685
0.300726237003782
0.38818404253876176
0.47007333293358367
0.5449614971075738
0.6107395412631746
0.6654581446098662
0.6906092526351811
0.6896981716095307
0.6736056449685442
0.6493337685582169
0.6213207519427685
0.5923181314897885
0.5639750275350173
0.5372263869839368
0.512550188390791
0.49013714704105354
0.41942795691105506
0.32774046128618195
0.23454938698574523
0.14608295175458647
0.06559418740240541
-0.0
-0.0
-0.08372956829074957
-0.21059896156188962
-0.30603401448341483
-0.3932383658325332
-0.47481393053893944
-0.5492561806119949
-0.6144570551430111
-0.6684862254571663
-0.6914430706430948
-0.6892149638842384
-0.6723739110780054
-0.6477174493665038
-0.6195487978873494
-0.5905308900469962
-0.5622551138928914
-0.5356191757594643
-0.5110773697238056
-0.48880565389076525
-0.414520899770711
-0.3221018486242595
-0.2289136754978763
-0.14073595947896328
-0.06071573780090983
-0.0
-0.0
0.09232311419644065
0.21633128968627144
0.3111749808069615
0.39812552897491577
0.47938997866267485
0.5533936658773151
0.6180295035416439
0.6713857205292935
0.6922210177369259
0.6887207345494077
0.6711578178271224
0.6461316742340172
0.6178147882749924
0.5887842959085222
0.5605756917410734
0.5340506373929974
0.5096405117916198
0.4875070032706395
0.40984636941545904
0.316729135982146
0.22353613221994317
0.1356250510973785
0.05604330684202852
-0.0
-0.0
-0.10059744606078369
-0.2218627807375988
-0.3161436669530088
-0.402854981338218
-0.4838242777973802
-0.55740939470415
-0.6215040960692776
-0.6742143917894488
-0.6930000730974786
-0.6882695745292089
-0.6700074615187598
-0.6446220691625237
-0.6161597917422142
-0.5871150039477524
-0.5589692743740159
-0.5325494792629958
-0.5082648744696054
-0.4862633639595624
-0.4053728627010712
-0.31159015075485297
-0.21839531927271888
-0.13074190083046006
-0.051581838614460515
-0.0
-0.0
0.10850310244833322
0.22714740711592407
0.3208901076760813
0.40737232287650993
0.4880590439090422
0.5612436443864168
0.6248207276784706
0.6769133176290053
0.693739797750428
0.6878335641039873
0.6689034249193624
0.643175010838982
0.61457414988691
0.5855160833623918
0.5574308196219444
0.5311119772936536
0.5069476623427358
0.48279827144580995
0.39986437494338417
0.30578838940680414
0.2128039726997168
0.12559256699237736
0.04703364504887622
-0.0
-0.0
-0.11673897689576226
-0.2325850111615431
-0.32573435117932875
-0.41195607296084513
-0.4923327758712844
-0.5650899299332315
-0.6281229512840553
-0.6795109371903868
-0.6943957209728946
-0.6873275506070355
-0.6677404302874738
-0.641677960328584
-0.6129458848985729
-0.5838806617584406
-0.5558609965429099
-0.529647442871209
-0.5056071032977641
-0.47658589996328865
-0.39275825727396907
-0.29879192195945564
-0.20628618432190055
-0.11977183275572403
-0.04207457744379542
-0.0
-0.0
0.12615982349647872
0.23879188928788664
0.3312599101713327
0.417185033856938
0.49721088492317955
0.5694846944494311
0.6319024209720959
0.6808539525344562
0.6942585449920713
0.6863317957343235
0.6662857508831344
0.6400173353190262
0.6112358409893084
0.5822147190852095
0.5542918892122468
0.5282018359600474
0.504295299859801
0.47055208647260144
0.3858573017242737
0.2919967128309551
0.19995499001625813
0.11411692155009144
0.03725606935655297
-0.0
-0.0
-0.13546372158881687
-0.24497341761299868
-0.33680130452620294
-0.4224616176002614
-0.5021666349168774
-0.5739860373033897
-0.6358156228276796
-0.6823549829852713
-0.6942868233766
-0.6854987803677344
-0.6649852819548668
-0.6384993601850112
-0.6096556091701884
-0.5806655525862704
-0.5528269626309148
-0.5268486090247347
-0.503065043200337
-0.46483577537342424
-0.3793394582865033
-0.28560372353040825
-0.19402461550464406
-0.10884683199122154
-0.03279381960059903
-0.0
-0.0
0.1442549647597807
0.2508423621560483
0.3420791655234969
0.4274986965649932
0.5069075490676018
0.5783024029191957
0.6395788992334063
0.6838130635554002
0.6943364581410809
0.6847237650317657
0.663761738281237
0.637066080492262
0.6081609969091641
0.5791988922285106
0.5514392036932592
0.5255661395644267
0.501898781491773
0.45934562506906806
0.3730776121991043
0.2794628299159101
0.18832973268985248
0.10378794617835968
0.02851262285543206
-0.0
-0.0
-0.15266492084691544
-0.2564502307170987
-0.34711809668814825
-0.4323046432030745
-0.511427980066937
-0.5824149231124328
-0.6431609979404904
-0.6851935202344026
-0.6943722563907129
-0.6839727553666609
-0.6625832758729703
-0.6356882667447415
-0.6067255486994138
-0.5777910312831006
-0.5501075224438948
-0.5243357656575257
-0.5007800670262318
-0.4540870748166239
-0.36707874186988987
-0.2735781695662113
-0.18287069791309596
-0.09893672115425557
-0.024405189443745826
-0.0
0.005346859817238037
0.16056227113458074
0.26242319378319756
0.35259198052093194
0.437437424491947
0.5161248631957784
0.5865438589233773
0.6466008199803437
0.6863175137800913
0.69409584903786
0.6828903072694483
0.6610762844331993
0.6339976402943467
0.6049998127980314
0.5761184228608005
0.548537305095397
0.522892340636331
0.4994722748584197
0.4485862036323572
0.3608213952656788
0.2674322591972974
0.17715598037946065
0.09384239697229363
0.020073541385514454
-0.0
-0.01786035351847115
-0.1685231194275965
-0.26935031697028855
-0.3590440408927769
-0.4433688053910623
-0.52138223095375
-0.5909738834190358
-0.6500759045746606
-0.6871539060904468
-0.6933555589824736
-0.6812608204214984
-0.6589970314305716
-0.631744438652166
-0.6027411617537514
-0.5739529584769171
-0.5465186548682308
-0.5210455589530468
-0.49780466042324933
-0.4435614430422935
-0.3551243044833021
-0.26176133267035956
-0.17178675340247146
-0.0889498017001506
-0.015795723226618624
-0.0
0.030018406748753973
0.17627055225643828
0.27609692269504243
0.36533045023922683
0.44914996991877953
0.5265087271744766
0.5952963436265182
0.6534699785330269
0.6879806041732399
0.6926476371023995
0.679686885149993
0.6569844989100545
0.6295616333924348
0.6005520502387343
0.5718535662001205
0.5445612326970316
0.519254564002821
0.496187274754615
0.4386701800429592
0.34958510604090176
0.256256054423337
0.1665831387258846
0.08421700573226343
0.011666831504151778
-0.0
-0.04155504735573168
-0.18355998600812248
-0.28240417753381764
-0.3711769516440603
-0.4544975487920686
-0.5312198129121118
-0.5992336658424445
-0.6565202532567079
-0.6886435616339927
-0.69188811509661
-0.6781290414079898
-0.6550269032737613
-0.627454106730358
-0.5984468849951818
-0.5698396004087112
-0.542686456592774
-0.517541065122975
-0.49464107105936544
-0.4339693446469466
-0.34425400314651255
-0.2509508656562749
-0.16156222195956665
-0.0796440955550776
-0.007671084249878876
-0.0
0.052671692403289117
0.19057760606863294
0.28847256573514957
0.3767997135263038
0.45963856812445275
0.5357470886026678
0.6030154538171282
0.659447892490402
0.6892788463308984
0.69115755926363
0.6766320050877637
0.6531461158986465
0.6254294556671931
0.5964246026502241
0.5679049854419046
0.5408855829467248
0.5158951336838129
0.49315585227709624
0.4294716913324227
0.3391552790104454
0.24587791293829228
0.1567618540536286
0.0752727148541093
0.0038520375657341843
-0.0
-0.06331592689012042
-0.19730137398445569
-0.29428969659190407
-0.3821918023479705
-0.4645707009466842
-0.5400925703779198
-0.6066478214090874
-0.6622627705391801
-0.6898951855049684
-0.6904636545967768
-0.6752025246169304
-0.6513480503250444
-0.6234928538580478
-0.5944897240233784
-0.566053667974934
-0.5391620547423785
-0.5143197716122248
-0.4917342346754266
-0.4249291385020968
-0.3340053542763779
-0.24076966761123816
-0.15194704094685874
-0.07090850367764316
-6.112773273540817e-05
-0.0
0.0741434668633405
0.20418851161419505
0.3002745821404138
0.3877555200882371
0.46967277021205167
0.5445999677478652
0.610428042981266
0.6652060416637582
0.6905420038008064
0.6897417468600082
0.6737120822738885
0.6494723759785752
0.6214722327936931
0.592470667241191
0.5641216711562389
0.5373633328066274
0.5126756276773715
0.4902505144343181
0.41984307203968896
0.328217007016778
0.23502532964609008
0.14653417999767882
0.06600555466481296
-0.0
-0.0
-0.08300480417789774
-0.21011564708765884
-0.305600645712657
-0.3928264546011765
-0.4744283004239225
-0.5489075712526807
-0.6141561235216167
-0.6682420628926472
-0.6913777327975851
-0.6892568474227052
-0.6724766248737399
-0.647851305577198
-0.619695130070057
-0.5906782646908976
-0.5623968093493235
-0.5357515088976065
-0.5111985890541725
-0.48891521073262906
-0.4149163094955316
-0.3225563142513119
-0.2293684875921945
-0.1411681462542872
-0.06111076683870184
-0.0
-0.0
0.09162401888357266
0.21586404742595178
0.3107553467014196
0.39772614961912245
0.4790155709134256
0.5530546501421229
0.6177362278584172
0.6711470301369876
0.6921554205796522
0.6887590226534364
0.6712551412979798
0.6462593218910128
0.6179546989566607
0.5889253986741816
0.5607114702991153
0.5341775133953143
0.5097567753252945
0.4876121085451904
0.41022444642446554
0.3171634711318139
0.22397063881013624
0.13603779676930638
0.05642042700069802
-0.0
-0.0
-0.09992914503241773
-0.2214160254317859
-0.31574239370436175
-0.40247306377327563
-0.4834662375744382
-0.5570852030500705
-0.6212236535166984
-0.6739861608580072
-0.692937471040453
-0.688306370755942
-0.6701007363708674
-0.6447443478048268
-0.6162937913759199
-0.5872501313227323
-0.5590992949152341
-0.5326709698702051
-0.5083761999961128
-0.4863640031898089
-0.4057353562820721
-0.31200663763281017
-0.2188120030807177
-0.13113774358590458
-0.05194353979590584
-0.0
-0.0
0.1078627969250503
0.22671950521990114
0.32050585356279915
0.4070066650559866
0.4877163039598979
0.5609333661518437
0.6245523868655716
0.6766950117587355
0.6936800666623569
0.6878689892151447
0.6689929097794599
0.643292248571763
0.6147025931540728
0.585645590415568
0.5575554222918836
0.5312283994231982
0.5070543396924961
0.4832832731477839
0.40041987908436516
0.3063365544648169
0.2133159817562624
0.12605123403181775
0.04742593280393011
-0.0
-0.0
-0.11601286461815516
-0.2321110477475014
-0.3253153226214495
-0.4115617567961971
-0.4919670397849156
-0.5647626887216659
-0.6278440535499172
-0.6793502741077216
-0.6943761098787954
-0.6873911506142739
-0.6678499119775844
-0.641809565702714
-0.6130847953415406
-0.5840179115160429
-0.555991420470601
-0.529768315759984
-0.5057172411365577
-0.4770985550433091
-0.39334435802189177
-0.2993685233554123
-0.20682283809839058
-0.12025056389062701
-0.042481864584294815
-0.0
-0.0
0.1253711548119966
0.23826810889101988
0.33079071557146855
0.4167386756519713
0.4967921526882791
0.5691049302307027
0.6315729603237874
0.6807299644041311
0.6942598429724757
0.6864062054228965
0.6663996829958987
0.6401494874240403
0.6113729950799827
0.5823489424276403
0.5544186741350933
0.528318867355815
0.5044016418562017
0.47104514979425155
0.38642027314312594
0.2925498156856512
0.2004690193294848
0.11457469818620514
0.03764471291310889
-0.0
-0.0
-0.134704643766701
-0.24446771971944814
-0.3363471716955748
-0.42202864425163333
-0.5017595137754289
-0.5736157736943244
-0.6354932345169249
-0.6822307165978236
-0.6942835622248947
-0.6855663254161755
-0.6650912959021266
-0.6386233167074313
-0.6097847553448789
-0.5807922192811001
-0.5529467768638596
-0.5269593093459999
-0.5031656977834738
-0.46530689599924896
-0.3798767665143115
-0.28613073289723473
-0.19451345315503255
-0.10928119385519036
-0.03316153874614103
-0.0
-0.0
0.1435319671903926
0.250360050683569
0.3416456523596595
0.4270851256940787
0.5065184499840258
0.5779483106042527
0.6392703599355485
0.6836938941794042
0.6943329653594947
0.6847879764066624
0.6638627491981909
0.637184272542654
0.6082841798806672
0.5793197340911584
0.5515535224288626
0.5256717711944503
0.5019948329025903
0.4597972962967266
0.3735928270322442
0.27996817793619666
0.18879846895259522
0.10420443014976227
0.0288651841670578
-0.0
-0.0
-0.15197232549412662
-0.2559883378419484
-0.34670302220679117
-0.4319087261865697
-0.5110555497548969
-0.5820760624497173
-0.6428658000533751
-0.6850796472597385
-0.6943691357451724
-0.684034447228872
-0.6626801860535873
-0.6358016095889346
-0.6068436522577829
-0.5779068760133915
-0.5502171053100956
-0.5244370160594733
-0.5008721312519058
-0.4545196630377573
-0.36757220710619526
-0.2740622193625031
-0.1833197176355964
-0.09933572731615418
-0.024742999512199132
-0.0
0.00435828389402193
0.15993017250880237
0.2618710856772143
0.35207618227856097
0.4369617990997424
0.5157017623226938
0.5861856426862947
0.6463178237252144
0.6862459304063817
0.6941507850108445
0.6830167866060547
0.6612391486424658
0.634174804396318
0.6051777690356581
0.5762892489061779
0.5486966785305645
0.5230382258139022
0.49960405845931155
0.449075119571515
0.36137592773124977
0.26797825381773843
0.17766565710393206
0.09429903004435294
0.020464403766986397
-0.0
-0.016746073837587555
-0.16781740323954056
-0.26873834477562025
-0.35847561739021055
-0.44284773166317815
-0.5209219189832511
-0.5905877354222955
-0.6497750227531108
-0.6870849714311235
-0.6934250226780215
-0.6814081449719477
-0.6591835408727976
-0.6319458743349878
-0.6029427197719476
-0.5741459881301955
-0.546698468024524
-0.5212099816470989
-0.49795307971907304
-0.4440129387699383
-0.35563615497695
-0.2622704779890169
-0.1722683956938772
-0.08938824609378881
-0.01617860188009794
-0.0
0.028937326725761825
0.17558382502743367
0.2755002873453439
0.3647755269499102
0.44864059787759947
0.5260580425327673
0.5949174716834792
0.6531738139215417
0.687910929467214
0.6927132052886188
0.6798286376093382
0.6571646948799733
0.6297565920111453
0.6007473120099408
0.57204067384348
0.5447355950702784
0.5194140436770635
0.4963312584665378
0.43910630141874174
0.3500792210079525
0.25674734348897643
0.16704769892811178
0.08463972031580055
0.012035797074557028
-0.0
-0.04052471278255093
-0.18290892485964125
-0.2818407938167105
-0.3706546741001764
-0.45401978389097736
-0.5307988463979519
-0.5988817585962377
-0.6562475258147369
-0.6885839909782604
-0.6919555696853523
-0.6782678006770524
-0.655201384080651
-0.6276420044009114
-0.598634601146838
-0.5700192013308607
-0.5428536552482132
-0.5176938870453566
-0.4947789765676198
-0.4343881168524387
-0.34472884131849163
-0.2514233384271714
-0.16200932689269648
-0.08005125796338249
-0.008026809770681528
-0.0
0.05168130363703183
0.18995225662038293
0.28793171026053765
0.376298506627639
0.45918023909425754
0.5353434080287415
0.6026781696922985
0.6591866966350215
0.6892220075311707
0.6912224901065251
0.6767652790193205
0.6533136158395686
0.6256097969334385
0.5966047486897652
0.5680773312380301
0.5410460199800607
0.5160417706862575
0.4932881735493959
0.42987258458162
0.3396097502281334
0.24633007689247238
0.15718970920501912
0.07566232080290643
0.004192401080077152
-0.0
-0.062367370859911536
-0.19670222123522985
-0.29377135613503014
-0.38171135301635817
-0.4641312519649112
-0.5397054101094755
-0.6063242173417599
-0.6620120216098246
-0.6898403375326313
-0.6905255529634914
-0.6753299618486714
-0.6515083249320732
-0.6236654671090114
-0.5946621782103588
-0.5662186712232371
-0.5393156665039
-0.5144601766436406
-0.4918609363617872
-0.42536291203905896
-0.3344971998266031
-0.24125576983929026
-0.15240306993654185
-0.07131953624887648
-0.0004156564690262349
-0.0
0.0730995609943256
0.2035188801919986
0.29968956036052075
0.3872097604713748
0.46917075861032354
0.5441550168607527
0.610053383196974
0.664912682388628
0.6904770851683499
0.6898130074245246
0.6738598310386842
0.6496584899050363
0.6216728111137043
0.5926711347587151
0.5643135206843629
0.5375419638490749
0.5128389175330396
0.4903978780030653
0.4203488382041561
0.3287950138202741
0.2356015912663812
0.1470798642503342
0.06650252837966747
-0.0
-0.0
-0.08212169537184913
-0.2095257364597537
-0.30507102733339136
-0.39232252671801005
-0.4739559952147724
-0.5484800289132391
-0.6137863926567422
-0.6679412934865051
-0.6912953274160388
-0.6893054825944689
-0.6725997126279747
-0.6480126218954152
-0.6198718890400627
-0.5908565004534942
-0.5625683028329225
-0.5359117478349705
-0.5113454184752078
-0.48904794427416415
-0.4154018191384469
-0.32311405227348894
-0.2299259718975708
-0.1416971438578511
-0.06159349987351151
-0.0
-0.0
0.09077261769964551
0.21529590143637903
0.3102456720932816
0.397241529763275
0.4785616976161008
0.552644163140032
0.6173816718377029
0.6708591126558228
0.6920778238817146
0.6888075640853489
0.6713752762966297
0.6464161417726949
0.6181262518284153
0.5890982360229436
0.5608776833889026
0.5343327661593629
0.5098990031411789
0.48774066140453576
0.4106876313809479
0.31769581277008047
0.22450340672700558
0.136544090850385
0.05688322527113722
-0.0
-0.0
-0.09910988735578177
-0.22086843416047444
-0.3152505790084915
-0.4020049777797098
-0.4830274116021789
-0.5566878515771883
-0.620879905966861
-0.6737063853439478
-0.6928605826125209
-0.6883512489592334
-0.670214811483453
-0.6448939667076365
-0.6164577841123672
-0.5874155213546023
-0.5592584443262713
-0.532819684383805
-0.508512475377029
-0.4864871997009852
-0.4061785940960807
-0.31251583787696696
-0.21932140875551281
-0.13162164077130828
-0.052385673259908935
-0.0
-0.0
0.10707948624026695
0.22619591169572723
0.3200355927113774
0.4065591081719297
0.4872967474894102
0.5605534942156052
0.6242238005553926
0.6764276265123997
0.6936067778525822
0.6879121797135387
0.6691022813992261
0.6434356034439673
0.6148596777711536
0.5858039909266611
0.5577078328632734
0.5313708090187553
0.5071848325754232
0.4838767923171838
0.40109966779139944
0.3070073427987447
0.21394250426400552
0.12661246123616504
0.04790591318281448
-0.0
-0.0
-0.11512447236541432
-0.23153117916838195
-0.324802678869323
-0.41107935860815165
-0.491519618053411
-0.5643623729213003
-0.627502891958904
-0.6790784150156159
-0.6943093723499505
-0.6874470515462707
-0.6679750486642808
-0.6419697969048561
-0.6132586852094115
-0.5841923587436704
-0.5561587501146142
-0.5299243493370219
-0.5058600203778617
-0.47777441779084906
-0.39411638781599706
-0.3001268147052145
-0.207527252324043
-0.12087754802277563
-0.043013786781154584
-0.0
-0.0
0.12433440208882404
0.23757914897339724
0.33017355290579053
0.4161517510776072
0.49624186681442434
0.5686062666521781
0.631140871362715
0.6805697403312941
0.6942652242214759
0.6865080705798923
0.6665535485084654
0.6403271562157243
0.6115569844515593
0.582528772804687
0.5545884028965802
0.5284754550133252
0.5045438740356023
0.471705173384666
0.38717479220617723
0.2932921144165879
0.2011599069993623
0.11519102978517701
0.03816907469596878
-0.0
-0.0
-0.13368818985903852
-0.24379183489109302
-0.3357409775085428
-0.42145123513796406
-0.5012170669642821
-0.5731229303666041
-0.6350646508071127
-0.6820663478678918
-0.6942805081090233
-0.6856576093438591
-0.665233778466332
-0.6387896200192926
-0.6099578743653985
-0.5809619322639341
-0.5531072596334177
-0.5271075544061703
-0.5033004708987946
-0.4659345206247854
-0.38059255383738333
-0.2868329253407789
-0.19516494081108918
-0.1098602509124655
-0.03365194175075374
-0.0
-0.0
0.14256698687023223
0.24971604935609965
0.3410666377625081
0.42653261600443343
0.5059985074991624
0.5774750123409764
0.6388577997257031
0.6835342021258948
0.6943277618369019
0.6848732162030889
0.6639971709949437
0.6373416812976026
0.6084482969123244
0.5794807664297293
0.5517058825935587
0.5258125661092433
0.502122866461742
0.4603994964927987
0.3742796886321099
0.28064181269253735
0.1894232238114753
0.1047594621742663
0.02933494572368152
-0.0
-0.0
-0.15104939015758861
-0.25537285335315457
-0.3461499420758243
-0.43138118896838284
-0.5105593240801217
-0.5816245839098264
-0.6424725173414065
-0.6849280045282471
-0.6943650808521569
-0.6841167566422948
-0.6628094203536641
-0.635952734026014
-0.6070011125588898
-0.5780613181529098
-0.5503631953119602
-0.5245719952395352
-0.5009948626003523
-0.45509654238675856
-0.368230287987522
-0.2747077566815867
-0.18391854971369406
-0.09986787022495722
-0.025193538165399196
-0.0
0.003039996854511201
0.15908729084942222
0.2611348905813602
0.35138841936223436
0.43632761680958315
0.515137629263203
0.5857080386875859
0.6459405284981791
0.6861505258773407
0.6942240752426714
0.6831854675283371
0.6614563406752901
0.6344110600576317
0.6054150776144602
0.5765170472227644
0.5489092034591762
0.5232327633536491
0.49977979109559895
0.44974577386005726
0.3621366221521313
0.26872624631494507
0.17836268072594652
0.09492219037461218
0.020996360839701134
-0.0
-0.015229961670890912
-0.16685821204001156
-0.26790718943278613
-0.3577040500011543
-0.4421408460498784
-0.5202978957011396
-0.5900647403317422
-0.649368090388339
-0.6869928183883374
-0.6935206326224341
-0.6816093291432561
-0.6594377965346372
-0.632220275505726
-0.6032171781365976
-0.5744087696725316
-0.5469432182901558
-0.5214337589691349
-0.4981550610096423
-0.44462789897529054
-0.35633343904993536
-0.26296417228068625
-0.17292470675378754
-0.0899857791275582
-0.016700492943664463
-0.0
0.027461887978624422
0.17464597324832082
0.2746850589749502
0.3640169748581853
0.447944005594367
0.5254413791325747
0.5943986945692634
0.652767839216134
0.6878145252957563
0.6928017035536367
0.6800213429712838
0.6574100350910815
0.6300222031251573
0.6010134285903842
0.5722957313088869
0.5449733115606467
0.5196314904677535
0.49652759002287966
0.43970065707591294
0.35075252052189015
0.25741671294552815
0.1676805756000369
0.08521551668373965
0.012538305793101667
-0.0
-0.03912072283446852
-0.1820216282431562
-0.28107291172065485
-0.36994276621467737
-0.453368503423661
-0.5302249444985353
-0.5984019523910658
-0.6558756157583091
-0.6885026724233086
-0.6920474261589407
-0.6784568721577682
-0.6554391620756853
-0.6278980818058532
-0.598890439437888
-0.5702639842123132
-0.543081537700852
-0.5179021766629224
-0.4949669369458201
-0.4349591080943911
-0.3453762954633086
-0.25206757217533754
-0.16261897269101194
-0.08060644132465225
-0.008511856718785946
-0.0
0.05033105776344615
0.18909973481050205
0.28719440835631266
0.37561527819259627
0.4585554832741812
0.5347931690165114
0.602218460680759
0.6588307273392376
0.6891446111163859
0.6913110825012747
0.676947028936662
0.6535420150869641
0.6258556943550299
0.5968503734217657
0.5683123167307441
0.5412647661093425
0.5162416998591121
0.49346858330832205
0.4304191411867712
0.34022935729178255
0.24694654601836652
0.15777304444132095
0.07619351559341836
0.004656466606969542
-0.0
-0.06107407736368223
-0.19588531065462303
-0.29306462455368226
-0.3810562807519536
-0.46353207846850997
-0.5391775265666752
-0.6058829865442693
-0.6616701224281509
-0.6897655378530376
-0.6906099308461084
-0.6755036993046278
-0.6517268355807391
-0.6239008021812098
-0.5948972977828199
-0.5664436331754265
-0.5395250980292238
-0.5146516026545945
-0.4920336796425483
-0.4259542985786651
-0.3351677563813286
-0.24191849412363586
-0.1530247920795802
-0.07187991107600948
-0.0008989957118260561
-0.0
0.07167635422337346
0.20260593671333654
0.29889196788300926
0.38646569509772566
0.46848633639103604
0.5435483878721027
0.6095425852903944
0.6645127254396149
0.6903885754720176
0.6899101593374681
0.6740612641831593
0.6499122288078947
0.62194627038627
0.5929444431315604
0.5645750797745301
0.5377855015036445
0.5130615397292918
0.49059878702462
0.42103838479764916
0.3295830515746646
0.23638724972325115
0.14782383435772034
0.0671800878663325
-0.0
-0.0
-0.0809176960508205
-0.20872147437532432
-0.30434896620943575
-0.3916354915905205
-0.4733120737211116
-0.547897135853226
-0.6132823179524932
-0.6675312385417906
-0.6911829813931594
-0.6893717920122504
-0.672767527621277
-0.6482325560384407
-0.6201128769097575
-0.5910995015504568
-0.5628021116078057
-0.5361302124526978
-0.511545600948133
-0.4892289088556801
-0.41606374624834774
-0.32387445326191355
-0.2306860272446995
-0.1424183616727274
-0.062251642390137404
-0.0
-0.0
0.08961184517930898
0.21452130969811178
0.30955079826120063
0.39658081469968437
0.4779429013427613
0.5520845182615413
0.616898281372172
0.6704665749434817
0.691972030601204
0.6888737433996626
0.6715390639555766
0.6466299444314593
0.6183601410002991
0.5893338764471555
0.5611042925530411
0.5345444324099484
0.5100929116368911
0.4879159259422517
0.4113191213626514
0.31842158843656265
0.22522976349275936
0.1372343540638341
0.05751418778725745
-0.0
-0.0
-0.09799294033918188
-0.22012186744398937
-0.3145800560628719
-0.40136680568022925
-0.48242913156241557
-0.5561461163929808
-0.6204112524737925
-0.6733249490683396
-0.6927557555298599
-0.688412434267447
-0.6703703374547868
-0.6450979518514557
-0.6166813660467815
-0.5876410083188557
-0.5594754230508093
-0.5330224365374356
-0.5086982684546948
-0.48665516150697397
-0.40678288919798833
-0.3132100638819248
-0.2200159148348093
-0.13228136945345664
-0.05298846272328324
-0.0
-0.0
0.10601154770866358
0.22548206253790765
0.31939445548215384
0.4059489247557808
0.48672473887448864
0.5600355901233188
0.6237758175082851
0.6760630828707765
0.6935068585154107
0.6879710641952195
0.669251394906565
0.6436310485259775
0.615073841502606
0.5860199486968459
0.5579156241538833
0.5315649653235608
0.5073627420461805
0.48468597572532535
0.40202646809513226
0.3079218723153869
0.21479668330010743
0.12737761893222913
0.048560301786609
-0.0
-0.0
-0.1139132691914225
-0.23074060646475908
-0.324103758160946
-0.410421673650962
-0.4909096187820005
-0.5638165962404988
-0.6270377640732688
-0.6787077717511494
-0.694218384706559
-0.6875232649250385
-0.6681456556691622
-0.6421882505551795
-0.6134957606115925
-0.5844301940317765
-0.5563868815371416
-0.5301370800946901
-0.506054680634925
-0.47869586556159766
-0.395168946391944
-0.3011606427619562
-0.2084876261814362
-0.12173235638168277
-0.043738991001904357
-0.0
-0.0
0.12292092947072764
0.2366398449716965
0.32933213477976453
0.4153515585130041
0.49549162617955206
0.5679264060595116
0.6305517762886191
0.680351296396646
0.6942725608268102
0.6866469499920822
0.6667633233982722
0.6405693836691608
0.6118078291641423
0.5827739472888748
0.5548198051893931
0.5286889411818818
0.5047377884444015
0.47260502661061365
0.3882034772757809
0.29430413870991945
0.2021018392384683
0.11603131486796076
0.038883971327388814
-0.0
-0.0
-0.13230239193139923
-0.2428703570099282
-0.3349145134261351
-0.42066401562458877
-0.5004775138393753
-0.5724510049072243
-0.6344803346775003
-0.6818422532574735
-0.694276344235859
-0.6857820626798395
-0.6654280342434511
-0.6390163521755462
-0.6101938988217332
-0.5811933130467124
-0.5533260562641071
-0.5273096665691305
-0.5034842158803147
-0.466790202225918
-0.3815684333963879
-0.2877902701137656
-0.1960531564393007
-0.11064971717984062
-0.0343205401640843
-0.0
-0.0
0.14125136623842804
0.2488380403276329
0.3402772293835736
0.4257793434951997
0.5052896359850477
0.5768297339374653
0.6382953294733203
0.6833164835296861
0.6943206675346704
0.6849894291787686
0.6641804370006279
0.6375562869232336
0.6086720483693107
0.5797003123233957
0.5519136051467832
0.526004521002712
0.5022974229664587
0.4612205153099918
0.375216131864668
0.2815602229062966
0.190274992871872
0.1055161735455386
0.029975402302694798
-0.0
-0.0
-0.14979109219725892
-0.2545337231927934
-0.3453958918479532
-0.4306619630599945
-0.5098827872417327
-0.5810090537598908
-0.641936329360597
-0.6847212600984698
-0.6943595525518528
-0.6842289744357494
-0.6629856139066864
-0.6361587718310283
-0.6072157884607201
-0.578271879198136
-0.5505623693429998
-0.5247560211622989
-0.5011621902551782
-0.4558830396414184
-0.36912749258915106
-0.2755878598264044
-0.18473497655620885
-0.10059337537186624
-0.02580778690641297
-0.0
0.0012426901228669573
0.157938135290027
0.2601311877747279
0.35045074730588965
0.43546299471673405
0.5143685098568453
0.5850568899953258
0.6454261372989187
0.686020454658382
0.694323996597551
0.6834154412351967
0.6617524527442135
0.6347331628150595
0.6057386158829909
0.5768276195303221
0.5491989525604031
0.5234979890740598
0.5000193788642088
0.4506601206080197
0.36317372648712637
0.26974603328867197
0.17931297850669953
0.09577178551055886
0.02172161262414532
-0.0
-0.013162947036246958
-0.165550484095865
-0.26677402112568976
-0.3566521218392211
-0.4411771027729548
-0.5194471240466244
-0.5893517070022983
-0.6488132929453915
-0.6868671801326311
-0.6936509838976535
-0.6818836166501266
-0.6597844398671656
-0.6325943845249172
-0.6035913651319811
-0.5747670368942086
-0.5472769022958632
-0.5217388491924726
-0.4984304352812137
-0.4454663143459108
-0.3572840919204629
-0.2639099309681316
-0.17381949844233116
-0.09080043489813072
-0.017412021081049847
-0.0
0.025450326070645707
0.17336733872834645
0.273573604948563
0.36298279130031175
0.4469942958859364
0.5246006416852981
0.5936914118821834
0.652214347412699
0.6876830911989785
0.6929223590123427
0.6802840707641541
0.6577445234079414
0.6303843280865077
0.6013762426870993
0.5726434677925287
0.5452974059616182
0.5199279498646707
0.4967952616431608
0.4405109809216735
0.3516704736782199
0.2583293079982098
0.16854341765848962
0.08600053743960123
0.013223408714939891
-0.0
-0.037206571735863
-0.18081191887482906
-0.2800260079591498
-0.36897217574642455
-0.45248057027021227
-0.5294425065952174
-0.5977478012869224
-0.655368566513361
-0.6883918055317703
-0.6921726600824991
-0.6787146456432714
-0.655763340329983
-0.6282472088396098
-0.5992392404720753
-0.5705977126852934
-0.5433922247165734
-0.5181861514882672
-0.4952231955927702
-0.43573757770848776
-0.34625901194165176
-0.252945898076814
-0.16345014258378954
-0.08136335902364006
-0.009173152869701898
-0.0
0.04849017946809392
0.18793743620487383
0.286189196565511
0.3746837882903183
0.4577037129028938
0.5340429922711606
0.6015917093919195
0.6583454111733162
0.6890390915344325
0.6914318662931886
0.6771948204571262
0.653853406682695
0.6261909423532988
0.597185249644524
0.5686326877844331
0.5415629969793375
0.5165142763447099
0.49371454770337986
0.43116429746629403
0.34107410802750393
0.2477870185988137
0.1585683434282885
0.07691772810877212
0.005289157417426929
-0.0
-0.05931084596020286
-0.19477156316129662
-0.2921010912786005
-0.3801631779941381
-0.4627151861481912
-0.5384578284913659
-0.6052814278102409
-0.6612039889667907
-0.6896635585695917
-0.6907249687186583
-0.6757405669137171
-0.6520247454046462
-0.6242216498394173
-0.595217851636175
-0.5667503384823381
-0.5398106296919176
-0.5149125862247903
-0.49226919182773016
-0.42676057443273036
-0.3360819698824008
-0.24282202937948788
-0.15387242644103075
-0.07264390663912157
-0.0015579636366813698
-0.0
0.06973600357635962
0.20136126130448975
0.2978045580200303
0.3854512622277825
0.46755321892481194
0.5427213309927741
0.6088461811776875
0.6639674380361028
0.6902679044282527
0.6900426128789962
0.6743358911313931
0.6502581676091869
0.6223190952542265
0.5933170622680826
0.5649316803474029
0.5381175322775702
0.5133650550942782
0.49087269940187983
0.42197848865756427
0.33065743486022137
0.23745838915726242
0.14883813734495194
0.06810384892141844
-0.0
-0.0
-0.0792762052223327
-0.20762497140208078
-0.3033645331687527
-0.3906988117760677
-0.4724341735365776
-0.5471024397140432
-0.6125950800201746
-0.6669721838819015
-0.6910298127302268
-0.6894621959678258
-0.6729963207506231
-0.6485324066050835
-0.6204414313956048
-0.59143080080039
-0.5631208783653013
-0.5364280595196234
-0.5118185227742434
-0.4894756296765739
-0.4169661946642667
-0.3249111575412866
-0.23172226028874243
-0.1434016449751222
-0.06314893102312184
-0.0
-0.0
0.08802928826850767
0.21346525824361245
0.3086034314293468
0.39568001874557945
0.47709925601036923
0.5513215178850398
0.6162392436120269
0.6699314026693873
0.6918277957194724
0.6889639699766913
0.6717623663572349
0.6469214355455637
0.6186790173682705
0.5896551404116849
0.5614132436114737
0.5348330108193942
0.5103572797405256
0.4881548755215373
0.41218007285584884
0.31941108575542543
0.2262200530621724
0.1381754349384906
0.058374420152211184
-0.0
-0.0
-0.09647013359699072
-0.21910402433015946
-0.3136658883832878
-0.4004967440198958
-0.48161345734982514
-0.5554075334712012
-0.6197723065897087
-0.6728049121072485
-0.6926128379286952
-0.688495852190129
-0.6705823761586942
-0.6453760581068987
-0.6169861898854224
-0.5879484294089689
-0.559771244302604
-0.5332988617769092
-0.508951572279422
-0.48688415479563407
-0.4076067641372486
-0.3141565474887952
-0.22096278028529867
-0.13318082060938577
-0.05381028492729638
-0.0
-0.0
0.10455555743159378
0.22450882540644146
0.31852035126698364
0.40511702189353604
0.48594488220944626
0.5593294976839982
0.6231650529918085
0.6755660767397448
0.6933706319638737
0.6880513452509731
0.669454691079931
0.6438975115579654
0.6153658248906643
0.5863143780149588
0.5581989195775752
0.5318296712814998
0.5076052976352479
0.4856671040600662
0.40322459828636487
0.30912183234487434
0.21592578872883927
0.12839584888822692
0.049438098664959546
-0.0
-0.0
-0.1122973436831268
-0.22968286682159728
-0.3231668502980316
-0.40953881647646384
-0.4900896917662826
-0.563081903223164
-0.6264104583247047
-0.678206547963798
-0.6940934921396253
-0.6876234785403512
-0.6683730555139867
-0.6424802247646597
-0.6138129886837607
-0.5847486352953419
-0.5566924444772374
-0.5304220847417689
-0.5063155190406065
-0.4799245632751701
-0.39657292135884203
-0.3025403993240112
-0.20977018955236537
-0.12287482252739218
-0.04470919014848179
-0.0
-0.0
0.12104152004160756
0.23539348529162707
0.32821732686514504
0.41429262899036545
0.4944999929519047
0.567029056909141
0.6297756289809996
0.6800664058540513
0.6942867195648074
0.6868351494037904
0.6670451327218615
0.6408938373168156
0.6121433437414179
0.5831016061604185
0.5551288962169371
0.5289740007046879
0.504996651028801
0.4738037038838058
0.38957396109219583
0.2956527536357504
0.20335740723214663
0.11715176363907104
0.03983762448732271
-0.0
-0.0
-0.13045582085510307
-0.24164278102689662
-0.3338136744057286
-0.41961555068036455
-0.4994926160568429
-0.5715562477939208
-0.6337023199856078
-0.6815438902608453
-0.6942708279837878
-0.685947804286678
-0.6656867187980009
-0.6393182782038987
-0.6105081956935767
-0.5815014244912894
-0.5536174093308587
-0.5275788016790505
-0.5037288926054216
-0.4679288982161173
-0.3828670124145671
-0.28906413861134017
-0.1972349980827774
-0.11170012466553264
-0.03521008878383361
-0.0
-0.0
0.13950042763465398
0.24766940997350245
0.33922646431130865
0.4247766338255299
0.5043459896862363
0.575970700761423
0.6375464899298824
0.6830265451377351
0.6943110981199111
0.685144003541719
0.6644242761569414
0.6378418529148685
0.6089697986837969
0.579992474269009
0.5521900379086285
0.5262599734567315
0.5025297236160031
0.46231336292188824
0.37646261015232063
0.28278267736314777
0.1914087212567826
0.10652335304018445
0.03082782071729462
-0.0
-0.0
-0.14811641244258678
-0.25341694440889556
-0.3443923616323472
-0.42970479261099337
-0.5089824421802
-0.5801899115724584
-0.6412227911025891
-0.6844461706296912
-0.6943522543266519
-0.6843783776877399
-0.6632201562826051
-0.6364330283139485
-0.6075015363721912
-0.5785521461929914
-0.5508274774241045
-0.5250009651596461
-0.5013849074837242
-0.45692990406861844
-0.37032172045479317
-0.27675933164803324
-0.18582169823327843
-0.10155908093230168
-0.02662540868735884
-0.0
-0.0
0.15637174075040675
0.2589224320698562
0.34933980306078144
0.43442389176865104
0.513421598347841
0.5842289428868329
0.6447413940401269
0.6858035105864322
0.6943895035311201
0.68364310459349
0.6620651018179251
0.6350821038527638
0.6060938632767249
0.5771713926138446
0.5495213569951986
0.5237941582954474
0.5002875901675203
0.4517740627308539
0.3644403247065193
0.2709901613877313
0.18047004106487835
0.09680351707197961
0.022599216551919016
-0.0
-0.010632857491230913
-0.16394234144901423
-0.2653756405258122
-0.355350339829562
-0.4399810252048595
-0.5183876461438859
-0.5884597195542156
-0.648114480126252
-0.6867005581837099
-0.6938022706200936
-0.6822141071364843
-0.6602054844242333
-0.6330503480915114
-0.6040482669546307
-0.575204992180628
-0.5476851067129037
-0.5221122623800021
-0.4987675980947075
-0.4464838594518723
-0.3584378132599139
-0.26505827142222965
-0.1749066405394985
-0.09179095502365052
-0.018277952085433355
-0.0
0.022990943385862328
0.1718006511008882
0.272209613806512
0.36171206242036924
0.4458259023203007
0.5235647742756964
0.5928182493905071
0.6515290070633233
0.6875166585268354
0.6930660695510481
0.6806027732883436
0.6581518232772882
0.6308259906776675
0.6018191288372419
0.5730681720253776
0.545693371240833
0.5202902370763832
0.49712242327575223
0.44150048471026454
0.35279109487036375
0.2594431039106546
0.16959621846344197
0.0869581167574293
0.014058836496651461
-0.0
-0.03487220592549106
-0.1793368866451415
-0.2787496773601682
-0.36778904628888404
-0.4513983686963317
-0.5284890729543781
-0.5969509154804397
-0.6547511555268873
-0.6882574847333531
-0.6923261949746394
-0.6790297374366326
-0.6561593374371404
-0.6286735587734522
-0.5996651255261911
-0.5710051551540064
-0.5437715125034129
-0.5185328139953208
-0.4955360140027946
-0.43668853898315463
-0.34733745333238397
-0.2540190798482144
-0.16446580286438464
-0.08228837802304398
-0.009981406023951353
-0.0
0.046241354077025454
0.18651778636470326
0.28496155493123265
0.3735462833600782
0.4566636533512756
0.5331270833802922
0.6008266044790225
0.6577530940343853
0.6889105324178477
0.6915796270506283
0.6774976475620119
0.6542338719113475
0.6266005150631421
0.597594346021096
0.569024051203641
0.541927306178892
0.5168472420208058
0.4940150022262624
0.4320742085630262
0.34210562320224613
0.24881331949279567
0.15953949693568006
0.07780209253714206
0.006061778645507582
-0.0
-0.05715747042816585
-0.19341132422913246
-0.29092427375365837
-0.3790723519101555
-0.4617174141305153
-0.5375787409268421
-0.6045466081248568
-0.6606345520875915
-0.6895388893740045
-0.6908653630693122
-0.6760297682164147
-0.6523885107117554
-0.6246134398719995
-0.59560929173371
-0.567124872773644
-0.5401593108626233
-0.5152312921097819
-0.49255679402810515
-0.4276559049136886
-0.3370969596164835
-0.2438302545674701
-0.15482450326982483
-0.07350878636324776
-0.0023112897980919617
-0.0
0.06761000733978395
0.20001357097424738
0.2966359710453815
0.3843664703497574
0.4665596933553463
0.541844791896694
0.6081122731304631
0.6633973669821422
0.6901429851277598
0.6901829920926827
0.6746252151642433
0.6506221309243604
0.6227111188088293
0.5937087466641824
0.5653064548073702
0.5384664409578773
0.5136839713889041
0.49116049304803056
0.4229644975516941
0.3317776216394636
0.23856789016022717
0.1498814243371664
0.0690466484858303
-0.0
-0.0
-0.07757400144583917
-0.20648434153385856
-0.3023383561892852
-0.3897209664841841
-0.4715164302527421
-0.5462704247009585
-0.6118742397248956
-0.666384301547025
-0.6908668781862348
-0.6895543828075872
-0.6732335651733333
-0.6488442422275335
-0.620783523292145
-0.5917759664400799
-0.5634531120036971
-0.5367385655673583
-0.512103091650996
-0.4897329096400645
-0.4179209315354031
-0.3260083540345546
-0.23281866854748368
-0.14444158730150786
-0.06409741922780415
-0.0
-0.0
0.08636065417607222
0.21235272105378733
0.30760600679690925
0.3947320988001932
0.47621193707994264
0.5505195162895213
0.6155470828452274
0.6693699990867336
0.6916780397140957
0.6890610057460071
0.6719993883301472
0.6472300965238653
0.6190163459906451
0.5899948182503104
0.5617398004712749
0.5351379719348772
0.5106366172670662
0.48840733047100315
0.41308839593108015
0.3204551689016961
0.22726520129896494
0.13916889265241877
0.059282779322900964
-0.0
-0.0
-0.09486136767143316
-0.2180284440030532
-0.31269967037033963
-0.3995769853050119
-0.4807510342213147
-0.554626446266804
-0.6190963916328911
-0.672254550010305
-0.6924610034583878
-0.6885832361245102
-0.6708057352602134
-0.6456692967176949
-0.6173077266155758
-0.5882727733403402
-0.5600833889650815
-0.5335905638940869
-0.509218889993145
-0.48712582646195424
-0.40847583534605286
-0.3151548515466498
-0.2219613979715367
-0.13412934780533234
-0.0546768649787773
-0.0
-0.0
0.10301963674104084
0.2234820629344278
0.31759812078372424
0.40423928329800474
0.4851220302785488
0.558584450771939
0.6225205662875997
0.6750415998636259
0.6932268531205711
0.6881360286228161
0.6696691832282203
0.6441786603667057
0.6156739055066017
0.5866250420333526
0.5584978373048853
0.5321089753517854
0.5078612303561655
0.4858984681168604
0.40405813915722766
0.31007955384098806
0.21688398011344173
0.12930612992244875
0.05026988174650596
-0.0
-0.0
-0.11082511754329555
-0.22869905923365447
-0.32228342443411256
-0.40869816552263266
-0.48930174828326023
-0.5623686074840158
-0.625793593842756
-0.6777047293476371
-0.6939562349879821
-0.6877049815891229
-0.6685788370563865
-0.6427498049348628
-0.6141083251653386
-0.5850464124395488
-0.5569789418102667
-0.5306897707788613
-0.5065607980099558
-0.4810396093244089
-0.3978500582636143
-0.3038006696885288
-0.2109473421496098
-0.12392934520276543
-0.04561110860242852
-0.0
-0.0
0.11937207573600236
0.23430376048154494
0.32725390029424895
0.41338601565113425
0.4936590858213365
0.5662766521982715
0.6291343707924243
0.6798508797634996
0.6943290167993649
0.687026210778204
0.6673149204019759
0.6411980902184412
0.61245474287527
0.5834038923308466
0.5554129628734538
0.5292353069877357
0.5052335161856663
0.47488324401184534
0.39080952359511634
0.29687080622830647
0.20449382478322614
0.1181683974681661
0.04070560284117099
-0.0
-0.0
-0.12878889942174276
-0.24053658617509743
-0.33282277044381786
-0.41867246903157707
-0.4986072659676146
-0.5707524504202915
-0.6330039292488108
-0.6812761832299702
-0.6942660624038218
-0.6860967998454549
-0.6659191537179625
-0.6395895244875406
-0.610790534638839
-0.5817781950892736
-0.553879119135185
-0.5278205496948961
-0.5039486683547851
-0.46894673845124873
-0.3840272938582746
-0.2902020256836386
-0.19829039977879534
-0.11263788174413916
-0.03600396307994018
-0.0
-0.0
0.13793411787948576
0.24662331937099655
0.33828546114871316
0.42387836810191415
0.5035003627934822
0.5752006172932784
0.6368748836561358
0.6827659671389842
0.6943016786283711
0.6852816625166959
0.6646419555067651
0.6380969765113436
0.6092359044468667
0.5802536397714793
0.5524371752374699
0.526488373806143
0.5027374364878526
0.4632921009705132
0.3775788751151671
0.28387729018595986
0.19242373167242582
0.10742490141086643
0.03159066083586268
-0.0
-0.0
-0.14661810676638903
-0.2524179638629544
-0.34349480325589393
-0.4288487908467731
-0.508177349340617
-0.5794575270194672
-0.6405849339085257
-0.6842005146878407
-0.6943461252362795
-0.6845123937864865
-0.6634302991515839
-0.636678663121
-0.6077574180526429
-0.5788030944291429
-0.5510648374040421
-0.5252202622388108
-0.5015842991534597
-0.4578672441422822
-0.37139105247021464
-0.27780833413148065
-0.186794857504324
-0.10242391789659326
-0.02735767933507624
-0.0
-0.0
0.15493343277181162
0.2579631767110332
0.3484777439440462
0.4336015879975113
0.512648041228613
0.5835250729886702
0.6441281740283346
0.6855668241807424
0.6943828113713703
0.6837710146055184
0.6622661620044255
0.6353173051731984
0.6063389677630386
0.5774118227576157
0.5497487989701237
0.5240043109888365
0.5004786794055743
0.4526715499633921
0.365464074530984
0.27199435168748476
0.18140153592833783
0.09763123580730443
0.023299964134131657
-0.0
-0.008581802264987837
-0.16263081780543204
-0.2642300419529051
-0.35428005041345856
-0.43899406570155736
-0.5175096486129049
-0.5877163336646233
-0.647527154729354
-0.686551930550933
-0.6939161839272286
-0.6824764840514236
-0.6605433693377593
-0.6334179132532348
-0.6044174826010679
-0.5755594185092237
-0.5480157738898597
-0.5224149457461837
-0.4990410244251065
-0.4472996040370132
-0.3593626828078821
-0.2659794182474387
-0.17577942188698428
-0.09258694868962943
-0.01897467065830291
-0.0
0.0210001890093095
0.1705289141874999
0.27110015898053474
0.36067682560220904
0.44487250776186693
0.5227179110929245
0.592102604656122
0.650965179081407
0.6873759045376491
0.6931783962771548
0.6808581065452008
0.6584797781291445
0.6311823638006574
0.6021768929773262
0.573411483916135
0.5460135950439774
0.5205833145540943
0.4973871426603613
0.4423001708979264
0.3536964190937092
0.26034261531349306
0.1704461825354762
0.08773092371632636
0.014732777501752364
-0.0
-0.032988850935638636
-0.17814709778945712
-0.27772036433164177
-0.3668350700398786
-0.45052595249291894
-0.5277206657824324
-0.5963089140222676
-0.6542540374986667
-0.6881500504616884
-0.6924509198790612
-0.6792847217039668
-0.6564795138436759
-0.629018146529269
-0.6000092670990733
-0.5713343527822786
-0.5440779371025599
-0.5188128650292283
-0.4957887140304889
-0.4374574487457526
-0.3482095800487491
-0.2548870632708911
-0.16528736447202264
-0.08303671772214284
-0.010635379204383566
-0.0
0.044422988953236486
0.18537011052264546
0.2839692498718608
0.3726269431595328
0.4558231686750907
0.5323870306458671
0.6002085177348051
0.6572747312618553
0.6888069433031221
0.6916993255542886
0.6777426388986535
0.6545415812987534
0.6269317228583317
0.5979251453538365
0.5693404978894475
0.542221869193628
0.5171164569496747
0.49425792736935314
0.4328095529532776
0.34293923043154995
0.24964272303452745
0.1603243479612807
0.07851682041198073
0.006686216045068721
-0.0
-0.05541691378218508
-0.19231179434830678
-0.2899729701755593
-0.37819053033517375
-0.4609107872283969
-0.5368680292937114
-0.6039524947310394
-0.6601741083837661
-0.6894379883387219
-0.6909787400632973
-0.6762634461610819
-0.6526824741526487
-0.624930067602544
-0.5959256459595743
-0.5674275694924714
-0.5404411165373378
-0.5154888737059468
-0.4927892386142941
-0.42836046031123376
-0.33789562185117483
-0.24462478014748196
-0.15557622766737617
-0.074193220020389
-0.00290912561445833
-0.0
0.06594383254794864
0.19896119333303408
0.2957255774477745
0.38352266291589493
0.46578793114661965
0.5411649007399453
0.6075440414518981
0.6629571246499097
0.6900468347436157
0.6902918938226124
0.6748492208549817
0.6509037997520728
0.6230144450385522
0.5940117788975446
0.5655963859715676
0.5387363507013435
0.5139306724736086
0.4913831143630708
0.42372681098871773
0.332642019036285
0.23942221651227769
0.15068291801314576
0.06976907933521018
-0.0
-0.0
-0.07626282045135357
-0.20560483786472725
-0.30154657251435557
-0.38896611454734237
-0.47080766075919295
-0.5456275519472349
-0.6113169386729336
-0.6659294245442124
-0.6907403467812261
-0.6896250039049764
-0.6734163101653009
-0.6490846704542776
-0.6210473802569909
-0.5920422478908104
-0.5637094480122865
-0.5369781564347044
-0.5123226808121824
-0.4899314486673097
-0.41866109895035153
-0.3268590692033646
-0.23366870160807085
-0.14524773463243273
-0.06483254887357102
-0.0
-0.0
0.08506841048216596
0.21149137150352154
0.30683393121955366
0.3939984598800018
0.4755253136797986
0.549899035760293
0.6150117215967674
0.6689359384177076
0.6915626359175281
0.6891366214582754
0.6721833331651854
0.6474694572536396
0.6192778568784748
0.5902581070325638
0.5619928938891622
0.5353743126074781
0.5108530904677223
0.4886029648781488
0.4137919624940727
0.3212639267986748
0.22807484054335905
0.1399385491033335
0.05998656917909009
-0.0
-0.0
-0.09361471811699698
-0.21719489578036033
-0.31195082728450785
-0.39886411032817365
-0.48008255909759096
-0.5540209728030969
-0.6185723952800104
-0.6718278290795345
-0.6923431357609034
-0.6886507677370243
-0.6709786587209658
-0.6458963909501598
-0.6175567672248022
-0.5885240049009353
-0.5603251808280236
-0.533816526520781
-0.509425967273798
-0.4873130394032112
-0.40914896578940596
-0.3159280528874151
-0.22273482023549568
-0.1348639544397634
-0.05534798555706767
-0.0
-0.0
0.1018299908045518
0.22268676118498745
0.31688377360056286
0.40355939082927517
0.48448464612115183
0.5580073282986401
0.6220213324020741
0.6746353210631597
0.6931154713308764
0.6882016189771054
0.6698353267928134
0.6443964382140268
0.615912545920217
0.5868656841947029
0.5587293810880285
0.5323253264806415
0.5080594779934201
0.4860776847491635
0.4047038585608599
0.3108214753977421
0.2176262662200414
0.13001130108852005
0.050914242312142435
-0.0
-0.0
-0.10968467230721102
-0.22793697363414003
-0.3215991043956682
-0.4080469850316667
-0.4886914007077804
-0.5618160879038414
-0.6253157758540557
-0.6773160317348383
-0.6938499330018257
-0.6877681342003351
-0.6687382566410504
-0.6429586425297432
-0.6143371124741375
-0.5852770887894339
-0.5572008791692178
-0.5308971352397917
-0.5067508043481089
-0.48190336677481793
-0.3988393790765562
-0.30477692754675656
-0.211859216267325
-0.12474622764708343
-0.046309779733821485
-0.0
-0.0
0.11807884339009314
0.23345960598906368
0.32650758191205204
0.41268370698287715
0.4930076758165559
0.5656937999348828
0.6286376175359507
0.6796839187954636
0.6943617781957461
0.6871742122158258
0.6675239072956771
0.6414337758443613
0.6126959646407669
0.5836380550731951
0.5556330122026102
0.5294377253122104
0.5054170014882293
0.47571949433284005
0.39176663366958103
0.29781435189616695
0.2053741325390493
0.11895591609327505
0.041377967360795395
-0.0
-0.0
-0.12749764290890608
-0.2396796876744159
-0.33205518001932394
-0.4179419232385787
-0.4979214409213686
-0.5701297988877395
-0.6324629293778735
-0.6810688068928081
-0.6942623702674369
-0.6862122168134761
-0.6660992059456546
-0.639799641478499
-0.6110092444599308
-0.58199259150413
-0.5540818489404327
-0.5280078163951083
-0.504118914555781
-0.469735196505283
-0.3849260923877532
-0.2910834766319391
-0.1991079543289226
-0.11336430419692169
-0.0366189283492596
-0.0
-0.0
0.1367207960164835
0.2458129789886271
0.33755652559897453
0.4231825387062147
0.5028453095139367
0.574604082858029
0.636354633392386
0.6825641144803924
0.6942943825512915
0.6853882987825081
0.6648105784468182
0.6382946050903778
0.6094420401663605
0.5804559485369697
0.5526286172211613
0.5266653013979598
0.5028983387642303
0.4640502683582657
0.37844357607892976
0.28472521864575734
0.1932099971639564
0.10812327497438483
0.03218158579775325
-0.0
-0.0
-0.14545746226865056
-0.2516441155514124
-0.34279952039083417
-0.4281856992952734
-0.5075536937600464
-0.5788901940249048
-0.6400908253839653
-0.6840102201461871
-0.6943413772944207
-0.6846162076377604
-0.6635930836990598
-0.636868941081032
-0.607955633639313
-0.5789974883914052
-0.5512487053952605
-0.5253901380286475
-0.5017387554639899
-0.45859334299010324
-0.37221939721799924
-0.2786209308452454
-0.18754870320374323
-0.103093853057309
-0.027924923638783086
-0.0
-0.0
0.1538192653301931
0.2572201014162247
0.3478099605006435
0.43296460053111124
0.5120488147452941
0.5829798288425646
0.6436531506901005
0.6853834779535196
0.6943776273493395
0.6838700984962599
0.6624219107768877
0.6354995009556271
0.6065288349125708
0.5775980689871562
0.5499249840765953
0.5241671031682265
0.5006267043158947
0.45336677738845643
0.3662571097177558
0.27277223532766515
0.18212310694232164
0.09827241792017782
0.023842789605803563
-0.0
-0.006992977665373323
-0.16161486222378477
-0.26334261818380633
-0.3534509639569189
-0.4382295297363741
-0.5168295186966992
-0.5871404789959833
-0.6470721903952189
-0.6864367980136185
-0.6940044254808494
-0.6826797311011961
-0.6608051077231608
-0.6337026430742
-0.604703490948041
-0.5758339704925811
-0.5482719211389091
-0.5226494156811045
-0.4992528307580195
-0.44793151051447094
-0.36007912159285116
-0.2666929732728357
-0.17645551119335653
-0.09320355536726194
-0.019514375110975077
-0.0
0.01945807568050678
0.16954377886970537
0.270240733480322
0.3598748921662608
0.44413397242288627
0.5220618989701086
0.5915482392859324
0.6505284166861096
0.6872668711932579
0.6932654087878535
0.6810558973014822
0.6587338243085782
0.6314584238435562
0.6024540305546583
0.5736774262369432
0.5462616524626213
0.5208103434066788
0.49759220426599005
0.44291963793393885
0.35439771732978526
0.2610394107195617
0.17110459671298006
0.0883295690882013
0.015254837582572747
-0.0
-0.031529933235515395
-0.17722544253490077
-0.2769230196957083
-0.36609608411015826
-0.44985014604574286
-0.5271254286477249
-0.595811595513641
-0.6538689511509874
-0.6880668278276698
-0.692547536486205
-0.6794822421193782
-0.6567275345453912
-0.6292850771815796
-0.600275852121366
-0.5715893616623564
-0.5443153051367009
-0.5190298031065522
-0.49598446498839915
-0.4380530752055258
-0.34888516224813576
-0.255559435918872
-0.16592377703370936
-0.08361640983580398
