0.5
0.5
0.5
0.5
0.5
0.5
0.5
0.5
0.5
0.5
0.5
0.5
0.5
0.5
0.5
0.4652659437404256
0.4060109794240947
0.34079217622319913
0.30524281334381276
0.272615415890369
0.238385241456882
0.20269772234117245
0.16666964495949932
0.13158309698441428
0.0986852969578938
0.06911792068469497
0.04387733227556906
0.023785840096147925
0.0094703627694534
0.0013481075352614336
-0.0003806497713555457
0.004267322628876524
-0.00024354403813076075
-0.01824327860971464
-0.020510077045505115
-0.013492124044731879
-0.0013513088663716921
0.013263249709422442
0.032047542795183626
0.1361497162456412
0.25440876324212763
0.3691757315320687
0.4742391650479784
0.5
0.5
0.5
0.5
0.5
0.5
0.5
0.5
0.5
0.5
0.5
0.5
0.5
0.5
0.5
0.5
0.5
0.5
0.5
0.5
0.5
0.5
0.5
0.5
0.5
0.5
0.5
0.5
0.49518414821345974
0.32426790353936197
0.21459003834398976
0.11898915540958976
0.030051600299736525
-0.05153284655776824
-0.1236420849658284
-0.18416999910721432
-0.2084643424428354
-0.20629109367327714
-0.18875349639512862
-0.16299139040516442
-0.1335253545164049
-0.10315344109800273
-0.07354836350814109
-0.04565426801931449
-0.019949534151682546
0.003379877217486338
0.0837540354956603
0.1785730619355821
0.2732163978589747
0.3624590021536945
0.44325738835981165
0.5
0.5
0.5
0.5
0.5
0.5
0.5
0.5
0.5
0.5
0.5
0.5
0.5
0.5
0.5
0.5
0.5
0.5
0.5
0.5
0.5
0.5
0.5
0.5
0.5
0.5
0.5
0.4572199456809073
0.3128122638254939
0.21256705090511963
0.12273195514511742
0.0385726137309485
-0.03877122713661474
-0.10717926442765635
-0.16462520376704326
-0.1940769386992286
-0.19552946918179104
-0.18056848963185113
-0.1566603553503938
-0.1285471631017393
-0.09917771320285085
-0.07032770536524513
-0.04301198535916617
-0.017757760166958403
0.005215038445747833
0.059314280724142854
0.14802579153774098
0.24167332934765157
0.3318514073015467
0.4147885573548293
0.48793461177893654
0.5
0.5
0.5
0.5
0.5
0.5
0.5
0.5
0.5
0.5
0.5
0.5
0.5
0.5
0.5
0.5
0.5
0.5
0.5
0.5
0.5
0.5
0.5
0.5
0.5
0.5
0.480374545227581
0.3293683944482639
0.22818765962517645
0.13821154685386267
0.053697162728822634
-0.024406562439287738
-0.09398839781360724
-0.15298341055165632
-0.18867841445551636
-0.19400735105193523
-0.1813751363793612
-0.158792583858392
-0.1313625562748546
-0.10227195109834164
-0.07345276776172882
-0.04602171326864657
-0.020571717678557477
0.002635473033673008
0.05518001484320678
0.1435245495785643
0.2371532612580518
0.32748205994559854
0.41069575375233736
0.4842258098204033
0.5
0.5
0.5
0.5
0.5
0.5
0.5
0.5
0.5
0.5
0.5
0.5
0.5
0.5
0.5
0.5
0.5
0.5
0.5
0.5
0.5
0.5
0.5
0.5
0.5
0.5
0.4759218302911306
0.32695434063690315
0.22635442488773544
0.1366958277052408
0.05247744926711906
-0.02530971603252563
-0.09455463021599164
-0.1532016385483138
-0.18840727803134094
-0.19346199429342492
-0.18069290350062917
-0.15805952392827627
-0.13063109057041578
-0.10157262562508751
-0.07280205007034535
-0.04542714647670787
-0.020035311195017225
0.003115027220477462
0.05810350963521932
0.14679071158593604
0.24025026972408403
0.3302390311792824
0.41302396941210023
0.48606613716116376
0.5
0.5
0.5
0.5
0.5
0.5
0.5
0.5
0.5
0.5
0.5
0.5
0.5
0.5
0.5
0.5
0.5
0.5
0.5
0.5
0.5
0.5
0.5
0.5
0.5
0.5
0.4617777176635778
0.3182993639986379
0.21904578015820209
0.13005121820248028
0.04651899798785469
-0.03043549561689518
-0.0987017941550089
-0.156253833664729
-0.1888206835721591
-0.19231670808568613
-0.17868620685659664
-0.1556353826462602
-0.12806659164785006
-0.09903557646113681
-0.07038927899642111
-0.04318989870651324
-0.017996024939062383
0.00495169440519555
0.06421826389026764
0.1537040020881416
0.24707055899780828
0.33662685795297165
0.4187716238526267
0.49101391638256303
0.5
0.5
0.5
0.5
0.5
0.5
0.5
0.5
0.5
0.5
0.5
0.5
0.5
0.5
0.5
0.5
0.5
0.5
0.5
0.5
0.5
0.5
0.5
0.5
0.5
0.5
0.4442802407093974
0.30737467464731055
0.20967699439355864
0.12142757084570577
0.03868695737249073
-0.03727754436682962
-0.10435603008340211
-0.16055891539028255
-0.1896381268567523
-0.19106249294061584
-0.17627565636812592
-0.15265238247141844
-0.12487655553029409
-0.09586073956071817
-0.06735877814656188
-0.04037299147977458
-0.01542404442990053
0.007270899876235082
0.07155235326130344
0.1620121615435538
0.255309007607613
0.34439049730120624
0.4258074737128471
0.49712450123469765
0.5
0.5
0.5
0.5
0.5
0.5
0.5
0.5
0.5
0.5
0.5
0.5
0.5
0.5
0.5
0.5
0.5
0.5
0.5
0.5
0.5
0.5
0.5
0.5
0.5
0.5
0.4253382746185694
0.29539347390753734
0.19930681826016183
0.11181602120556455
0.02989870632229158
-0.04501519543225607
-0.11081663255398766
-0.16555573221975828
-0.19068983361523673
-0.1897653825959461
-0.17366218020991997
-0.14938165699419081
-0.12136154740445282
-0.0923530440481225
-0.06400501487530574
-0.03725221853703431
-0.012572490817903681
0.00984356311163248
0.0802854589654472
0.17193947532270926
0.26515291336383123
0.3536593261102026
0.4341964568784849
0.5
0.5
0.5
0.5
0.5
0.5
0.5
0.5
0.5
0.5
0.5
0.5
0.5
0.5
0.5
0.5
0.5
0.5
0.5
0.5
0.5
0.5
0.5
0.5
0.5
0.5
0.5
0.4088959302606575
0.28444932460461486
0.18950556623369263
0.10250789961370926
0.021191105521958575
-0.05288041632824758
-0.11759943751682189
-0.17105155206481704
-0.19215370928415432
-0.18881214417078995
-0.1713380186599649
-0.14635604056548457
-0.11805537429418067
-0.08902408922185412
-0.06080479093281632
-0.034263716318884696
-0.009835143514742906
0.012317442459504946
0.0894075937412897
0.18241812995457884
0.27562208049839626
0.36358795839264413
0.4432508226553679
0.5
0.5
0.5
0.5
0.5
0.5
0.5
0.5
0.5
0.5
0.5
0.5
0.5
0.5
0.5
0.5
0.5
0.5
0.5
0.5
0.5
0.5
0.5
0.5
0.5
0.5
0.5
0.3931181730949205
0.2739201595491225
0.18005900917645035
0.09352422690233331
0.01277539805456196
-0.06049422351047318
-0.12417906281252244
-0.1763986486532505
-0.1936102732456112
-0.1879344903490704
-0.16913462821593017
-0.14347243125962994
-0.11489755117007316
-0.08584085901451544
-0.05774254081105035
-0.03140277457228868
-0.0072138327071009645
0.015898000529806666
0.09864473060519102
0.19274726007893528
0.28583610351524336
0.3731975415165614
0.4519405957656744
0.5
0.5
0.5
0.5
0.5
0.5
0.5
0.5
0.5
0.5
0.5
0.5
0.5
0.5
0.5
0.5
0.5
0.5
0.5
0.5
0.5
0.5
0.5
0.5
0.5
0.5
0.5
0.3762929106411277
0.26282481070536
0.17018044425936185
0.08417937431118894
0.004063618237691469
-0.06833449556820126
-0.13091085485036014
-0.18049271734770678
-0.19428083577265498
-0.18657711460652482
-0.16665085122229306
-0.14043681042041722
-0.11166917334751736
-0.08263765523411637
-0.054690708699234536
-0.02856955501836289
-0.004629166921283678
0.027855816370372155
0.11232461889551598
0.20621874153098002
0.2983886295988274
0.38441027951425083
0.4614961217729452
0.5
0.5
0.5
0.5
0.5
0.5
0.5
0.5
0.5
0.5
0.5
0.5
0.5
0.5
0.5
0.5
0.5
0.5
0.5
0.5
0.5
0.5
0.5
0.5
0.5
0.5
0.5
0.3581810073211713
0.2507762035635887
0.15937172086337825
0.07388271249995515
-0.005610321164512766
-0.07712435073160118
-0.13855504898644255
-0.1834214052930292
-0.1943307107502399
-0.18494363481190734
-0.1641039873786131
-0.13746519648274846
-0.10857629421629955
-0.07960592007279799
-0.05182403564988691
-0.02592158962584512
-0.0022219066571018686
0.03911355916931458
0.12516543929581936
0.21881551644937614
0.3100752259109015
0.3947968300577199
0.47029155157193797
0.5
0.5
0.5
0.5
0.5
0.5
0.5
0.5
0.5
0.5
0.5
0.5
0.5
0.5
0.5
0.5
0.5
0.5
0.5
0.5
0.5
0.5
0.5
0.5
0.5
0.5
0.4981068529453774
0.3416420870535303
0.2394996916361818
0.14920263056493172
0.06421575749001018
-0.014655954560981677
-0.08530209272701694
-0.14562198723453013
-0.18607331275137784
-0.19429109217582485
-0.18333385542686653
-0.16164591800059536
-0.13461660337562753
-0.10562117522395298
-0.07671467504048646
-0.049093452798281256
-0.023401338356106582
6.79802479838787e-05
0.0496619027584248
0.13719175053926042
0.23061419674618666
0.3210237023202189
0.4045302863800419
0.4785374099225542
0.5
0.5
0.5
0.5
0.5
0.5
0.5
0.5
0.5
0.5
0.5
0.5
0.5
0.5
0.5
0.5
0.5
0.5
0.5
0.5
0.5
0.5
0.5
0.5
0.5
0.5
0.4738891277950378
0.3262109302451396
0.2260586132780194
0.1366741297889268
0.052689852179280405
-0.02488107861552802
-0.09392824848619408
-0.15240075757075267
-0.1877290726901376
-0.19288436828507916
-0.1801986611990284
-0.15763506538294947
-0.13026549597002024
-0.10125700627148204
-0.07252908268661906
-0.04519073445176336
-0.019830334412665684
0.003292900145107802
0.059751815962458044
0.14862730985326306
0.24196710431027513
0.33173726033482187
0.4142552761355999
0.4870003258766162
0.5
0.5
0.5
0.5
0.5
0.5
0.5
0.5
0.5
0.5
0.5
0.5
0.5
0.5
0.5
0.5
0.5
0.5
0.5
0.5
0.5
0.5
0.5
0.5
0.5
0.5
0.45093731727660225
0.3117002499357531
0.2134969120635929
0.1250249438190369
0.04202958079572472
-0.034278268476423235
-0.10178869914373645
-0.15849844587336182
-0.1890731640590344
-0.19139501114628188
-0.17711811603632632
-0.15375670300789568
-0.126086685137622
-0.09708102946884367
-0.06853293596760646
-0.04147011076159923
-0.016429362782129586
0.006362086849918347
0.06906597099314193
0.15918698516617547
0.25247293376270885
0.34167784557130276
0.42330667560059615
0.4949071216912085
0.5
0.5
0.5
0.5
0.5
0.5
0.5
0.5
0.5
0.5
0.5
0.5
0.5
0.5
0.5
0.5
0.5
0.5
0.5
0.5
0.5
0.5
0.5
0.5
0.5
0.5
0.42967827744035675
0.2982625039368184
0.2018664226643248
0.11424156937092189
0.03216402582803968
-0.042972163031401944
-0.10905762589930224
-0.16413327726855098
-0.19030504050935837
-0.19000300184692398
-0.17425314985592688
-0.15015376856599827
-0.1222065024338641
-0.09320448824218619
-0.06482392045591301
-0.038017181595943805
-0.013273313020294886
0.009210100916750119
0.07830416076697744
0.16966564337131573
0.26286386777871057
0.35146719367121815
0.4321744084694338
0.5
0.5
0.5
0.5
0.5
0.5
0.5
0.5
0.5
0.5
0.5
0.5
0.5
0.5
0.5
0.5
0.5
0.5
0.5
0.5
0.5
0.5
0.5
0.5
0.5
0.5
0.5
0.41150021659995784
0.28622053734094643
0.19111455689635526
0.10405173304340587
0.02264942589610791
-0.051548901990500995
-0.11643574233837894
-0.17009107980492832
-0.19187099749395597
-0.18893730686460597
-0.17169603977750902
-0.14683477543480417
-0.11858417997344606
-0.08955957387847935
-0.06132132876687024
-0.03474715026097075
-0.010278618269057294
0.011916225460366525
0.08807528945817722
0.18088243753987954
0.27407378898904555
0.36210389914403956
0.4418810135794764
0.5
0.5
0.5
0.5
0.5
0.5
0.5
0.5
0.5
0.5
0.5
0.5
0.5
0.5
0.5
0.5
0.5
0.5
0.5
0.5
0.5
0.5
0.5
0.5
0.5
0.5
0.5
0.39501518518788803
0.27520412686987133
0.18122176942464152
0.09463750048643793
0.013824954575064163
-0.059537934398580905
-0.1233453965620116
-0.17571288422275633
-0.19341095429532362
-0.18802775983443587
-0.16939478984967482
-0.14381895767832154
-0.11527972949597609
-0.08622755177899133
-0.058115371116368664
-0.031751601775098726
-0.007533758804059487
0.014535517587462632
0.09708188408846014
0.19119833438821693
0.2843816379126002
0.3718863964729442
0.45081032430815837
0.5
0.5
0.5
0.5
0.5
0.5
0.5
0.5
0.5
0.5
0.5
0.5
0.5
0.5
0.5
0.5
0.5
0.5
0.5
0.5
0.5
0.5
0.5
0.5
0.5
0.5
0.5
0.3784406462342471
0.26426487844303836
0.17147824966783476
0.08541908098134332
0.005230870360210693
-0.06727172338619303
-0.12998453722109626
-0.1801410166381071
-0.19427971724108228
-0.18678078379093355
-0.16696542654763358
-0.14080273305151392
-0.11204947010624877
-0.08301012048834744
-0.05504270850399018
-0.028894584342288643
-0.004924577566583932
0.026527872762097116
0.11080528863786021
0.20472070551352817
0.2969905710124958
0.3831590657935903
0.46042725353059566
0.5
0.5
0.5
0.5
0.5
0.5
0.5
0.5
0.5
0.5
0.5
0.5
0.5
0.5
0.5
0.5
0.5
0.5
0.5
0.5
0.5
0.5
0.5
0.5
0.5
0.5
0.5
0.3600171351513624
0.2520084725247651
0.1604838306536368
0.07494685694446224
-0.004606260012454011
-0.07620768335761374
-0.13775312724768174
-0.1831066418934164
-0.19431387772573983
-0.18510151133551844
-0.16435715821331365
-0.13776321723951135
-0.10888779177525831
-0.07991199752172362
-0.052113888450065704
-0.026189600178348038
-0.0024657262200554753
0.0379877253332197
0.1238808016858794
0.21755411187503693
0.30890361962828367
0.3937541195489666
0.4694070115552519
0.5
0.5
0.5
0.5
0.5
0.5
0.5
0.5
0.5
0.5
0.5
0.5
0.5
0.5
0.5
0.5
0.5
0.5
0.5
0.5
0.5
0.5
0.5
0.5
0.5
0.5
0.5
0.34318612864202236
0.24078266977749713
0.15039516352727095
0.06532328662493025
-0.013659441865236821
-0.08444536914464074
-0.14492995708402423
-0.18587630253816956
-0.1943915793750952
-0.18360379366118906
-0.16200329827472382
-0.1350098015759733
-0.10601851463666145
-0.07709747977293913
-0.04945143627554649
-0.023729552258645925
-0.00022884442974047126
0.04850180574110252
0.1358743583232484
0.22931851587182844
0.3198162974511196
0.4034509283962427
0.47761620521160314
0.5
0.5
0.5
0.5
0.5
0.5
0.5
0.5
0.5
0.5
0.5
0.5
0.5
0.5
0.5
0.5
0.5
0.5
0.5
0.5
0.5
0.5
0.5
0.5
0.5
0.5
0.4763974322261688
0.3278086171806769
0.22744950619921872
0.13796985503797143
0.0538811560669194
-0.023824988700547167
-0.09303815096989909
-0.15170226631685202
-0.18755992367874452
-0.19303157216779654
-0.18052433447291039
-0.15805106938825264
-0.13071650361824716
-0.10170921305418534
-0.07296269560779467
-0.04559498773983661
-0.020200193534716027
0.002958907871888905
0.058745180349665915
0.14748702242104877
0.2408332295206817
0.33066489606399396
0.4132792969937133
0.4861482072605822
0.5
0.5
0.5
0.5
0.5
0.5
0.5
0.5
0.5
0.5
0.5
0.5
0.5
0.5
0.5
0.5
0.5
0.5
0.5
0.5
0.5
0.5
0.5
0.5
0.5
0.5
0.4532001890982721
0.3131297341975883
0.21473368065593013
0.1261713594600386
0.04307820626996123
-0.033354380018676744
-0.10101644344492666
-0.15790002109779389
-0.18894235392390635
-0.19154286919360275
-0.17742240769217843
-0.1541393687804803
-0.12649879432141475
-0.09749275027960669
-0.06892686321392771
-0.04183683900377688
-0.016764559734220974
0.006059605907859755
0.06815162165017757
0.15815038463460768
0.2514413984895024
0.34070153983095663
0.42241740997430594
0.4941299959090155
0.5
0.5
0.5
0.5
0.5
0.5
0.5
0.5
0.5
0.5
0.5
0.5
0.5
0.5
0.5
0.5
0.5
0.5
0.5
0.5
0.5
0.5
0.5
0.5
0.5
0.5
0.4318783689322537
0.29966327829748196
0.20308447524456535
0.11537442129970965
0.03320332015769423
-0.042053568508436
-0.10828676333669218
-0.16353255625136476
-0.19017251331798302
-0.19014955434332081
-0.1745564319834697
-0.1505356407606887
-0.12261797801412855
-0.09361569590820118
-0.06521742679958964
-0.03838356076337801
-0.013608217738993011
0.008907866544111576
0.07726957585621286
0.16848779746140297
0.2616944371654398
0.35036468102727986
0.4311751807300716
0.5
0.5
0.5
0.5
0.5
0.5
0.5
0.5
0.5
0.5
0.5
0.5
0.5
0.5
0.5
0.5
0.5
0.5
0.5
0.5
0.5
0.5
0.5
0.5
0.5
0.5
0.5
0.4132425800535718
0.2873828121411979
0.1921569361610077
0.10504264520478734
0.023577242102333695
-0.05071002904250377
-0.11571146099059348
-0.1695032742825252
-0.1917134744032395
-0.18903778969919838
-0.17194291080487256
-0.14715660400291164
-0.118936052393109
-0.08991397868421147
-0.06166209121435573
-0.03506540637348077
-0.010570151754474733
0.011652736751215809
0.08712762161505788
0.1797931459493251
0.2729833845980843
0.3610674177045136
0.44093330829271526
0.5
0.5
0.5
0.5
0.5
0.5
0.5
0.5
0.5
0.5
0.5
0.5
0.5
0.5
0.5
0.5
0.5
0.5
0.5
0.5
0.5
0.5
0.5
0.5
0.5
0.5
0.5
0.39661511709268
0.2762737622052893
0.18218255879964484
0.09555197439522178
0.014682278199979804
-0.05876164080437907
-0.12267384295568229
-0.17516633739006215
-0.19326105048455566
-0.18811589144439889
-0.16961817386331968
-0.14411179804446783
-0.11560063784969421
-0.0865511597476929
-0.058426748386889216
-0.032042550887672605
-0.007800364043589414
0.014156555272548332
0.0961401086580661
0.19014822989377334
0.28334391574530265
0.3709103711727305
0.4499279495602783
0.5
0.5
0.5
0.5
0.5
0.5
0.5
0.5
0.5
0.5
0.5
0.5
0.5
0.5
0.5
0.5
0.5
0.5
0.5
0.5
0.5
0.5
0.5
0.5
0.5
0.5
0.5
0.3802308860037288
0.2654370733678616
0.17251697028554625
0.0863983663423869
0.006140922606874488
-0.06645559575542603
-0.1292868809247829
-0.17990213929328736
-0.19431895890398032
-0.18698077264338853
-0.16725075890108498
-0.14112573182913346
-0.112380684794404
-0.08333200144156072
-0.05534540496866025
-0.02917316201649023
-0.005177183886386105
0.025373494062839563
0.109484319802575
0.20341887285574273
0.2957764396775188
0.38207337980876
0.45950082094232947
0.5
0.5
0.5
0.5
0.5
0.5
0.5
0.5
0.5
0.5
0.5
0.5
0.5
0.5
0.5
0.5
0.5
0.5
0.5
0.5
0.5
0.5
0.5
0.5
0.5
0.5
0.5
0.3616933822889192
0.2531278992173624
0.1614907492825336
0.07590800611215437
-0.00370147003612864
-0.07538375881166826
-0.13703460533087997
-0.18282793792688834
-0.19430391881141007
-0.18524892444535057
-0.16459018695923677
-0.13803630295708558
-0.10917261910699361
-0.0801915293233082
-0.05237840097184143
-0.02643405557311962
-0.0026880381558129773
0.03694066204295071
0.12268659451220787
0.21638303020406785
0.3078176577775178
0.3927895046097852
0.4685907577052525
0.5
0.5
0.5
0.5
0.5
0.5
0.5
0.5
0.5
0.5
0.5
0.5
0.5
0.5
0.5
0.5
0.5
0.5
0.5
0.5
0.5
0.5
0.5
0.5
0.5
0.5
0.5
0.34472451112602
0.24180869460475474
0.1513172423711156
0.06620285283135685
-0.012832007578646554
-0.08369246645658002
-0.1442740092980902
-0.18562311273439702
-0.19438440299786586
-0.18374059531715614
-0.16221834623142295
-0.13526136999281402
-0.10628067741643965
-0.07735464404873549
-0.049694709082583555
-0.023954332808160617
-0.00043323486408275436
0.04754188873611487
0.13477939170558523
0.22824446296287648
0.31881999045598547
0.4025656107581634
0.47686668641276275
0.5
0.5
0.5
0.5
0.5
0.5
0.5
0.5
0.5
0.5
0.5
0.5
0.5
0.5
0.5
0.5
0.5
0.5
0.5
0.5
0.5
0.5
0.5
0.5
0.5
0.5
0.47852637479447896
0.32916864448865585
0.22863599318705918
0.13907697688663334
0.054900758232949265
-0.022919310084803968
-0.09227279761319673
-0.15109926736276846
-0.18740937837709737
-0.193151683065376
-0.18079738385920796
-0.15840178474481303
-0.13109761204622772
-0.10209181040961479
-0.07332983834302265
-0.04593744022016388
-0.02051361560035403
0.0026758122432301024
0.05789000836265612
0.14651888272712477
0.23987130412663293
0.3297559536990929
0.4124528632264768
0.4854274974089079
0.5
0.5
0.5
0.5
0.5
0.5
0.5
0.5
0.5
0.5
0.5
0.5
0.5
0.5
0.5
0.5
0.5
0.5
0.5
0.5
0.5
0.5
0.5
0.5
0.5
0.5
0.45514457289127846
0.3143569526193353
0.21579476307395573
0.1271544220630253
0.043976949726543535
-0.032563027824408675
-0.10035550932880777
-0.15738849411953604
-0.1888315785885094
-0.19167085923194682
-0.17768437580048457
-0.15446840277568996
-0.1268529560107804
-0.09784647564361326
-0.06926524148172686
-0.04215181709463145
-0.017052433056530147
0.005799844365466378
0.06736532441191007
0.15725901550430277
0.25055452319795773
0.33986230293260483
0.4216531540124066
0.493462285777424
0.5
0.5
0.5
0.5
0.5
0.5
0.5
0.5
0.5
0.5
0.5
0.5
0.5
0.5
0.5
0.5
0.5
0.5
0.5
0.5
0.5
0.5
0.5
0.5
0.5
0.5
0.4336599231444874
0.30078853360438146
0.20405791567073828
0.1162766655050878
0.034028530834121495
-0.04132659028449115
-0.10767917650126146
-0.16306182168671535
-0.19006970093376185
-0.1902659951741965
-0.1747959485498446
-0.15083681418309636
-0.12294230897443659
-0.09393971274967006
-0.06552743547708717
-0.03867216163620968
-0.013872002816658902
0.008669828720802852
0.07645447990358656
0.16756354913056526
0.2607809565942081
0.34950769060170306
0.4304027268190611
0.5
0.5
0.5
0.5
0.5
0.5
0.5
0.5
0.5
0.5
0.5
0.5
0.5
0.5
0.5
0.5
0.5
0.5
0.5
0.5
0.5
0.5
0.5
0.5
0.5
0.5
0.5
0.4146242724556099
0.28830378522949507
0.1929824563478031
0.10582706856253743
0.024311395834792637
-0.050046596370789564
-0.11513903942577852
-0.16903916528263108
-0.19159008086806617
-0.18911863878625623
-0.1721395880222656
-0.147412533287145
-0.11921566523491645
-0.09019549257572523
-0.061932704059526555
-0.03531810685952674
-0.010801609535387113
0.011443560242087036
0.08637535733404167
0.17892840927866072
0.27211770513496625
0.3602444880038364
0.4401808037583897
0.5
0.5
0.5
0.5
0.5
0.5
0.5
0.5
0.5
0.5
0.5
0.5
0.5
0.5
0.5
0.5
0.5
0.5
0.5
0.5
0.5
0.5
0.5
0.5
0.5
0.5
0.5
0.39788709166716735
0.2771241028701255
0.18294634279135868
0.09627891946410821
0.01536377335279504
-0.058144577597527336
-0.12214005850363863
-0.17473194090433486
-0.19314195977077064
-0.18818602050521638
-0.16979581509924335
-0.14434464703125405
-0.11585579327288142
-0.08680845549834904
-0.05867431613675911
-0.032273874594422214
-0.008012331417668772
0.013964935938042433
0.0954497042128502
0.18935496584237543
0.2825502617169356
0.37015640030151653
0.4492389973103128
0.5
0.5
0.5
0.5
0.5
0.5
0.5
0.5
0.5
0.5
0.5
0.5
0.5
0.5
0.5
0.5
0.5
0.5
0.5
0.5
0.5
0.5
0.5
0.5
0.5
0.5
0.5
0.38161360456391513
0.266339640106256
0.17331493122811686
0.08714927239484832
0.006837408105014486
-0.06583241184849231
-0.1287557536815006
-0.17972362487769167
-0.1943539869948191
-0.1871390150261093
-0.1674742067552687
-0.1413777259035397
-0.11263859811424559
-0.08358236729908997
-0.055580680831611384
-0.02938958688578841
-0.005373365647634132
0.02447937982306375
0.1084609829346233
0.20241003886829423
0.29483521920461586
0.3812313688610419
0.45878193204324275
0.5
0.5
0.5
0.5
0.5
0.5
0.5
0.5
0.5
0.5
0.5
0.5
0.5
0.5
0.5
0.5
0.5
0.5
0.5
0.5
0.5
0.5
0.5
0.5
0.5
0.5
0.5
0.3629906559936056
0.2539943086761123
0.16227012147974146
0.07665198156268643
-0.0030010920110277173
-0.0747459486070774
-0.13647835750492543
-0.182612118379877
-0.1942961176799739
-0.18536293891688504
-0.164770477125454
-0.1382476057485722
-0.10939301768586751
-0.08040783616931768
-0.05258308915376164
-0.026623225092783143
-0.0028600735438796265
0.036130036372978847
0.12176206409690465
0.2154764327517168
0.30697698976107896
0.39204280979821254
0.46795894592227777
0.5
0.5
0.5
0.5
0.5
0.5
0.5
0.5
0.5
0.5
0.5
0.5
0.5
0.5
0.5
0.5
0.5
0.5
0.5
0.5
0.5
0.5
0.5
0.5
0.5
0.5
0.5
0.34591576725070067
0.24260318300566525
0.15203122956680132
0.06688391332813143
-0.012191320700737363
-0.08310949690673697
-0.1437661190864522
-0.1854270807151729
-0.1943788601958315
-0.18384653471084744
-0.1623848711466206
-0.13545617178952296
-0.10648368136862496
-0.07755377655775919
-0.04988308434841582
-0.024128388499293663
-0.0005915015474363683
0.04679855917424536
0.13393148714591846
0.2274127582481162
0.31804849456110623
0.4018800657751164
0.4762863032560293
0.5
0.5
0.5
0.5
0.5
0.5
0.5
0.5
0.5
0.5
0.5
0.5
0.5
0.5
0.5
0.5
0.5
0.5
0.5
0.5
0.5
0.5
0.5
0.5
0.5
0.5
0.4801751843085572
0.33022193968624314
0.2295548809456897
0.13993439482178627
0.05569039167930434
-0.02221790948464364
-0.09168007652446264
-0.1506322859955146
-0.18729280112311153
-0.19324471577637548
-0.1810088593940895
-0.1586734079326867
-0.13139277220743284
-0.1023881226630341
-0.0736141807621491
-0.046202660312847255
-0.02075635219710681
0.0024565627695621317
0.05722768155464458
0.14576906296921455
0.23912629873215946
0.3290519850489566
0.4118127986650129
0.48486931692403923
0.5
0.5
0.5
0.5
0.5
0.5
0.5
0.5
0.5
0.5
0.5
0.5
0.5
0.5
0.5
0.5
0.5
0.5
0.5
0.5
0.5
0.5
0.5
0.5
0.5
0.5
0.4566506029761409
0.315307495698967
0.2166166229478892
0.12791585003734685
0.04467306695554285
-0.0319500916443034
-0.09984358940982552
-0.1569922982104801
-0.18874578262915986
-0.1917699974708248
-0.17788728571293522
-0.15472325785590912
-0.1271272732522205
-0.09812045458490493
-0.06952733308756998
-0.042395783921389985
-0.017275405761028262
0.005598645730426843
0.06675628792589416
0.1565685944915578
0.24986758381311996
0.33921226340637356
0.4210611927884506
0.4929451060999644
0.5
0.5
0.5
0.5
0.5
0.5
0.5
0.5
0.5
0.5
0.5
0.5
0.5
0.5
0.5
0.5
0.5
0.5
0.5
0.5
0.5
0.5
0.5
0.5
0.5
0.5
0.4350399037710899
0.30166014730423407
0.20481193353300864
0.11697553452590131
0.03466772963879494
-0.04076348209704239
-0.10720854835570104
-0.16269719851646802
-0.18999006601480628
-0.19035619115053737
-0.17498147740738146
-0.15107010154533007
-0.12319353370929131
-0.09419069398811486
-0.06576756598078837
-0.038895709742662654
-0.01407632875057696
0.008485446442158984
0.07582310693201272
0.16684762687735216
0.2600733755077259
0.34884386726616023
0.42980438590495057
0.5
0.5
0.5
0.5
0.5
0.5
0.5
0.5
0.5
0.5
0.5
0.5
0.5
0.5
0.5
0.5
0.5
0.5
0.5
0.5
0.5
0.5
0.5
0.5
0.5
0.5
0.5
0.4156945509203233
0.2890171830856585
0.19362191458419142
0.1064346923048809
0.024880079787985843
-0.04953269410433103
-0.1146956357293557
-0.1686796620370995
-0.19149449966516252
-0.18918126618757103
-0.1722919371459879
-0.1476107796674746
-0.11943225710087724
-0.09041355695234699
-0.06214232430230515
-0.03551385193111556
-0.010980899717280002
0.011281529430203885
0.08579264052295893
0.17825856956766012
0.27144713546133475
0.3596070333839048
0.4395979020020859
0.5
0.5
0.5
0.5
0.5
0.5
0.5
0.5
0.5
0.5
0.5
0.5
0.5
0.5
0.5
0.5
0.5
0.5
0.5
0.5
0.5
0.5
0.5
0.5
0.5
0.5
0.5
0.3988723952367815
0.2777827977235144
0.18353798843359248
0.09684202858886537
0.015891675708195052
-0.05766658593410856
-0.12172657670900044
-0.17439544754318836
-0.1930497097358318
-0.1882403445742734
-0.16993342061808758
-0.14452501774797
-0.11605344304790788
-0.08700776318636094
-0.05886608825126605
-0.03245306365711664
-0.008176526578096532
0.013816502876716708
0.09491489834667599
0.18874048221562578
0.2819354761572545
0.3695723545449466
0.4487053168751529
0.5
0.5
0.5
0.5
0.5
0.5
0.5
0.5
0.5
0.5
0.5
0.5
0.5
0.5
0.5
0.5
0.5
0.5
0.5
0.5
0.5
0.5
0.5
0.5
0.5
0.5
0.5
0.38268470172896607
0.26703879636260724
0.17393305643091966
0.08773094731911468
0.0073769270981588475
-0.06534967461027796
-0.12834432644596316
-0.17958534236207202
-0.19438112104963123
-0.18726159463838143
-0.1676472965096406
-0.1415729284180447
-0.11283838584004946
-0.08377630851199136
-0.05576293285589384
-0.029557236337548143
-0.005525334153765549
0.02378677006508234
0.10766827319143202
0.2016285636080657
0.2941061196427207
0.3805791202795091
0.4582250578428172
0.5
0.5
0.5
0.5
0.5
0.5
0.5
0.5
0.5
0.5
0.5
0.5
0.5
0.5
0.5
0.5
0.5
0.5
0.5
0.5
0.5
0.5
0.5
0.5
0.5
0.5
0.5
0.3639955686718822
0.2546654589701556
0.16287384964097018
0.07722829012939486
-0.002458555551313024
-0.07425187935966115
-0.13604746929239242
-0.18244493743325452
-0.19429007483036587
-0.1854512585441832
-0.16491013613516747
-0.1384112881732017
-0.1095637460013571
-0.08057539487694199
-0.05274164763886746
-0.026769762285906773
-0.0029933380489123307
0.03550209745575955
0.12104589060312748
0.2147741507916559
0.30632577907893477
0.3914643940725041
0.46746952262690555
0.5
0.5
0.5
0.5
0.5
0.5
0.5
0.5
0.5
0.5
0.5
0.5
0.5
0.5
0.5
0.5
0.5
0.5
0.5
0.5
0.5
0.5
0.5
0.5
0.5
0.5
0.5
0.34683855699749855
0.24321862215603224
0.15258430955493463
0.06741148708570643
-0.011695021818537543
-0.08265790795352324
-0.14337268929230018
-0.18527522740027547
-0.19437456661958785
-0.18392859921456395
-0.16251386735020856
-0.1356070722678162
-0.10664093552293885
-0.07770803174828511
-0.05002900658929388
-0.024263218281966425
-0.0007141005971232905
0.04622274918900954
0.13327466958845613
0.226768489694671
0.31745086595772154
0.4013490178764415
0.4758367175293269
0.5
0.5
0.5
0.5
0.5
0.5
0.5
0.5
0.5
0.5
0.5
0.5
0.5
0.5
0.5
0.5
0.5
0.5
0.5
0.5
0.5
0.5
0.5
0.5
0.5
0.5
0.4814524127628496
0.33103786082255326
0.23026668511936998
0.14059858219657118
0.05630207068665055
-0.02167457889098945
-0.09122093307988122
-0.1502705451626749
-0.1872024961579396
-0.1933167823697688
-0.1811726761363669
-0.15888381724757517
-0.13162141412062422
-0.10261765702533832
-0.07383444284861018
-0.046408109541193565
-0.02094438488257122
0.0022867240730538585
0.05671461879233586
0.1451882249434771
0.23854919009675823
0.32850666499628317
0.41131698108254033
0.4844369297723632
0.5
0.5
0.5
0.5
0.5
0.5
0.5
0.5
0.5
0.5
0.5
0.5
0.5
0.5
0.5
0.5
0.5
0.5
0.5
0.5
0.5
0.5
0.5
0.5
0.5
0.5
0.4578172298942368
0.3160438217056938
0.21725326614882545
0.12850568043519534
0.04521230521639763
-0.031475288520944944
-0.09944703724138815
-0.1566853901648807
-0.18867932191263326
-0.1918467936517151
-0.17804446728486567
-0.15492067808247134
-0.12733976959008764
-0.09833268886135837
-0.0697303589910293
-0.04258476969647329
-0.017448128708069666
0.005442789787369007
0.06628450558209753
0.1560337686634221
0.2493354549873077
0.33870871858924745
0.4206026375909115
0.4925444794765509
0.5
0.5
0.5
0.5
0.5
0.5
0.5
0.5
0.5
0.5
0.5
0.5
0.5
0.5
0.5
0.5
0.5
0.5
0.5
0.5
0.5
0.5
0.5
0.5
0.5
0.5
0.4361088883962961
0.3023353318791019
0.20539602396797807
0.11751690460187675
0.0351628769305008
-0.04032727744600362
-0.1068439822062216
-0.16241474778734244
-0.1899283778395705
-0.1904260603355834
-0.1751251950056033
-0.15125081466598922
-0.12338814178857238
-0.09438511344518197
-0.06595358005231411
-0.03906887846864726
-0.014234607262456844
0.008342617031823263
0.07533402178463355
0.16629304669066325
0.2595252567031535
0.3483296448562994
0.42934088863295916
0.5
0.5
0.5
0.5
0.5
0.5
0.5
0.5
0.5
0.5
0.5
0.5
0.5
0.5
0.5
0.5
0.5
0.5
0.5
0.5
0.5
0.5
0.5
0.5
0.5
0.5
0.5
0.41652362878569343
0.28956980783427794
0.19411726292648862
0.10690538045203507
0.02532060371210937
-0.04913460613132248
-0.11435215859479142
-0.1684011773405355
-0.1914204588833791
-0.18922977972537558
-0.17240995249548552
-0.14776434875342226
-0.11960003728791124
-0.09058247780110196
-0.06230470400795829
-0.035665483408422904
-0.01111978461953489
0.011156014283609128
0.08534124620247335
0.1777396865784041
0.27092768701708936
0.359113237105122
0.4391463644210971
0.5
0.5
0.5
0.5
0.5
0.5
0.5
0.5
0.5
0.5
0.5
0.5
0.5
0.5
0.5
0.5
0.5
0.5
0.5
0.5
0.5
0.5
0.5
0.5
0.5
0.5
0.5
0.39963564842019395
0.2782930475158505
0.18399629938553724
0.09727823408097336
0.016300608712794262
-0.057296315628058925
-0.12140627817248739
-0.17413478714135844
-0.19297824939375086
-0.18828242604168122
-0.17004001502629418
-0.14466473968551963
-0.11620654999325841
-0.08716215441326558
-0.05901464213958363
-0.032591870240464504
-0.008303718321119091
0.013701521048146426
0.09450061761384371
0.18826448009379376
0.28145924014748486
0.3691199307431918
0.448291907945753
0.5
0.5
0.5
0.5
0.5
0.5
0.5
0.5
0.5
0.5
0.5
0.5
0.5
0.5
0.5
0.5
0.5
0.5
0.5
0.5
0.5
0.5
0.5
0.5
0.5
0.5
0.5
0.3835144138932214
0.26758038910357573
0.17441187946847064
0.08818153459909722
0.007794858807499028
-0.06497572818491659
-0.1280256194318281
-0.17947822352408116
-0.1944021401102628
-0.18735654941855495
-0.16778137834607265
-0.1417241396303105
-0.11299314892941215
-0.0839265426724326
-0.05590411213099944
-0.02968710391054652
-0.005643054676285342
0.023250248483433877
0.107054210394597
0.20102320346485125
0.2935413316867246
0.38007386398516885
0.4577936821333395
0.5
0.5
0.5
0.5
0.5
0.5
0.5
0.5
0.5
0.5
0.5
0.5
0.5
0.5
0.5
0.5
0.5
0.5
0.5
0.5
0.5
0.5
0.5
0.5
0.5
0.5
0.5
0.3647740118587972
0.2551853572502225
0.16334152019872106
0.0776747204368537
-0.0020382863893633196
-0.0738691547248782
-0.1357136870655422
-0.18231543278025142
-0.19428539381235077
-0.18551967425243654
-0.16501832126134275
-0.13853808274072654
-0.10969599858108237
-0.08070519215905736
-0.05286447300980823
-0.026883275511561555
-0.003096569750759004
0.035015672331875136
0.1204911156547242
0.2142301367483645
0.3058213267702446
0.3910163314775655
0.4670903969187307
0.5
0.5
0.5
0.5
0.5
0.5
0.5
0.5
0.5
0.5
0.5
0.5
0.5
0.5
0.5
0.5
0.5
0.5
0.5
0.5
0.5
0.5
0.5
0.5
0.5
0.5
0.5
0.3475533846787603
0.24369536449309176
0.15301274613691013
0.06782016558105153
-0.011310570019260946
-0.08230809014865126
-0.1430679237617919
-0.185157596105749
-0.19437124065410794
-0.18399216946910768
-0.16261379266638565
-0.13572396545983012
-0.10676275051158224
-0.07782752362664469
-0.05014204345110429
-0.02436766250800826
-0.0008090704368984847
0.04577670509398568
0.1327658739779073
0.22626941501520698
0.3169879203397481
0.4009376481793147
0.47548845149789637
0.5
0.5
0.5
0.5
0.5
0.5
0.5
0.5
0.5
0.5
0.5
0.5
0.5
0.5
0.5
0.5
0.5
0.5
0.5
0.5
0.5
0.5
0.5
0.5
0.5
0.5
0.48247500180280756
0.3316898007242519
0.23083464061321918
0.14112798304924995
0.05678910070112575
-0.02124251431303459
-0.09085642562656715
-0.14998408378769867
-0.18713231159951027
-0.19337589801336252
-0.18130478083048207
-0.1590529110802461
-0.1318048949400178
-0.10280171133001692
-0.07401097908502907
-0.046572723012994977
-0.021095011951705933
0.00215069181802624
0.05630300830647317
0.14472208785645213
0.23808592091736552
0.32806879724214083
0.41091874884498925
0.484089530833025
0.5
0.5
0.5
0.5
0.5
0.5
0.5
0.5
0.5
0.5
0.5
0.5
0.5
0.5
0.5
0.5
0.5
0.5
0.5
0.5
0.5
0.5
0.5
0.5
0.5
0.5
0.4587539624666556
0.3166352105631155
0.21776469283830446
0.12897957023105572
0.045645608800376436
-0.031093699131850006
-0.09912826802060215
-0.15643860168640555
-0.18862577013204873
-0.19190837697867036
-0.17817066195934073
-0.15507922147778708
-0.1275104401201741
-0.09850315969553403
-0.06989343978053475
-0.04273657658620578
-0.017586874546372755
0.00531759142553484
0.06590524033193984
0.15560380007921065
0.24890764841520657
0.33830388973812464
0.42023397757592873
0.49222239188768036
0.5
0.5
0.5
0.5
0.5
0.5
0.5
0.5
0.5
0.5
0.5
0.5
0.5
0.5
0.5
0.5
0.5
0.5
0.5
0.5
0.5
0.5
0.5
0.5
0.5
0.5
0.4369681760340851
0.3028780760658375
0.20586554763512716
0.11795209166894216
0.03556091173043996
-0.03997661990220214
-0.10655090770850373
-0.16218767854989558
-0.18987876724021258
-0.1904822022997753
-0.1752407010764362
-0.15139606111607817
-0.12354455943827647
-0.09454138125574052
-0.06610309293022787
-0.039208067249772105
-0.014361828049728964
0.008227813639884729
0.0749409235185794
0.1658473107586098
0.2590847167733062
0.3479163510814223
0.42896836647253495
0.4998326678238558
0.5
0.5
0.5
0.5
0.5
0.5
0.5
0.5
0.5
0.5
0.5
0.5
0.5
0.5
0.5
0.5
0.5
0.5
0.5
0.5
0.5
0.5
0.5
0.5
0.5
0.5
0.41725972813050205
0.29006105930233317
0.19455800066437168
0.10732449652154857
0.025713178436957307
-0.048779500795937514
-0.1140453701786649
-0.16815196665072796
-0.19135304722038182
-0.1892714149249901
-0.17251349462768173
-0.14789962673660595
-0.11974807714745572
-0.09073165422910057
-0.062448179331006215
-0.03579950767239615
-0.011242571096412468
0.01104502956407577
0.08493825792841397
0.1772766175361855
0.27046452033303825
0.3586733948860335
0.438744632791381
0.5
0.5
0.5
0.5
0.5
0.5
0.5
0.5
0.5
0.5
0.5
0.5
0.5
0.5
0.5
0.5
0.5
0.5
0.5
0.5
0.5
0.5
0.5
0.5
0.5
0.5
0.5
0.40031626084330574
0.2787480036395515
0.18440492765882777
0.09766714972187873
0.016665211169030802
-0.05696617786025682
-0.12112068520479302
-0.17390235515354158
-0.19291443942900033
-0.18831981389689756
-0.17013490719321522
-0.1447891656380209
-0.11634291483589854
-0.08729967333446065
-0.059146967568683984
-0.032715516785206455
-0.008417020811486875
0.013599093725122191
0.09413187347988067
0.18784083333258406
0.28103540634729046
0.36871730681251186
0.4479240207668549
0.5
0.5
0.5
0.5
0.5
0.5
0.5
0.5
0.5
0.5
0.5
0.5
0.5
0.5
0.5
0.5
0.5
0.5
0.5
0.5
0.5
0.5
0.5
0.5
0.5
0.5
0.5
0.3842532500218118
0.26806264975702804
0.17483823793203984
0.08858274380877312
0.00816698375003122
-0.06464277559635634
-0.12774185985174824
-0.17926883971953378
-0.19435611890307813
-0.1874078955397367
-0.16788739621918314
-0.14185756237729474
-0.1131368834188674
-0.08407016654794075
-0.05604154345594081
-0.029815055049425943
-0.005760010137912386
0.02269899272466419
0.10642438325520537
0.20040433322180617
0.2929661571749468
0.3795616252854658
0.45735880004893203
0.5
0.5
0.5
0.5
0.5
0.5
0.5
0.5
0.5
0.5
0.5
0.5
0.5
0.5
0.5
0.5
0.5
0.5
0.5
0.5
0.5
0.5
0.5
0.5
0.5
0.5
0.5
0.3655998313048738
0.2557347391236133
0.1638344115696752
0.07814431654984216
-0.0015970258043054297
-0.07346814426609205
-0.135364853823416
-0.18218148054107086
-0.1942826473744289
-0.18559366918380105
-0.1651339760352989
-0.13867313225906752
-0.10983661251736154
-0.08084305618746446
-0.052994848893472835
-0.027003715614326795
-0.0032060685797610233
0.034505101327515664
0.11990882199724118
0.2136589279111426
0.3052913960880834
0.39054535171038096
0.4666915628184534
0.5
0.5
0.5
0.5
0.5
0.5
0.5
0.5
0.5
0.5
0.5
0.5
0.5
0.5
0.5
0.5
0.5
0.5
0.5
0.5
0.5
0.5
0.5
0.5
0.5
0.5
0.5
0.3483041364285113
0.24419602829763248
0.1534626509343906
0.06824929566799082
-0.010906907159274337
-0.08194082369557909
-0.1427479936477941
-0.18503422323123886
-0.19436792111677104
-0.18405910271427295
-0.1627188977180717
-0.1358468783643192
-0.10689081891818342
-0.07795313859446429
-0.05026086603871516
-0.0244774485818392
-0.0009088949808651048
0.045307534851918574
0.1322306671598822
0.22574441228200715
0.3165009043939341
0.40050487121142053
0.4751220432732635
0.5
0.5
0.5
0.5
0.5
0.5
0.5
0.5
0.5
0.5
0.5
0.5
0.5
0.5
0.5
0.5
0.5
0.5
0.5
0.5
0.5
0.5
0.5
0.5
0.5
0.5
0.48370807204642396
0.3324699189947994
0.23151062478363282
0.14175550281426508
0.05736401335067737
-0.02073499507925558
-0.09043107414554741
-0.14965312764364203
-0.1870573673224084
-0.19345366228905192
-0.1814684089585723
-0.15925970223133978
-0.13202807020743212
-0.1030249327766195
-0.07422470338522247
-0.046771782076210466
-0.02127701332982923
0.0019864175201301792
0.05580285213772063
0.14415497611564554
0.2375217284095119
0.3275350087157276
0.41043276505971693
0.4836650675504031
0.5
0.5
0.5
0.5
0.5
0.5
0.5
0.5
0.5
0.5
0.5
0.5
0.5
0.5
0.5
0.5
0.5
0.5
0.5
0.5
0.5
0.5
0.5
0.5
0.5
0.5
0.4598958472987994
0.3173568616139166
0.21838922247167303
0.12955857531706466
0.04617530480370474
-0.030626936171787245
-0.09873803439297169
-0.15613612151030998
-0.1885596323009534
-0.19198308495784844
-0.1783244363512736
-0.15527260961404632
-0.12771871145597302
-0.09871123657620329
-0.07009252515249975
-0.04292191660788358
-0.017756279442558087
0.005164720584874494
0.06544084479825318
0.15507721614781295
0.2483836836972344
0.3378080559262591
0.4197824388804603
0.4918278961805745
0.5
0.5
0.5
0.5
0.5
0.5
0.5
0.5
0.5
0.5
0.5
0.5
0.5
0.5
0.5
0.5
0.5
0.5
0.5
0.5
0.5
0.5
0.5
0.5
0.5
0.5
0.4380200305019908
0.30354248135733874
0.20644034273913237
0.11848487149734621
0.036048228276192806
-0.03954728451462575
-0.10619204826153228
-0.1619096069537549
-0.18981793156072402
-0.19055082805126977
-0.17538200427156092
-0.15157377900195768
-0.12373596087375915
-0.0947326074229442
-0.06628605775762264
-0.039378400955416226
-0.01451751760882991
0.00808731901688653
0.07445994027441688
0.16530193739685772
0.25854571351226974
0.3474106954572844
0.4285126055102527
0.49943956101914094
0.5
0.5
0.5
0.5
0.5
0.5
0.5
0.5
0.5
0.5
0.5
0.5
0.5
0.5
0.5
0.5
0.5
0.5
0.5
0.5
0.5
0.5
0.5
0.5
0.5
0.5
0.41823895824471663
0.29071517732179936
0.19514526344949196
0.10788327215505356
0.026236889126121654
-0.048305425417627834
-0.11363539891286567
-0.16781846301956116
-0.19126167457359056
-0.1893253453393372
-0.17264998099872142
-0.14807850236785647
-0.11994407607973612
-0.09092929054807164
-0.06263833940086183
-0.03597718811645467
-0.011405382406725506
0.010897848443776614
0.0843999030038175
0.17665817237670334
0.26984635628821424
0.35808681796943237
0.4382093559299003
0.5
0.5
0.5
0.5
0.5
0.5
0.5
0.5
0.5
0.5
0.5
0.5
0.5
0.5
0.5
0.5
0.5
0.5
0.5
0.5
0.5
0.5
0.5
0.5
0.5
0.5
0.5
0.4012246900596811
0.2793551971835015
0.1849502737005625
0.0981861843510729
0.017151801007239453
-0.056525576773546304
-0.12073952251793452
-0.17359212749522257
-0.19282918204126198
-0.18836957679572175
-0.17026139872237545
-0.14495506971538652
-0.11652475726744849
-0.08748306515444149
-0.0593234395138561
-0.032880418053829685
-0.008568129017544113
0.013462487951061863
0.09364039150451786
0.18727620924878408
0.2804705544749889
0.36818073990199196
0.44743376334923507
0.5
0.5
0.5
0.5
0.5
0.5
0.5
0.5
0.5
0.5
0.5
0.5
0.5
0.5
0.5
0.5
0.5
0.5
0.5
0.5
0.5
0.5
0.5
0.5
0.5
0.5
0.5
0.385238339139099
0.26870563400895087
0.17540668028625617
0.08911764852817161
0.008663105009213634
-0.06419888750205627
-0.12736356459285836
-0.17896739017411423
-0.1942821173323781
-0.18746988098662276
-0.16802615337193905
-0.1420352339010944
-0.1133297002836745
-0.08426360143899769
-0.056227086052309305
-0.029988072061584714
-0.005918330149707218
0.021949565881573097
0.10556832209169803
0.19956350586136856
0.2921850711807347
0.3788663972430352
0.4567689809327523
0.5
0.5
0.5
0.5
0.5
0.5
0.5
0.5
0.5
0.5
0.5
0.5
0.5
0.5
0.5
0.5
0.5
0.5
0.5
0.5
0.5
0.5
0.5
0.5
0.5
0.5
0.5
0.366726920868769
0.25648419045595044
0.16450658680073516
0.07878457360342866
-0.0009955365161488094
-0.07292165753965563
-0.13488962103618063
-0.1819992211425786
-0.19427926083596492
-0.1856948888879013
-0.1652919670776818
-0.13885753681186574
-0.11002857463265625
-0.08103124153567132
-0.05317279936817676
-0.027168096369317718
-0.0033555110395597776
0.03380916306449416
0.11911512499088595
0.21288030551521409
0.30456899742873517
0.38990326733915553
0.4661477820268391
0.5
0.5
0.5
0.5
0.5
0.5
0.5
0.5
0.5
0.5
0.5
0.5
0.5
0.5
0.5
0.5
0.5
0.5
0.5
0.5
0.5
0.5
0.5
0.5
0.5
0.5
0.5
0.34932752841884473
0.2448785050336959
0.15407593092676264
0.06883425253599101
-0.010356669931366969
-0.0814402040926605
-0.14231190418236217
-0.18486607498642615
-0.1943634248699121
-0.18415037107408494
-0.1628621984914943
-0.1360144519009575
-0.1070654179443099
-0.07812439094800383
-0.050422857168379576
-0.024627119535228115
-0.0010449849906313258
0.04466786522181976
0.13150095763801584
0.22502861162312526
0.31583689259572373
0.3999148073476137
0.4746224658588162
0.5
0.5
0.5
0.5
0.5
0.5
0.5
0.5
0.5
0.5
0.5
0.5
0.5
0.5
0.5
0.5
0.5
0.5
0.5
0.5
0.5
0.5
0.5
0.5
0.5
0.5
0.4853892050432895
0.33353351310825213
0.2324322470112326
0.1426110512529256
0.05814783974270615
-0.020043050147066088
-0.08985115379186326
-0.14920190283261092
-0.18695518390590204
-0.19355967887271897
-0.181691490968104
-0.15954163228383644
-0.1323323385014471
-0.1033292644898034
-0.07451608731543857
-0.047043172120150745
-0.02152514763564295
0.0017624516290970504
0.05512095675052531
0.14338179634109394
0.23675252914508071
0.32680726165108676
0.40977019370001655
0.48308637139126176
0.5
0.5
0.5
0.5
0.5
0.5
0.5
0.5
0.5
0.5
0.5
0.5
0.5
0.5
0.5
0.5
0.5
0.5
0.5
0.5
0.5
0.5
0.5
0.5
0.5
0.5
0.4614526541635974
0.3183407357973047
0.21924068449255568
0.13034797062916081
0.04689747372222797
-0.02999056807104017
-0.09820600380756661
-0.15572373100158765
-0.18846946264927278
-0.19208493952515204
-0.17853408726759235
-0.15553626849242697
-0.12800266153871998
-0.09899492151876987
-0.07036395136231799
-0.04317460286615793
-0.01798724028877774
0.004956301708733457
0.06480770416471349
0.15435929002685228
0.24766932849615125
0.3371320533913329
0.4191668267322191
0.49129005442494716
0.5
0.5
0.5
0.5
0.5
0.5
0.5
0.5
0.5
0.5
0.5
0.5
0.5
0.5
0.5
0.5
0.5
0.5
0.5
0.5
0.5
0.5
0.5
0.5
0.5
0.5
0.4394540921887416
0.3044483083552828
0.2072239983336152
0.11921124493011714
0.036712618654255846
-0.03896194362641736
-0.10570279181391107
-0.16153049384555462
-0.18973499032967323
-0.19064439002233247
-0.17557465213522594
-0.15181607338471936
-0.12399691093000886
-0.09499331852344417
-0.06653550563434352
-0.039610628000043335
-0.014729779333610193
0.007895773539154216
0.0738041844224136
0.16455839429025726
0.25781085517745916
0.34672130213107
0.42789123683241204
0.49890361284355356
0.5
0.5
0.5
0.5
0.5
0.5
0.5
0.5
0.5
0.5
0.5
0.5
0.5
0.5
0.5
0.5
0.5
0.5
0.5
0.5
0.5
0.5
0.5
0.5
0.5
0.5
0.41957400655524724
0.29160697910132505
0.1959459171266162
0.10864508744033641
0.02695089808543849
-0.047659087515771525
-0.11307645832998103
-0.16736377575221473
-0.1911371002773926
-0.189398872188261
-0.17283606177084232
-0.14832237518484725
-0.1202112942107394
-0.09119874103553549
-0.0628975970303669
-0.03621943145805273
-0.01162735368827772
0.010697186819970728
0.08366592861169542
0.17581500574264347
0.2690035729166863
0.3572870993911423
0.4374795780641128
0.5
0.5
0.5
0.5
0.5
0.5
0.5
0.5
0.5
0.5
0.5
0.5
0.5
0.5
0.5
0.5
0.5
0.5
0.5
0.5
0.5
0.5
0.5
0.5
0.5
0.5
0.5
0.4024632108805981
0.28018302375793036
0.1856937795398821
0.09889381812491227
0.017815200680611543
-0.05592487656566447
-0.1202198585586467
-0.17316917388849562
-0.19271294508235326
-0.18843742180271894
-0.17043385287716328
-0.14518125756854638
-0.1167726749187229
-0.08773309518802719
-0.0595640352306116
-0.033105238712308194
-0.008774144693893926
0.01327624438646624
0.09297032206114425
0.1865064203968652
0.2797004550641137
0.36744920322491265
0.4467653634252249
0.5
0.5
0.5
0.5
0.5
0.5
0.5
0.5
0.5
0.5
0.5
0.5
0.5
0.5
0.5
0.5
0.5
0.5
0.5
0.5
0.5
0.5
0.5
0.5
0.5
0.5
0.5
0.3865813754040748
0.2695822563906164
0.17618167483535346
0.08984691903158648
0.009339499490919834
-0.06359370590194646
-0.12684780998481804
-0.17855640434098863
-0.19418122616286726
-0.18755438979056194
-0.168215330051405
-0.14227746508154415
-0.1135925800956662
-0.0845273238464983
-0.05648004837953369
-0.030223957442632843
-0.006134178151263825
0.020927823370515075
0.10440119805432585
0.1984171510616392
0.2911201656833669
0.3779185474930774
0.45596484204928966
0.5
0.5
0.5
0.5
0.5
0.5
0.5
0.5
0.5
0.5
0.5
0.5
0.5
0.5
0.5
0.5
0.5
0.5
0.5
0.5
0.5
0.5
0.5
0.5
0.5
0.5
0.5
0.36826355560744234
0.2575059663547851
0.16542300714887115
0.07965747781773536
-0.0001754869258293601
-0.0721765965303347
-0.13424170517108847
-0.1817507350132157
-0.19427464374712078
-0.18583288831451084
-0.16550736657378096
-0.13910894757004677
-0.11029028910887728
-0.08128780689890891
-0.05341541086060053
-0.02739220737750947
-0.0035592556952772636
0.03286034502448998
0.11803302607789157
0.21181875880214784
0.3035841042040293
0.38902787182349985
0.4654064101950189
0.5
0.5
0.5
0.5
0.5
0.5
0.5
0.5
0.5
0.5
0.5
0.5
0.5
0.5
0.5
0.5
0.5
0.5
0.5
0.5
0.5
0.5
0.5
0.5
0.5
0.5
0.5
0.3507227854897934
0.2458089700957098
0.15491205555340642
0.06963176239925517
-0.009606495618701083
-0.0807576767254109
-0.14171735496177396
-0.18463682751355404
-0.19435729484321518
-0.18427480318376022
-0.1630575697854647
-0.13624291583668036
-0.10730346018822523
-0.07835787045482978
-0.05064371024445413
-0.024831175711164777
-0.0012305253800474203
0.04379576188028822
0.13050609703744503
0.22405271388293568
0.314931601988217
0.39911033478376273
0.47394135937510484
0.5
0.5
0.5
0.5
0.5
0.5
0.5
0.5
0.5
0.5
0.5
0.5
0.5
0.5
0.5
0.5
0.5
0.5
0.5
0.5
0.5
0.5
0.5
0.5
0.5
0.5
0.48768120334231346
0.3349835803566084
0.23368875472474498
0.14377747625903703
0.05921648140318758
-0.019099676475527905
-0.0890605105371699
-0.1485867186078711
-0.18681587058729
-0.19370421819821304
-0.181995633226535
-0.15992600591874284
-0.13274716731845915
-0.10374417977030592
-0.07491335003865152
-0.047413175873716074
-0.021863445324115216
0.001457104317347191
0.05419128427935421
0.14232766990885126
0.23570382960199082
0.32581507659649206
0.4088668669363125
0.48229739716086134
0.5
0.5
0.5
0.5
0.5
0.5
0.5
0.5
0.5
0.5
0.5
0.5
0.5
0.5
0.5
0.5
0.5
0.5
0.5
0.5
0.5
0.5
0.5
0.5
0.5
0.5
0.4635751505351976
0.3196821156637301
0.22040153821869468
0.1314242047617104
0.04788205372627874
-0.029122965919880395
-0.09748065179850407
-0.1551614921149035
-0.18834652848007782
-0.19222380450218968
-0.17881991804034303
-0.15589573184356986
-0.12838978921266198
-0.09938168770980493
-0.07073400442318467
-0.04351910652840929
-0.018302124279315102
0.004672150656740037
0.06394450223017156
0.15338049450553715
0.24669540144288737
0.33621041503013493
0.41832752252531913
0.49055677966837485
0.5
0.5
0.5
0.5
0.5
0.5
0.5
0.5
0.5
0.5
0.5
0.5
0.5
0.5
0.5
0.5
0.5
0.5
0.5
0.5
0.5
0.5
0.5
0.5
0.5
0.5
0.441409242050685
0.30568328140165646
0.20829240713465869
0.12020155722276232
0.03761842540437471
-0.03816391020334864
-0.10503575657765996
-0.16101362421016463
-0.18962191113793703
-0.1907719491618708
-0.17583730153694166
-0.1521464091250735
-0.12435268116720599
-0.09534876297667738
-0.06687559419973699
-0.0399272382814817
-0.015019169591877435
0.00763462709210494
0.07292430440620473
0.16356075322431585
0.2568240578331927
0.34579456746511245
0.4270548743699853
0.4981810602575712
0.5
0.5
0.5
0.5
0.5
0.5
0.5
0.5
0.5
0.5
0.5
0.5
0.5
0.5
0.5
0.5
0.5
0.5
0.5
0.5
0.5
0.5
0.5
0.5
0.5
0.5
0.4213462275045536
0.2927913756886837
0.1970095981468154
0.10965740068104457
0.027899885642437616
-0.04679984262032044
-0.1123331887440232
-0.16675890340010402
-0.19097108182688194
-0.18949622787017328
-0.17308307410366142
-0.14864624780892888
-0.12056623467962413
-0.09155668099911285
-0.06324201659373219
-0.03654125987299062
-0.01192225752682985
0.010430589497806064
0.08268860868366168
0.17469222407553686
0.2678813475863221
0.3562222879231197
0.4365079714862717
0.5
0.5
0.5
0.5
0.5
0.5
0.5
0.5
0.5
0.5
0.5
0.5
0.5
0.5
0.5
0.5
0.5
0.5
0.5
0.5
0.5
0.5
0.5
0.5
0.5
0.5
0.5
0.40411199642276835
0.28128511573800913
0.18668364543422178
0.09983595082158564
0.018698465893672966
-0.05512506328519107
-0.1195279109615266
-0.172605961492298
-0.1925580694819352
-0.18852762291665404
-0.17066333021141922
-0.14548228118254158
-0.1171026378858886
-0.08806588031751206
-0.0598842696706996
-0.033404480213678034
-0.009048358681660429
0.013028346263455282
0.09207849748786356
0.1854818910960136
0.27867552657281885
0.3664756114730363
0.4458758125807803
0.5
0.5
0.5
0.5
0.5
0.5
0.5
0.5
0.5
0.5
0.5
0.5
0.5
0.5
0.5
0.5
0.5
0.5
0.5
0.5
0.5
0.5
0.5
0.5
0.5
0.5
0.5
0.38823570872865254
0.2706733518801119
0.17715302779272674
0.09076557762519843
0.010195621388458587
-0.06282361558656724
-0.1261870840614958
-0.17802482759886207
-0.1940437762196614
-0.1876529744288361
-0.16844755260736366
-0.14257782401904295
-0.11391991536531787
-0.08485644698928874
-0.05679617305281148
-0.03051900302365551
-0.006404324930952443
0.01967170793539913
0.10296466232045781
0.19700329336183453
0.2898035999270021
0.376743369805809
0.4549642576144467
0.5
0.5
0.5
0.5
0.5
0.5
0.5
0.5
0.5
0.5
0.5
0.5
0.5
0.5
0.5
0.5
0.5
0.5
0.5
0.5
0.5
0.5
0.5
0.5
0.5
0.5
0.5
0.3701477314283151
0.2587577450249824
0.16654510729816385
0.080725915520303
0.0008279467906830984
-0.07126521332440616
-0.1334494507825411
-0.1814469607663184
-0.19426910293748134
-0.18600175224010784
-0.16577087800393053
-0.13941648998850198
-0.11061042381464892
-0.08160163641969376
-0.05371216809379964
-0.02766633275280872
-0.003808468049550151
0.03170256861079673
0.1167128802441107
0.21052386242444288
0.30238286868430875
0.3879603380662672
0.4645024700638162
0.5
0.5
0.5
0.5
0.5
0.5
0.5
0.5
0.5
0.5
0.5
0.5
0.5
0.5
0.5
0.5
0.5
0.5
0.5
0.5
0.5
0.5
0.5
0.5
0.5
0.5
0.5
0.35242608503925565
0.24694476041765456
0.15593262085117598
0.07060514329103712
-0.008690939087808158
-0.0799247342702577
-0.14099183970733153
-0.18435722510395258
-0.19435003523781058
-0.1844269015191704
-0.16329624362933326
-0.13652196636015013
-0.10759418453691416
-0.07864300807856939
-0.050913419348877054
-0.02508036697185123
-0.0014571020595358641
0.04273070917506283
0.12929110188288623
0.22286085147883972
0.3138259457624172
0.39812778378001557
0.47310945487693523
0.5
0.5
0.5
0.5
0.5
0.5
0.5
0.5
0.5
0.5
0.5
0.5
0.5
0.5
0.5
0.5
0.5
0.5
0.5
0.5
0.5
0.5
0.5
0.5
0.5
0.5
0.49010977679059053
0.3365325274990607
0.23503915123159735
0.14503718442499558
0.06037632743699711
-0.01806974582403842
-0.08819055864169167
-0.14790182469847013
-0.18664674392629055
-0.19384351568114933
-0.18230910705025782
-0.16032782384233946
-0.13318343396497534
-0.1041819504274224
-0.07533332082325472
-0.04780483277929526
-0.022221856229706405
0.0011334012743876576
0.05322078044740708
0.14122731530265775
0.23460820504374252
0.324777347821315
0.40792083617962904
0.4814697840725361
0.5
0.5
0.5
0.5
0.5
0.5
0.5
0.5
0.5
0.5
0.5
0.5
0.5
0.5
0.5
0.5
0.5
0.5
0.5
0.5
0.5
0.5
0.5
0.5
0.5
0.5
0.46580970840460667
0.3210939052520369
0.2216230103732012
0.13255636393690817
0.04891751073759698
-0.028210852511801776
-0.0967184632909287
-0.15457116189546394
-0.18821858555199578
-0.19237135465052524
-0.17912206067231073
-0.15627526506701483
-0.12879832512399614
-0.09978973032531602
-0.07112434913567323
-0.04388246095779991
-0.018634213261055743
0.004372489826314552
0.06303305859865593
0.15234677204930397
0.24566664571332592
0.33523673084049876
0.41744066744868097
0.489781807133272
0.5
0.5
0.5
0.5
0.5
0.5
0.5
0.5
0.5
0.5
0.5
0.5
0.5
0.5
0.5
0.5
0.5
0.5
0.5
0.5
0.5
0.5
0.5
0.5
0.5
0.5
0.44347274029743
0.3069867872173486
0.20942016876684344
0.1212469329668382
0.03857464469240973
-0.03732141055209026
-0.10433149496905025
-0.16046783728326863
-0.18950235570832863
-0.19090641395834163
-0.17611437698079335
-0.15249494730139124
-0.12472808261709445
-0.09572383544980245
-0.06723447145824557
-0.040261345438291296
-0.015324555770604098
0.007359043774870899
0.07208899372568539
0.16261386536127054
0.2558820681863803
0.3449033166896642
0.426243397839982
0.49747224925258543
0.5
0.5
0.5
0.5
0.5
0.5
0.5
0.5
0.5
0.5
0.5
0.5
0.5
0.5
0.5
0.5
0.5
0.5
0.5
0.5
0.5
0.5
0.5
0.5
0.5
0.5
0.4229007434171652
0.2938341040893434
0.19794832828362424
0.11055234595770136
0.028740196923480288
-0.04603765703677176
-0.11167245536964865
-0.1662196023016027
-0.1908210644238284
-0.1895799528877915
-0.1732997324275335
-0.14893129509516811
-0.12087905910233943
-0.0918723800941611
-0.06354592466936748
-0.03682531524872823
-0.01218259922979592
0.01019520449239858
0.08181107290984824
0.17368362391665915
0.2668735563775485
0.35526652751577015
0.4356364092639039
0.5
0.5
0.5
0.5
0.5
0.5
0.5
0.5
0.5
0.5
0.5
0.5
0.5
0.5
0.5
0.5
0.5
0.5
0.5
0.5
0.5
0.5
0.5
0.5
0.5
0.5
0.5
0.4055900120193977
0.2822733623367575
0.18757146642135908
0.10068112836093362
0.019491003401527318
-0.05440721992217501
-0.1189066660512983
-0.1721000453533107
-0.19241832660132008
-0.18860768758183455
-0.1708683463909635
-0.14575152168948025
-0.11739789780506293
-0.08836373781688045
-0.06017093557026176
-0.03367237914057197
-0.009293867342301976
0.012806388554492565
0.09128044145978459
0.18456519216499195
0.2777585657495074
0.3656046700552999
0.44508013954742637
0.5
0.5
0.5
0.5
0.5
0.5
0.5
0.5
0.5
0.5
0.5
0.5
0.5
0.5
0.5
0.5
0.5
0.5
0.5
0.5
0.5
0.5
0.5
0.5
0.5
0.5
0.5
0.3895878082996089
0.271576872331131
0.17796435022419665
0.09153761015918649
0.01091924285168916
-0.06216855437655733
-0.12562058825730882
-0.17756399195462458
-0.19391774577706045
-0.18772784752287497
-0.16863655878145467
-0.14282541964845652
-0.1141911631564515
-0.0851299344037787
-0.05705929961098988
-0.030764852108598917
-0.006629594410569095
0.01864764635259314
0.10179173415424014
0.19584585248873482
0.28872249172161274
0.37577488270647447
0.45413592057817975
0.5
0.5
0.5
0.5
0.5
0.5
0.5
0.5
0.5
0.5
0.5
0.5
0.5
0.5
0.5
0.5
0.5
0.5
0.5
0.5
0.5
0.5
0.5
0.5
0.5
0.5
0.5
0.3716786312996794
0.2597736746988857
0.16745515427629198
0.08159204278171228
0.0016410536152512423
-0.07052700433942816
-0.13280804713132777
-0.18120109760015513
-0.19426472557634378
-0.18613858935651395
-0.16598434599158873
-0.13966560243749793
-0.11086972383124227
-0.0818558225083893
-0.0539525223754852
-0.027888354143181804
-0.004010310118740867
0.030767781197520883
0.11564727434663113
0.20947882363354997
0.30141358477824465
0.3870990993978495
0.4637733738371203
0.5
0.5
0.5
0.5
0.5
0.5
0.5
0.5
0.5
0.5
0.5
0.5
0.5
0.5
0.5
0.5
0.5
0.5
0.5
0.5
0.5
0.5
0.5
0.5
0.5
0.5
0.5
0.35380213270884137
0.24786222667685687
0.15675694075953772
0.07139129752324452
-0.007951539719829426
-0.07925211035624224
-0.14040602993967655
-0.18413161393616373
-0.19434440612883597
-0.18454998210785956
-0.16348923924300718
-0.13674755786889847
-0.10782918681067943
-0.07887347947542367
-0.05113141126734966
-0.025281769886427496
-0.0016402238048146556
0.04186985416872668
0.12830902523420112
0.22189744553039514
0.3129321943864608
0.3973335158387786
0.47243693611437293
0.5
0.5
0.5
0.5
0.5
0.5
0.5
0.5
0.5
0.5
0.5
0.5
0.5
0.5
0.5
0.5
0.5
0.5
0.5
0.5
0.5
0.5
0.5
0.5
0.5
0.5
0.49199347019550854
0.3377370335403686
0.2360912713344624
0.14602014043576017
0.061282753077517294
-0.017263391089923585
-0.08750783152272701
-0.1473624238635305
-0.1865102440249058
-0.19394813392075305
-0.18255007457264238
-0.16063813806491312
-0.13352100658696298
-0.10452103885612962
-0.07565882671012802
-0.04810851821056439
-0.022499841269835064
0.0008822859577305442
0.052471598904973826
0.14037791316304882
0.23376222185854972
0.32397578359077195
0.40718979391576193
0.48082991626179844
0.5
0.5
0.5
0.5
0.5
0.5
0.5
0.5
0.5
0.5
0.5
0.5
0.5
0.5
0.5
0.5
0.5
0.5
0.5
0.5
0.5
0.5
0.5
0.5
0.5
0.5
0.4675393855828638
0.32218660983701497
0.22256833362198264
0.13343249772950605
0.0497187396132962
-0.027505145748852322
-0.09612884780087538
-0.15411460765173057
-0.18811991768966807
-0.19248590226373108
-0.179356238758398
-0.15656931575092514
-0.12911479524252156
-0.1001057906685997
-0.07142668492890247
-0.04416388195328613
-0.01889141271885264
0.004140409590060956
0.062326890256089396
0.15154580903938358
0.24486948791312985
0.3344822069329385
0.41675339069596884
0.48918119678979394
0.5
0.5
0.5
0.5
0.5
0.5
0.5
0.5
0.5
0.5
0.5
0.5
0.5
0.5
0.5
0.5
0.5
0.5
0.5
0.5
0.5
0.5
0.5
0.5
0.5
0.5
0.4450712711802215
0.3079965977714061
0.21029384797286665
0.12205679975513245
0.03931545253507229
-0.03666869149409935
-0.10378585997915823
-0.1600449648176674
-0.18940968798535007
-0.19101053962790182
-0.1763289872963616
-0.15276492394343055
-0.12501887419039925
-0.0960143758358386
-0.06751246876111261
-0.04052015636233186
-0.015561119249984379
0.007145566178292484
0.0714419285676835
0.16188037228624852
0.2551523742237193
0.34421293142294335
0.42561481253069455
0.4969231955822857
0.5
0.5
0.5
0.5
0.5
0.5
0.5
0.5
0.5
0.5
0.5
0.5
0.5
0.5
0.5
0.5
0.5
0.5
0.5
0.5
0.5
0.5
0.5
0.5
0.5
0.5
0.4241049347985256
0.2946418421077317
0.19867550407495177
0.11124560356313762
0.02939113231613144
-0.04544724134848965
-0.11116062891213296
-0.16580184230611672
-0.19070485771552503
-0.18964481145209044
-0.17346756581228884
-0.149152104883987
-0.12112138589347532
-0.09211693353822814
-0.06378134419846604
-0.037045356004910435
-0.012384270376997852
0.010012865832454976
0.08113130160015314
0.17290232531744792
0.2660928842279606
0.3545261601125484
0.43496126465200635
0.5
0.5
0.5
0.5
0.5
0.5
0.5
0.5
0.5
0.5
0.5
0.5
0.5
0.5
0.5
0.5
0.5
0.5
0.5
0.5
0.5
0.5
0.5
0.5
0.5
0.5
0.5
0.4067349375905984
0.28303889477656374
0.18825920548542585
0.10133583423809767
0.020104932360264727
-0.05385115182042366
-0.11842542669939138
-0.17170814395353862
-0.19231007666019573
-0.18866970875671507
-0.17102715966079596
-0.14596008550991857
-0.11762661722404966
-0.08859446941020943
-0.0603929977254245
-0.03387990369189198
-0.009484047552121622
0.012634451795728141
0.0906622370457148
0.1838550824283936
0.27704825311658365
0.3649300057781236
0.4444637809976551
0.5
0.5
0.5
0.5
0.5
0.5
0.5
0.5
0.5
0.5
0.5
0.5
0.5
0.5
0.5
0.5
0.5
0.5
0.5
0.5
0.5
0.5
0.5
0.5
0.5
0.5
0.5
0.39063519560160037
0.2722767733475992
0.178592831185918
0.09213565569084564
0.011479787347936643
-0.06166111923275053
-0.12518175921213182
-0.17720701125000304
-0.193820117809532
-0.1877858470137569
-0.16878297006310383
-0.14301721653456334
-0.11440128190175436
-0.08534178804838566
-0.05726312734795391
-0.03095529606538905
-0.0068040966309145245
0.017854369694553507
0.1008831398401212
0.1949492552196832
0.28788502461517984
0.37502465615255814
0.4534942595425293
0.5
0.5
0.5
0.5
0.5
0.5
0.5
0.5
0.5
0.5
0.5
0.5
0.5
0.5
0.5
0.5
0.5
0.5
0.5
0.5
0.5
0.5
0.5
0.5
0.5
0.5
0.5
0.37286452399523934
0.2605606520830789
0.1681601109355924
0.08226297757358098
0.002270916779301302
-0.06995515986314293
-0.13231119171269823
-0.1810106427362086
-0.19426133471052698
-0.18624458854254644
-0.16614970633596382
-0.13985857432365179
-0.11107058739065234
-0.0820527246264462
-0.054138709854754885
-0.028060340274284168
-0.004166664587586522
0.030043659663388067
0.11482181588791912
0.20866929722985594
0.30066274096094076
0.38643195149030296
0.46320858844114493
0.5
0.5
0.5
0.5
0.5
0.5
0.5
0.5
0.5
0.5
0.5
0.5
0.5
0.5
0.5
0.5
