0.0
-0.13199999999999995
0.0
-0.3427131733333334
-0.11852016583111107
-0.19590341660368576
-0.016164508631181518
-0.22658803931981358
0.0
-0.24431041789150504
-0.020408008496492214
-0.3053168197412948
-0.11332227238510428
-0.5029561556504711
-0.4558761187731
-0.6631415747357232
-0.6750535379477182
-0.7200549397222767
-0.6880978810977614
-0.6369412640665619
-0.5797180565331925
-0.5203123837905222
-0.460703711494813
-0.40245992754761845
-0.3470107238404391
-0.2956691911640064
-0.24960471808003995
-0.20981048743812886
-0.1770753328616083
-0.151962523828744
-0.13479634006502228
-0.10014246198947499
-0.0012277574961100449
0.17634266318882189
0.29842022243768773
0.4383928083601758
0.5586813675823499
0.6595765247042182
0.7424942219904364
0.7731050704006625
0.7718626562018063
0.7520709463117305
0.7222908940266258
0.6879482653469887
0.6524063775432757
0.6176805762907275
0.5714248531530067
0.4657257658158985
0.3493796861581249
0.2352926855009036
0.12868010384564915
0.032876308530467524
0.0
0.0
-0.07889651349153431
-0.211810764188533
-0.3126387391081339
-0.40555958334596665
-0.4931675649940114
-0.5737464875085592
-0.644941686170373
-0.7045826403332398
-0.7341963692558169
-0.7340317418583537
-0.7164835784722788
-0.6895321517066605
-0.6582391466693885
-0.6257458281363945
-0.5939379081126398
-0.5638873987392945
-0.5361453722523842
-0.5109351595679269
-0.4882791618853055
-0.4304152472309611
-0.33459376905121174
-0.233998559339188
-0.13790537616819687
-0.05037074265229574
0.0
0.0
0.12000128819965294
0.2475284840859226
0.34741127085768
0.4388849087275155
0.5236268977363201
0.599881353689771
0.6654678206995647
0.7092514382062391
0.7184263428000042
0.7069982964566295
0.6840257234099492
0.6552913098851967
0.6244179831649729
0.5936127930786566
0.5641617495635586
0.5367581055026961
0.5117193648697042
0.48913004743892946
0.4109577502425554
0.3185492359599177
0.22622222542662868
0.13909380185930045
0.06014655768641182
0.0
0.0
-0.08586476390361777
-0.21355519997066302
-0.309577372800128
-0.39719201581859725
-0.4790087360059151
-0.5535246234968566
-0.6186360995472648
-0.6724218112027871
-0.6929361051138354
-0.689217845606364
-0.6715064206414625
-0.646378674514591
-0.6179919139972088
-0.58891305752451
-0.5606707148900748
-0.5341219029562548
-0.5096948622607704
-0.4875491563714814
-0.4057079272987521
-0.31091960239380184
-0.21679705286490586
-0.12833913991781112
-0.0485211890784156
0.0
0.0
0.10154019379897888
0.22225463421909258
0.3163835934931079
0.403026583845263
0.4839461976575596
0.5574875386769673
0.6215424700574856
0.6742172706910167
0.6930627399012539
0.6883644836842455
0.6701171507496515
0.6447357098838635
0.6162708914631984
0.5872198794697668
0.5590660402748928
0.532637380466691
0.5083438482387889
0.4863337545595057
0.40794622808393477
0.3145088324553261
0.22114194014152438
0.13315076604536907
0.053571577502192824
0.0
0.0
-0.10358895718370248
-0.22448526109279499
-0.3188961204538657
-0.4057710944482492
-0.4868377408180871
-0.5604326063632936
-0.6244469872542158
-0.6769906212657457
-0.6945365995691674
-0.6890165559834145
-0.6702614774740424
-0.6445773552523434
-0.6159425273841045
-0.5868062400739978
-0.5586202487084049
-0.5321918324726734
-0.5079174525388389
-0.48593673668248905
-0.4051673148929133
-0.31136201305469163
-0.21812076719073573
-0.13042336585708658
-0.051228198111795506
0.0
0.0
0.10751839280070069
0.22665870871326105
0.32055206532858194
0.4071195096581416
0.4878825407865771
0.561144305664693
0.6247993943636718
0.6769688095957188
0.6938539756809667
0.687977143045697
0.6690580480167497
0.6433294864711299
0.614721948439053
0.5856536764282539
0.5575565820463418
0.5312254647599944
0.5070491391016746
0.48450036531109114
0.40177415153821117
0.307572562972068
0.2143567260230076
0.1268628553291009
0.047989896683248906
0.0
0.0
-0.11363693001588876
-0.23062788477308227
-0.32404800855166166
-0.41040172194669144
-0.4909212930138851
-0.5638584521483984
-0.6271081485663985
-0.6788042765741666
-0.6943130321964085
-0.6876127894394177
-0.6682283686532532
-0.6422634565182609
-0.6135633736866464
-0.5844904880356866
-0.5564403286593367
-0.5301842482274166
-0.5060961693308056
-0.4799739656698493
-0.39661785682635
-0.3025246420774552
-0.20968467891306974
-0.122722079515383
-0.04449570369964882
0.0
0.0
0.12025819462054887
0.2349859100971409
0.32792333840972226
0.414064834818488
0.49433416939289626
0.5669281996023104
0.6297423793330704
0.6801500460693778
0.6944350548110878
0.6870149375776401
0.6672356184433273
0.6410824430153067
0.6123228043300228
0.5832680690197362
0.55528066598702
0.5291107142004675
0.5051187385512342
0.47503609924203694
0.3909769954296771
0.29699722502276216
0.20456617597933935
0.11818403927038187
0.0406654877809734
0.0
0.0
-0.127926071140206
-0.2400838239509184
-0.33249194328945864
-0.4184113635466107
-0.49841119506765347
-0.5706247824047774
-0.6329477651006165
-0.6813448589373551
-0.69440471442335
-0.6862704022117748
-0.6661057600525125
-0.6397757632692628
-0.6109686125816898
-0.5819439091099949
-0.5540305421604987
-0.527957166063145
-0.5040708086702628
-0.46985470149315395
-0.3850575172162573
-0.2911918254626624
-0.1991842895457927
-0.11340602278456907
-0.03662564583335591
0.0
0.0
0.1361430212058954
0.2455324359020915
0.33736789960140284
0.42304695298611905
0.5027573979784752
0.5745641911040632
0.6363630059664221
0.6826300467660988
0.6943911165977564
0.6854988937379403
0.6649245494549888
0.6384056849503323
0.6095466921883987
0.5805523815487246
0.5527161358557426
0.5267438799078628
0.5029683435582322
0.4646422987924308
0.3791097694443776
0.2853569233958021
0.19377128525193682
0.108595694849599
0.03255292496870654
0.0
0.0
-0.1442854088442311
-0.2509278074931469
-0.34219553926928115
-0.42763744515471913
-0.5070629334133496
-0.5784689849589711
-0.6397511612120804
-0.6839197597290237
-0.6944003115144802
-0.6847598737992358
-0.6637801035580988
-0.6370732999854627
-0.6081613992329967
-0.5791952961596154
-0.5514334259952839
-0.5255593343101822
-0.5018916665021818
-0.45952077735414554
-0.3732718509372066
-0.2796380124533492
-0.188474631507163
-0.10389785192991517
-0.02858514043804415
0.0
0.0
0.1522327178568494
0.25620901896797327
0.3469299756993077
0.4321453406817779
0.5112962233497694
0.5823134215542056
0.6430924018227601
0.6851971436707153
0.6944179014466372
0.6840409935260524
0.6626617969099861
0.6357694427513773
0.6068048116986909
0.5778657951981113
0.5501764689666534
0.5243983731049047
0.5008363012025009
0.45449584695606454
0.3675414858353324
0.27402178568198793
0.18327035718215878
0.09927915568744507
0.024681252256237643
0.0
-0.004176139022396469
-0.15985185096038732
-0.26182693402936513
-0.35205241679701016
-0.4369558403896445
-0.5157129156409377
-0.5862131705419175
-0.6463605749376888
-0.6862893454594868
-0.6941927353712788
-0.683056091703924
-0.661275231889488
-0.6342074665305726
-0.6052070396556616
-0.576315290002072
-0.5487197224976206
-0.5230585362484559
-0.49962190593234285
-0.4492953493140488
-0.36162362387194635
-0.26821131270835996
-0.17787046718442356
-0.09446883241977726
-0.020594878489212723
0.0
0.016074941204314575
0.16742400067932986
0.26841745616630386
0.35819222626660163
0.44260138609047506
0.5207182284201252
0.5904322717274935
0.6496719432560298
0.6870896926520174
0.6934924980794547
0.6815093898643546
0.6593001873658572
0.6320665384457913
0.6030605818361191
0.5742571850177295
0.5468010280483668
0.5213031218481954
0.4980367447617723
0.4443244476343201
0.35598737099384653
0.2626138540849887
0.17258642237646946
0.08967060258888679
0.016417578408647146
0.0
-0.02801881698413397
-0.17501600736525502
-0.27501694536895804
-0.3643331869278311
-0.4482411615146597
-0.5257114459162076
-0.5946336269874628
-0.6529607247405195
-0.6878744068872197
-0.6927813559003713
-0.6799550096056359
-0.6573196762930034
-0.6299216687832577
-0.6009112411961474
-0.5721969385275726
-0.5448807163919483
-0.5195464654320208
-0.4964506136796568
-0.43950516786394417
-0.3505301007064995
-0.2571919830000395
-0.16746395060702557
-0.0850140540862974
-0.012357822355641757
0.0
0.03947362390078096
0.18225633714938577
0.28128357064629544
0.37014357432573486
0.45355729050598687
0.5303965956983412
0.5985513459190595
0.655998348586482
0.6885407598035811
0.6920344555360808
0.6784146370743211
0.6553816385774826
0.6278340842093563
0.5988253915321047
0.5702010983032199
0.5430225975299471
0.5178480555837448
0.49491793938225614
0.4348363645698924
0.34523652211263184
0.2519260787395331
0.1624822898319379
0.08047902700673674
0.00839740248933378
0.0
-0.05054397670508681
-0.1892422075559071
-0.2873228102090898
-0.37573804473903744
-0.4586712291894657
-0.5348987398369204
-0.6023106970303107
-0.6589069028766588
-0.6891688242236504
-0.6913039164567512
-0.6769218432187273
-0.6535073804703889
-0.6258170193252893
-0.5968109889253389
-0.5682741983109534
-0.5412290134642181
-0.5162088542725848
-0.4934388368557073
-0.43034678135416815
-0.3401468882956956
-0.2468628098048977
-0.15769187078074917
-0.07611755288682173
-0.004587925395228246
0.0
0.0611919411599639
0.19596535410932628
0.29313747899858544
0.3811264399302041
0.4635986748691081
0.5392387230636548
0.605936941739073
0.661715233187361
0.6897807179241404
0.6906069837123229
0.6754902916275624
0.6517078910072862
0.6238794323620673
0.5948754233991447
0.5664223974331011
0.539505141311786
0.5146332443743017
0.49201703813617403
0.4259144481623764
0.3351222751736224
0.24187219148177685
0.15297977504934565
0.07183765099033092
0.0008607281697257246
0.0
-0.0717345438233167
-0.20264807691364714
-0.29893179974961537
-0.38650500643119906
-0.46852445397790476
-0.5435841911655316
-0.6095749560765772
-0.6645406672100083
-0.690398844185603
-0.6899096688540981
-0.6740545112560576
-0.6499021067385435
-0.6219346126128041
-0.592932385905226
-0.5645633037093774
-0.5377743920820683
-0.5130512936295517
-0.49058948227175436
-0.4210208318235565
-0.32956246052529836
-0.23636527498310167
