0.0
-0.08399999999999996
0.0
-0.20963754666666667
-0.07035252792888885
-0.12701208334639397
0.0
-0.16467732944399316
0.0
-0.13829233249844608
0.0
-0.1357917969573776
0.0
-0.15702022347036454
-0.06927831594773326
-0.47816185514906584
-0.5636950569771195
-0.6807055565458423
-0.6768858567992361
-0.6449646528330789
-0.6049056395835763
-0.5615716630190674
-0.5167345901118814
-0.4715543840961722
-0.4270685684907609
-0.38426708907923746
-0.3440821817955315
-0.30736282277468585
-0.2748489643440392
-0.24714929743569425
-0.22472375916195067
-0.2078713383735708
-0.1967234476178138
-0.19124292410084381
-0.12274387705299553
0.16838507888113452
0.3705276499140375
0.5130120464859976
0.6356326492009445
0.7437447805923982
0.8135551042776888
0.8334793155273839
0.8234199374347041
0.7962793432980317
0.7603213176748324
0.7207481211567577
0.6807521212208472
0.6248605328776352
0.5137789764226071
0.39252116152928285
0.273290513005035
0.16125394299574047
0.05984160681992598
0.0
0.0
-0.04841770248450042
-0.1826177931226387
-0.2809155210692278
-0.3713618278865289
-0.45740158786121915
-0.5375086249433958
-0.6093508652753946
-0.67071723514672
-0.715716490955929
-0.7253254860677208
-0.7138565851407845
-0.6905675327001135
-0.6613691780128901
-0.629965587280335
-0.5986140252352286
-0.5686305145908499
-0.5407252424186566
-0.5152242864602331
-0.49221549195821035
-0.43261073420199403
-0.3365108193725562
-0.23592455516969665
-0.13987866604787438
-0.0523748630857946
0.0
0.0
0.1583607159408225
0.27111549960489023
0.3676509601686332
0.45775405517240014
0.5411574052934335
0.6157382772876301
0.679288964175738
0.7168736664712005
0.7221031895089794
0.7082141615439924
0.6837524983198965
0.6541601137353755
0.6228339962853059
0.5918319598529588
0.5623419402894086
0.5349931794119471
0.5100617940712665
0.4720959653855074
0.3887537071673996
0.29721995719257777
0.20746185344449797
0.12360381516170965
0.048327586779615225
0.0
0.0
-0.13720511386708448
-0.24475314114768032
-0.33574882972546194
-0.42083758649261216
-0.5000636550059833
-0.5714733003003007
-0.632967106520659
-0.6799776367472783
-0.6922860738984067
-0.6838033287083337
-0.6635404634924422
-0.6372625570973507
-0.6085930573264636
-0.5797500990143364
-0.5520364738021091
-0.5261648271292784
-0.5024727528481626
-0.44762098137736833
-0.35890100998500035
-0.2652784142646042
-0.17500886786812653
-0.09183534402381396
-0.01830886765657229
0.0
0.03111919335853991
0.17422084938966256
0.2725886173681832
0.3608314846256704
0.44389204930158266
0.5206886646865748
0.5891129314962098
0.6471263703698552
0.6841098372736908
0.6903861622218532
0.6784617264034477
0.6564168222256185
0.6294021471041397
0.6006377518900862
0.5720788010044352
0.5448583448443592
0.5195809757335156
0.4965168705414861
0.4374788358879833
0.3482426145022415
0.2550774109421945
0.16565623748021757
0.08357487893203977
0.011323324536652732
0.0
-0.05587409845980451
-0.1919819723826157
-0.2893073858611934
-0.3773138089835855
-0.4598826230255052
-0.5357366753917808
-0.6027647555227496
-0.6589762515021049
-0.6888947308236835
-0.6908409475656749
-0.6763683243801958
-0.6529245972663209
-0.6252420111484549
-0.5962650550466204
-0.56776853700116
-0.5407684462172283
-0.5157942728274771
-0.49306879992722347
-0.42651240929774814
-0.33589267137153067
-0.24291601370100463
-0.1542817026569774
-0.07335274482977079
-0.0025339964119335256
0.0
0.07400156512649114
0.20346214036681878
0.29923680638585837
0.3864955858643587
0.468245801211408
0.5430569260306424
0.6088206363975733
0.6635863863249972
0.6895849455781933
0.6892124798373902
0.6734552273716993
0.64938556889721
0.6214884374084939
0.5925463392896546
0.5642288435118938
0.5374843286545075
0.5127995339552015
0.4903708337353849
0.4176324074237428
0.32574023635540605
0.23276725415918087
0.1446398971381459
0.06453820545645648
0.0
0.0
-0.0901606131435298
-0.21438749477863794
-0.30913044318982
-0.3959728381471
-0.47718786810032654
-0.5512137433900163
-0.6159432700939235
-0.6694601369457641
-0.6913471248145918
-0.6884983150712312
-0.6713253487380694
-0.6465197881866787
-0.6183151631953681
-0.589328881904107
-0.5611228613354353
-0.5345759699063525
-0.5101306772624304
-0.4879557174618495
-0.4098370642361091
-0.31678216730711306
-0.2237519644411364
-0.13601207332819623
-0.05658677076909975
0.0
0.0
0.10293212649723937
0.22308750093608587
0.3170421221286576
0.4035704614195618
0.48437076565245235
0.5577786337146639
0.621688160372372
0.6742104544851606
0.6927661228845957
0.6879112786534565
0.6695918350665904
0.6441906950490193
0.6157376262899996
0.5867162287463589
0.5586011734876947
0.5322149978144931
0.5079642979812583
0.4854554625006
0.4029589690805262
0.30898784643582045
0.21595905470385818
0.12859639535948186
0.049794604817196275
0.0
0.0
-0.11458216768282137
-0.2309042922444916
-0.32408097730442553
-0.41028245440450495
-0.4906744932497482
-0.5634979291033736
-0.6266480610771918
-0.678261045241744
-0.6938985726592883
-0.6872912162376712
-0.6679747615279729
-0.6420603621523155
-0.6133984441317661
-0.5843548837248099
-0.556327636074889
-0.5300897443081398
-0.506016319759211
-0.4772252611588142
-0.39352344424875585
-0.2996388204741603
-0.20718207176644127
-0.12068597267463543
-0.042977031504253374
0.0
0.0
0.12626298717328538
0.2385972017272728
0.33092528161023727
0.41675429352874016
0.49670594164750054
0.5689243122934008
0.6313056435423207
0.6804653370614747
0.6940080770287044
0.6861726925496752
0.6661867931318026
0.6399577246981415
0.6112017524790959
0.5821969899307319
0.5542844703654428
0.5282007548703884
0.5042979661468068
0.4697146479789727
0.3849261444278244
0.29114752434089747
0.19924069721313897
0.1135607584089344
0.03687071303384598
0.0
0.0
-0.13744766578919476
-0.2461088597073875
-0.337707480563913
-0.4232458232236258
-0.5028323933128335
-0.5745188113578829
-0.6362010908287228
-0.6823857289532219
-0.6941090998492586
-0.6852068935256425
-0.6646391775755566
-0.6381363598841492
-0.609298229663977
-0.5803267038164
-0.552513393358582
-0.5265631819345835
-0.5028082293670928
-0.4630387818279523
-0.37730472892927136
-0.28365059291292644
-0.19226197254800986
-0.10733317544657808
-0.031569680661215016
0.0
0.0
0.1475012559678917
0.25287609320128834
0.343826953945567
0.42910983059426633
0.5083728794354456
0.5795847039060263
0.6406410653485148
0.6841406282194528
0.6942210394653839
0.684354568615818
0.6632600880453967
0.6365084809690004
0.6075945139150408
0.5786513912284867
0.550926148220457
0.5250950906463616
0.5014723624888451
0.4569391461168697
0.37034310639379686
0.27681002062307164
0.1859027807389344
0.10166760302873809
0.02675700075160105
0.0
0.0
-0.15669807481421813
-0.2590496409820809
-0.34939913216607404
-0.43444191032024554
-0.5134039487990207
-0.5841777925113044
-0.644659020206507
-0.685715236576175
-0.6943015501754776
-0.6835590911766499
-0.6619869738977975
-0.6350107465206417
-0.606029504547502
-0.5771138670411616
-0.5494702764103693
-0.5237490210218109
-0.5002478496446289
-0.4512673202200861
-0.3638698478677482
-0.27045303903059126
-0.17999768537767977
-0.09641155071189927
-0.022297646768142443
0.0
0.012347370978568695
0.16495491770988574
0.2662067809717934
0.35608834636333564
0.4406263923431979
0.5189254512805227
0.5888751304881302
0.6483962730643799
0.6866992666856325
0.6936357129151904
0.6819581404288708
0.6599082241052283
0.632741655410398
0.6037460686617734
0.574919480404341
0.5474215216980819
0.5218727288878418
0.498552330787447
0.4456792076808385
0.3575299936279926
0.2641702063248493
0.17408364257350745
0.09105977028630925
0.01765858727516874
0.0
-0.025376819361784125
-0.1732701424819906
-0.27345678274563373
-0.36285058819563276
-0.4468512709726269
-0.5244515704851717
-0.5935411392289139
-0.6520676326324156
-0.6876014016990706
-0.6928821296948366
-0.680269770644051
-0.6577459760775793
-0.6303949184047831
-0.6013917175385994
-0.5726611349511012
-0.5453155996287551
-0.5199456747496781
-0.49681195649764437
-0.4404511922800217
-0.35160473605907966
-0.25827361865361415
-0.1685020056749536
-0.08597477222144367
-0.01321365399581205
0.0
0.03766339076169928
0.18106748099962144
0.2802258421568537
0.3691419037751801
0.45262153212327466
0.5295518273462978
0.5978226561137157
0.6554071156420628
0.6883689642621985
0.6921149413811706
0.678639021186387
0.6556804855553476
0.6281636666964592
0.5991588613704859
0.5705226103083102
0.543323408314845
0.5181239422625613
0.49516749921815834
0.4354957134420921
0.3459866336878181
0.2526818482969563
0.1632082767284882
0.08115154240012477
0.008997085254134632
0.0
-0.049283163528205914
-0.18841552072683912
-0.2865881033974387
-0.3750428243990345
-0.45802224337215675
-0.5343133534341297
-0.6018062821930885
-0.6584982472389985
-0.6890509914530883
-0.6913609517721184
-0.6770785679894883
-0.6537156369595474
-0.626046484727788
-0.5970430498093882
-0.568497873691842
-0.5414382482283432
-0.5164007283665839
-0.4936123856903422
-0.43080388708839445
-0.3406668170327397
-0.24738665935722298
-0.1581950977070577
-0.07658374469117786
-0.005003665145698208
0.0
0.06031569325309177
0.19539025424995293
0.2926260057287584
0.38064218521845883
0.46314636818718136
0.5388304695950845
0.6055848544207967
0.6614296314745111
0.6896976448648712
0.6906457318372737
0.6755985300707664
0.6518520936227733
0.6240384854092405
0.5950363628350763
0.5665775717708011
0.5396503280603769
0.5147664037362465
0.49213749203820784
0.4262607500368378
0.3355160540924938
0.24226656276847686
0.15335581207069496
0.07218305684309459
0.001165632332795305
0.0
-0.07104644663029616
-0.20218810489237715
-0.29851830434820975
-0.38611095301637616
-0.4681544328789081
-0.5432484384150295
-0.6092836621253365
-0.6643025666040505
-0.6903303875278213
-0.6899432050794496
-0.6741461804462108
-0.6500238143613609
-0.622068669821724
-0.5930679354981825
-0.5646939414053118
-0.5378965873551153
-0.5131633448626489
-0.49069082853290885
-0.42131326133368113
-0.3298987077273878
-0.23670608066710014
