0.0
-0.07799999999999996
0.0
-0.18868309333333333
-0.0433760318577779
-0.09141190958345513
0.0
-0.12991265360734983
0.0
-0.09859546399533031
0.0
-0.08295721729593197
0.0
-0.07900243856144107
0.0
-0.16107641539223505
-0.16905145787456924
-0.3069860717032087
-0.33549153335121884
-0.34595810482615824
-0.3567247358755445
-0.37080284201394437
-0.38795146520975365
-0.4072250633978278
-0.4275328221464461
-0.44778223232252945
-0.4669343729869755
-0.4840384705175382
-0.49825915573582447
-0.5088986518545705
-0.5154139195857913
-0.5174284648420139
-0.5147385929893464
-0.5073140565528279
-0.4952932201598451
-0.5063669019415867
-0.5528838937519157
-0.5703267708357328
-0.5700461354970241
-0.5594269426780119
-0.5159133099749659
-0.38957002442051303
-0.25105693618608516
-0.11827670882489333
0.0
0.0
0.04338791802137662
0.206347955523673
0.3216743840335997
0.42693435479594655
0.5270797954586852
0.6204480285528742
0.704268823326622
0.7758829234242594
0.8217662187370691
0.827366704533635
0.809203075512061
0.777936184941614
0.7403510436242973
0.7006796765670144
0.6614825986720352
0.6242349143046938
0.5897149102904996
0.5582607251071489
0.5299390233555002
0.5046550845360361
0.43043682931690275
0.3456485833783215
0.2606104347871505
0.17946394355648604
0.10488956158931734
0.03903726503376853
0.0
-0.09758273527537872
-0.23672889143600803
-0.3403480851208115
-0.43403229403453597
-0.5207368844358474
-0.5989227518878693
-0.6664054098129556
-0.7116399312505892
-0.7215602547034754
-0.7104338193992794
-0.6874908048872596
-0.6586258100703836
-0.6275339518676584
-0.5964681913975801
-0.5667431444500909
-0.5390693428695533
-0.5137742174507518
-0.4409111754412143
-0.34855496894490134
-0.2546800357306053
-0.1652146041414282
-0.08337276460104126
-0.011543831898201587
0.0
0.038774824416069054
0.17497612845458096
0.2706643808698866
0.3571658530197743
0.43877709680660815
0.5143164690035482
0.5816842485654505
0.6388672212152551
0.6776859495904204
0.6853081531123255
0.6743863721029922
0.6531009001171473
0.6266712127390822
0.5983649702334247
0.570170552546828
0.5432444023758575
0.5182077695079741
0.4953428444141233
0.4302056602640597
0.3389759752466231
0.24497085456973505
0.1552507663401867
0.07327773766352903
0.0014988036417078743
0.0
-0.08360857325608628
-0.21001578208923163
-0.30532458456991857
-0.3925377743659118
-0.4742094263488114
-0.5488175843890442
-0.6142418466977392
-0.6685396439708895
-0.6927201185766101
-0.6911521240204156
-0.674613924574727
-0.65003875531659
-0.6218185362429967
-0.5926736707576503
-0.5642323260285483
-0.5374153347962014
-0.5126911576318728
-0.49024408210894505
-0.4164413775166926
-0.3246119069388044
-0.23194562501886562
-0.144175824454906
-0.06443357970758004
0.0
0.0
0.09562636019563553
0.21797360429927432
0.3123098883146556
0.3989717705830379
0.4799776744855584
0.553720385254654
0.6180929354590893
0.6711903625817714
0.691837018904199
0.6882429533899176
0.6706456531182741
0.6456212818932545
0.6173272077370643
0.5883308408997344
0.5601615134550119
0.53367706831988
0.5093065974459815
0.4867832770568506
0.40452160737872567
0.3107912113858439
0.21795324685580159
0.13071664798917726
0.051971659313098995
0.0
0.0
-0.11528444748041417
-0.23075921971901953
-0.3235805823842533
-0.4095472494703327
-0.489752241644783
-0.5624251483692847
-0.6254618978685125
-0.6770007220226223
-0.69306726712537
-0.6867459260680254
-0.6676197700449672
-0.6418316514055825
-0.6132532396602105
-0.5842646423087442
-0.5562733433836481
-0.5300587621603564
-0.5060002728737789
-0.4750873242000793
-0.39111218174046547
-0.29739442359363494
-0.2052424107708563
-0.1191162025067535
-0.0418165939109056
0.0
0.0
0.13146060785973207
0.2416065267807843
0.33335461325284477
0.4188811550018881
0.49853768979394797
0.5704209234453519
0.6324272902673056
0.6806489854309686
0.6936360986948265
0.6854920992966069
0.6653550074113914
0.6390731321008729
0.6103240632832261
0.5813607803936361
0.5535081632226538
0.5274925531639668
0.5036597546213644
0.46525832649154575
0.379891320919616
0.2863270230675505
0.19490337996094803
0.10984989100368639
0.033884725058643775
0.0
0.0
-0.14553924855957204
-0.25119292369237456
-0.3420863721964263
-0.4272894909954916
-0.5065168321201196
-0.5777501499909145
-0.6388857268026509
-0.6832275620698947
-0.6938388178843162
-0.6842986683835408
-0.6633971445573903
-0.6367523764751364
-0.6078903971854943
-0.5789650110004289
-0.5512367449989991
-0.5253906698675401
-0.5017465600764197
-0.4569182556078156
-0.370348893569376
-0.276906065072492
-0.18609621589385494
-0.10195148696796816
-0.02711948761357394
0.0
0.0013498751604554826
0.15757696290453618
0.25954221341028233
0.3497031910348225
0.4345934192044249
0.51340897290022
0.5840399739023977
0.6443851276009136
0.6853862980587031
0.6939544995555474
0.6832162705820012
0.6616612506499514
0.6347089056485697
0.6057544895267573
0.5768662522918104
0.5492492283154842
0.5235529192385157
0.5000746835167227
0.44976062172918513
0.36217682533788514
0.2688515195713797
0.17857905131926702
0.09522234223815954
0.021368384620120626
0.0
-0.017522039218573537
-0.16803702036770451
-0.2687537725191687
-0.35836251879313524
-0.4426268252531428
-0.5206049877463497
-0.5901869193697518
-0.6493043849709993
-0.6867243887223545
-0.6931440969943254
-0.6811857251533986
-0.6590047783917523
-0.6318002349382361
-0.6028226382040179
-0.5740459558145298
-0.5466144125176488
-0.5211388429648506
-0.49789251971284937
-0.4432498189934661
-0.35478537307424896
-0.26147905024234797
-0.1715828194463632
-0.08883074316954463
-0.015762712639519103
0.0
0.03243510749416312
0.17761355652939473
0.27714040798228357
0.36621121033221005
0.44987578309126686
0.5270650174287957
0.5956688309563591
0.6536496246626581
0.687843021809374
0.6923306634791894
0.6792786712392496
0.6565404177982501
0.6291155532959811
0.6001238354860274
0.5714540553042774
0.5441955306518195
0.5189242096136397
0.49589165851716077
0.43738167906031444
0.3481333498865813
0.2548481222215478
0.1652929506610016
0.08308656746288615
0.010726615206387763
0.0
-0.04577517696682498
-0.18610210769228516
-0.2845238365434903
-0.3730836499867127
-0.45618808260274724
-0.532653554881023
-0.6003702301500062
-0.6573281493967407
-0.6887033688666723
-0.6915084866321343
-0.6775089799775263
-0.6542928849455276
-0.6266848556891644
-0.5976898794273774
-0.5691220451015924
-0.5420225559309992
-0.5169368252023169
-0.4940974539148009
-0.43205169674317817
-0.3420869237682774
-0.24882066946320772
-0.1595762894600882
-0.07786706699158694
-0.006152063854866385
0.0
0.05802013915448745
0.19387102992916647
0.29126703421351036
0.3793499722531066
0.46193438375885454
0.5377314021048423
0.604631429085289
0.6606498903461127
0.6894610020269561
0.6907363551620852
0.6758764102394184
0.652227475567699
0.6244547920951931
0.5954588071511882
0.5669855761721052
0.5400324913636443
0.5151171702039876
0.4924549567180447
0.42712576219259846
0.33650038395429455
0.24325656396530387
0.154304658022331
0.07305973935928355
0.001944952138106637
0.0
-0.06944650938857733
-0.20110819623575188
-0.2975409063553841
-0.3851746679193405
-0.467270777332406
-0.5424419944416252
-0.6085789386928502
-0.663720717787913
-0.6901526499622088
-0.6900090519536101
-0.6743514711665677
-0.6503017812171613
-0.6223772196214425
-0.5933811809456945
-0.5649965639720412
-0.5381800942632874
-0.5134235919314749
-0.49092638798062016
-0.42195252901625857
-0.33063382939851915
-0.2374541006203604
-0.14885596955112979
-0.06814310548180995
0.0
0.0
0.07962277792261699
0.2078053304218576
0.3034956046976588
0.39080201981350265
0.47251167505167146
0.5471530922082958
0.6126178046209723
0.6669666726608827
0.6909909102084586
0.6894054527673485
0.6729315796370001
0.6484657569976979
0.6203765109444437
0.5913696601157136
0.5630645537334648
0.536376950646937
0.5117726405501355
0.48943475745679754
0.41665347237861616
0.32455817290657063
0.231385493585392
0.14310006258547558
0.06289249932071314
0.0
0.0
-0.0888000732030052
-0.2139467022023488
-0.3090155857284061
-0.3960582518206015
-0.4774413465183207
-0.551618636296166
-0.616482650365329
-0.6701140245526901
-0.6918543979862304
-0.6888983217573388
-0.6716456448446864
-0.6467798673476574
-0.6185289789492258
-0.5895065570227079
-0.561271849517986
-0.5347018480891278
-0.5102376884028718
-0.48804714444090913
-0.41167803561634303
-0.31883881203272935
-0.22565900488732377
-0.13765529186862327
-0.05791253245807111
0.0
0.0
0.09751185767873366
0.21977722419277265
0.3142566309901793
0.40104933259594444
0.4821228888732923
0.5558600913928893
0.6201543925444788
0.6731051767412375
0.6926788123634615
0.6884221862393326
0.6704303033032964
0.6451846840610441
0.6167800292369642
0.5877424295722576
0.5595741277063194
0.5331153433011419
0.5087838252276694
0.48673277546304766
0.40698220095743987
0.31344201873634636
0.22025580412681434
0.13251803210399257
0.05321387151934295
0.0
0.0
-0.1057649450572534
-0.22530106574659137
-0.31922218208405895
-0.40577822081620585
-0.48655869370281235
-0.559879152564193
-0.6236339168606437
-0.6759401239652028
-0.6934615972551417
-0.6879731095069133
-0.6692809799896529
-0.6436754545386809
-0.615125008281663
-0.586072880647547
-0.5579673285349279
-0.5316137467503348
-0.5074077351267847
-0.48479735296205484
-0.402156364835667
-0.30805685712155195
-0.21493055829384872
-0.127505850073511
-0.048678956266823656
0.0
0.0
0.1138256447735464
0.23067084411451538
0.3240343813995624
0.41035098394499325
0.4908391964691587
0.5637486304768362
0.6269744384659277
0.6786510848214709
0.6941949528622935
0.6875202538093428
0.668154698733221
0.6422039474228151
0.6135146735674979
0.5844501782304461
0.5564066386824421
0.5301558616692903
0.5060720911290533
0.47870609259995306
0.3951823559366101
0.30117887769651064
0.20851039167757787
0.12175885961511276
0.04376826741876688
0.0
0.0
-0.1229603557798053
-0.2366531343216121
-0.32933617463431186
-0.41534987338082263
