0.0
-0.02999999999999997
0.0
-0.021047466666666736
0.12564032568888878
0.10130994025054774
0.02597779841040132
0.1196214070811581
0.03004857454854387
0.0822712789643959
0.0
-0.0046426771805183065
0.0
-0.14129229168239732
-0.07543097529964654
-0.2707317651851191
-0.23871805374399496
-0.2988574343090549
-0.3265498409197482
-0.3516958644968871
-0.3793662975279312
-0.4094120145671381
-0.44059490105008586
-0.4714868783771795
-0.5006922641809304
-0.5269257740232196
-0.5490563404151264
-0.5661389663076195
-0.5774386459218362
-0.5824467805789872
-0.5808899633001764
-0.5727310905466132
-0.5683686789622628
-0.5869415473378238
-0.5996178534509166
-0.595303787807057
-0.5812514118579418
-0.562111430731053
-0.526535152999027
-0.4001099955815943
-0.25333669691944793
-0.11099610140937113
0.0
0.0
0.0
0.16388196046134615
0.31078211369418063
0.4314079119232965
0.5434445636414519
0.647587680650207
0.7412818184435607
0.8216653914297293
0.8646455458459227
0.8667210794022202
0.8448197582779366
0.809850410388163
0.7687413603773069
0.7258007104615352
0.683622540597699
0.6436892609983835
0.6067708172431189
0.5731882245543379
0.5429866261764381
0.5160481300068832
0.4690899693550011
0.38670592521501146
0.2980958107108772
0.2114812916936002
0.13055157367913123
0.0578365879074768
0.0
0.0
-0.13421242233268668
-0.26391509774158406
-0.36638097302573824
-0.459926643706263
-0.5460075140156477
-0.6228116693453759
-0.6881577247555271
-0.7209326981190736
-0.7231801541103042
-0.7075036485004766
-0.6820284135549836
-0.6519176640351364
-0.6203844993167131
-0.5893660591503075
-0.5599716715693801
-0.5327798912351585
-0.5080346161606062
-0.43677616699519617
-0.3430892783912385
-0.24748202618773463
-0.1564511128003505
-0.0733599122592262
-0.000649786767408983
0.0
0.017180429651380724
0.16609042677077565
0.2661059594111578
0.35528086749672116
0.43925316644803847
0.5170592712223302
0.5865858355578129
0.6457622732606763
0.6847100170883385
0.6921078720879241
0.6807649501985974
0.6589613792734238
0.631979075004123
0.6031236354440087
0.574405450295291
0.5469927309558408
0.521512013007486
0.49824676117066075
0.45246186418106255
0.36413104702777865
0.26900698073479407
0.17681375500891672
0.09165213357670993
0.016197044416676742
0.0
-0.01723691576747241
-0.17082047800693553
-0.2731749718547318
-0.36402264269831175
-0.44931311636631777
-0.5281193169777035
-0.5983157755562954
-0.6578188061092034
-0.6930069878430323
-0.6978552544942856
-0.6847781513601948
-0.6617905886718508
-0.6339961202785256
-0.6045803162716066
-0.575472726570644
-0.547787057851601
-0.5221130461846782
-0.49870926673398247
-0.4525666498852138
-0.3654433226507706
-0.27172823929084067
-0.180830502519563
-0.09676035729619292
-0.022155287543919336
0.0
0.000701070329892417
0.15891408934653445
0.26181898057557496
0.35262540420795413
0.4380113728281448
0.5171937896796399
0.5880611743073734
0.6485094294008557
0.6878754482028462
0.6953825173932207
0.6839636583916219
0.6619792619766456
0.6347625926259626
0.6056515204397894
0.5766761894109665
0.5490164120085994
0.5233050684265833
0.49982862752181845
0.45208425902146177
0.36463781341760865
0.27090007141944084
0.18007286525172406
0.09611924330354854
0.021662209579001432
0.0
-0.005421764211116509
-0.16120728408400897
-0.2633652048049719
-0.3537419655400325
-0.43874106393595996
-0.5175325969054757
-0.5880059188118403
-0.648067481081506
-0.6871238988696067
-0.6944822271727542
-0.6830149158757549
-0.6610427030009417
-0.6338731086873439
-0.6048274796375428
-0.5759255264745905
-0.5483406300311772
-0.5227018502935602
-0.49929352398093335
-0.45052340817747566
-0.36293775642311965
-0.269282106719547
-0.17861529426689376
-0.09486543872562297
-0.020642419389878167
0.0
0.010538617147551804
0.16440965863569074
0.26612020464474073
0.356289365433841
0.441069943291383
0.5195869985839058
0.5897292966538155
0.6494131746170823
0.6874998104446103
0.6942757471889167
0.6824771290341978
0.6603343785263829
0.6330954120793599
0.6040424514255792
0.5751697111429465
0.5476341231424567
0.5220542838294259
0.49870800822722705
0.44796708687618136
0.3600950940747968
0.26656811838948236
0.17617277600273173
0.09277148869335569
0.018950239352593518
0.0
-0.01715287641445387
-0.16846050909967347
-0.2695418047790037
-0.3593993966208364
-0.44385714442667423
-0.5219821494618646
-0.5916636104276228
-0.6508318668524206
-0.6876709485907244
-0.6937110118526896
-0.6815067389586291
-0.6591684893929297
-0.6318650960991294
-0.6028270036486539
-0.5740148055019003
-0.5465638500827819
-0.5210791011811513
-0.49782996617220326
-0.444590975610641
-0.35626921731273437
-0.2628114727345757
-0.1726779182132539
-0.08965308513123012
-0.016294796455869925
0.0
0.025330484486918714
0.17351754768613473
0.2738482299222236
0.3633420193898376
0.44741876525005675
0.5250740197894752
0.5941971861048769
0.6527355968364777
0.687998238265753
0.6931036960277777
0.6803795256636149
0.6577857504092963
0.6303921269766443
0.6013641868076386
0.5726203311118133
0.5452687852580141
0.51989734764172
0.4967648079077575
0.44094545529762497
0.3521463959356159
0.25874880007933826
0.16887881007640898
0.08624123742883934
0.013364905042559647
0.0
-0.03461497049237322
-0.1793266775011356
-0.2788389611247406
-0.3679432680373939
-0.45160521305570794
-0.528739724737753
-0.5972363802658023
-0.6550617465863124
-0.6884679840518879
-0.6924692594122368
-0.6791273158210918
-0.6562261886221632
-0.6287196129567766
-0.599697069282035
-0.5710274954866191
-0.5437872912493339
-0.5185440875481211
-0.49554417551789287
-0.4370914663679296
-0.34778513126355615
-0.2544288599862063
-0.1648125430210729
-0.08256084862185478
-0.010173335476049622
0.0
0.0442112261163376
0.18534879881548338
0.28402342382900453
0.37273020552809827
0.45596657804455176
0.5325643969930897
0.6004134970418777
0.6575004018365692
0.6889645672563376
0.6918104849918786
0.6778219202564477
0.654598863186681
0.6269737130286389
0.5979564135804537
0.5693641703899475
0.5422400957633875
0.5171307254289053
0.49426927553526767
0.4331013991386727
0.3432644715384725
0.24994270969644025
0.16058093927823044
0.07872166322167316
0.006834446043169504
0.0
-0.05396430654428033
-0.19147404635932008
-0.28929965348428455
-0.3776039476038064
-0.4604088409906443
-0.5364618129932397
-0.6036529714322615
-0.659989135596956
-0.6894733670499715
-0.6911412945577338
-0.6764933356544702
-0.6529418786670402
-0.6251956409632541
-0.5961834907964775
-0.5676698994917635
-0.540664046458162
-0.5156909623043239
-0.49297053343349784
-0.4290838492626304
-0.3387113743193692
-0.2454198469114377
-0.15630952321359154
-0.07484088808698693
-0.0034535507692042416
0.0
0.06370714777867759
0.19760340827080167
0.29458638845005847
0.3824926068860698
0.46486960739563654
0.5403806543577945
0.60691610116588
0.6625030154099409
0.6899996862728444
0.6904844221091385
0.6751735058275445
0.6512911944704517
0.6234221670071702
0.5944139758429746
0.5659781959004507
0.5390899640555975
0.5142527315251644
0.49167300451565116
0.42488752729434215
0.333955206876504
0.2407067636343772
0.15187246354319117
0.0708246794418329
0.0
0.0
-0.07375674022719425
-0.2039962465543725
-0.3001414341449532
-0.38765605330058134
-0.46960371023024644
-0.544561842826423
-0.6104213364763442
-0.6652304006505131
-0.690593293032097
-0.6898065750135727
-0.673782051156842
-0.649542361708486
-0.6215392423044174
-0.5925330795674528
-0.5641787358008542
-0.5374148396469908
-0.512721691134863
-0.4902914335820261
-0.42010834143384035
-0.32851391108938294
-0.23530695292135645
-0.14678487658854428
-0.06621720951869255
0.0
0.0
0.08234699127451872
0.20971019194486365
0.30525714530080306
0.39251394093683983
0.4741482237361254
0.5486670600693799
0.6139622168219118
0.6681003654348335
0.6913641078686699
0.6893185981809671
0.672579760334294
0.6479742092575738
0.6198243345004459
0.5908056360369309
0.5625176756633291
0.5358634193101769
0.5113004943760352
0.4890069251211189
0.41536217693739935
0.32306446318942145
0.22986575028892836
0.14162804810982949
0.06151795555073536
0.0
0.0
-0.09070020976870585
-0.2152694576351422
-0.3102351069014543
-0.39724062294151674
-0.47856900143528996
-0.5526590276840693
-0.6174034320371393
-0.6708869406385766
-0.692100962389554
-0.6888269766968372
-0.6713916847132256
-0.646430095647032
-0.6181381768847682
-0.5891084674471895
-0.5608864891912301
-0.5343403636842573
-0.5099055708709902
-0.48774634751087986
-0.41078224589280093
-0.3178016276995081
-0.2246018634884327
-0.13662933907300134
-0.056952479408763246
0.0
0.0
0.09884300438134769
0.22070504236957378
0.315112838079316
0.40188013553752644
0.4829159480875156
0.5565925650508464
0.6208035614814034
0.673651169050888
0.6928560204520362
0.6883764634643533
0.6702563397424007
0.644943250326438
0.6165094940935878
0.5874664420389435
0.5593067314453696
0.5328643732503867
0.5085531561391669
0.48652380401761003
0.40636202366903074
0.31272458670732345
0.21952511271738173
0.131809403285946
0.05255123975413839
0.0
0.0
-0.10668631322943298
-0.2259435267854394
-0.319815181799638
-0.4063536909293584
-0.4871080641943922
-0.5603865892244627
-0.6240836724594703
-0.6763184239738976
-0.693584280724978
-0.6879412784233433
-0.669160270533126
-0.6435079903824924
-0.6149373845182027
-0.5858814889540142
-0.5577819024158235
-0.5314397160411116
-0.5072477846471924
-0.4842237796237421
-0.4014955716906977
-0.30739357344434487
-0.21429817175802815
-0.1269256540029545
-0.04816791717599543
0.0
0.0
0.11455381938511691
0.23116688675367428
0.3244856344073688
0.4107845405058728
0.4912493404976339
0.5641237811425104
0.6273030773234797
0.6789232468318636
0.694277490484531
0.6874885291836822
0.6680575985388161
0.6420728108378914
0.613369254891468
0.5843026233433875
0.5562641319233239
0.5300223833052783
0.5059495804246478
0.4782452658013904
0.39465311293635985
0.30065070222756896
0.2080101357050232
0.12130330178776522
0.04337058018784466
0.0
0.0
-0.1235763069290759
-0.237083756398461
-0.32973489583903415
-0.4157381773088655
