0.0
-0.14999999999999997
0.0
-0.3606197333333333
-0.15281206897777777
-0.391686979462637
-0.116676008008049
-0.4037742307002101
-0.053162984278756875
-0.3788795740635643
-0.04419127385422916
-0.2764278225696814
0.0
-0.11073054043015013
0.0
0.034734056259574375
0.09398902057590533
0.1592078237768009
0.19475718665618727
0.227384584109631
0.261614758543118
0.29730227765882755
0.3333303550405007
0.3684169030155857
0.4013147030421062
0.43088207931530503
0.45612266772443094
0.4762141599038521
0.4905296372305466
0.49865189246473857
0.5003806497713555
0.4957326773711235
0.5002435440381308
0.5182432786097146
0.5205100770455051
0.5134921240447319
0.5013513088663717
0.48673675029057756
0.4679524572048164
0.3638502837543588
0.24559123675787237
0.13082426846793133
0.025760834952021583
0.0
-0.053645443059420816
-0.24789627308220066
-0.38173855852307326
-0.501176604992344
-0.6126182790768118
-0.7144723249082339
-0.803829059393803
-0.8685735264663903
-0.8831918247742153
-0.8679127264622853
-0.8358254567190607
-0.7952912717023376
-0.7515535467266049
-0.7078110973471085
-0.6659322334226726
-0.6269285349314347
-0.5912680908554773
-0.5590816196386177
-0.5302972380100572
-0.5047278103172156
-0.43302115527174045
-0.34384673262974946
-0.2533807385631289
-0.1671079298800544
-0.08809099304984924
-0.018639783382578393
0.0
0.0048158517865402595
0.17573209646063806
0.28540996165601024
0.38101084459041024
0.4699483997002635
0.5515328465577682
0.6236420849658284
0.6841699991072143
0.7084643424428354
0.7062910936732771
0.6887534963951286
0.6629913904051644
0.6335253545164049
0.6031534410980027
0.5735483635081411
0.5456542680193145
0.5199495341516825
0.49662012278251366
0.4162459645043397
0.3214269380644179
0.22678360214102528
0.13754099784630552
0.05674261164018837
0.0
0.0
-0.06146076296245723
-0.1966836776355443
-0.2942394136520625
-0.3825622350977502
-0.4653146397476454
-0.5411746258798419
-0.6080271974504995
-0.6638909628147865
-0.6911473811502452
-0.6914428411957426
-0.6759804953046281
-0.6519753175045531
-0.6240053467891149
-0.5949133224282969
-0.5664072784446385
-0.5394597048778773
-0.5145720411734327
-0.49194923847997063
-0.43305870837583227
-0.3418997292245413
-0.24664770421123933
-0.15541745764153425
-0.0719299543228238
0.0
0.0
0.04278005431909271
0.18718773617450613
0.2874329490948804
0.3772680448548826
0.4614273862690515
0.5387712271366147
0.6071792644276564
0.6646252037670433
0.6940769386992286
0.695529469181791
0.6805684896318511
0.6566603553503938
0.6285471631017393
0.5991777132028508
0.5703277053652451
0.5430119853591662
0.5177577601669584
0.49478496155425217
0.44068571927585715
0.351974208462259
0.25832667065234843
0.1681485926984533
0.0852114426451707
0.012065388221063456
0.0
-0.02258260818595617
-0.173517841792211
-0.27496502326483985
-0.3651909231705972
-0.4498605094977548
-0.528007590169495
-0.597519317730977
-0.6563352472055071
-0.6904520266914649
-0.6947836061057617
-0.6815358146231987
-0.6585869096401253
-0.6309517076520318
-0.6017588101644985
-0.5729017821314271
-0.5454721350558392
-0.5200464100679801
-0.4968758065121699
-0.4435172522214262
-0.3549165713418193
-0.26119207943934286
-0.1708450471727062
-0.08767212002415378
-0.014235365905272648
0.0
0.019625454772419004
0.17063160555173612
0.27181234037482355
0.36178845314613733
0.44630283727117737
0.5244065624392877
0.5939883978136072
0.6529834105516563
0.6886784144555164
0.6940073510519352
0.6813751363793612
0.658792583858392
0.6313625562748546
0.6022719510983416
0.5734527677617288
0.5460217132686466
0.5205717176785575
0.497364526966327
0.4448199851567932
0.3564754504214357
0.2628467387419482
0.17251794005440146
0.08930424624766266
0.01577419017959672
0.0
-0.020472093216611253
-0.1710164097373933
-0.27205190899341647
-0.36194663800278726
-0.4463923213848033
-0.5244309220262311
-0.5939508170541558
-0.652888388596413
-0.6886024410029324
-0.6939457434588814
-0.68132454703891
-0.6587505876559865
-0.6313273703030371
-0.6022422435693184
-0.5734275271645358
-0.5460001582917892
-0.5205532347829888
-0.49734862676977526
-0.44390062222319465
-0.3554744285710835
-0.26195535114481094
-0.17179151066623183
-0.08876496712100151
-0.015432359455317873
0.0
0.02407816970886939
0.17304565936309685
0.27364557511226456
0.3633041722947592
0.44752255073288094
0.5253097160325256
0.5945546302159916
0.6532016385483138
0.6884072780313409
0.6934619942934249
0.6806929035006292
0.6580595239282763
0.6306310905704158
0.6015726256250875
0.5728020500703453
0.5454271464767079
0.5200353111950172
0.49688497277952254
0.4418964903647807
0.35320928841406396
0.25974973027591597
0.16976096882071762
0.08697603058789977
0.013933862838836228
0.0
-0.030507559260230133
-0.17693886901078998
-0.27690618558006325
-0.36624857427477187
-0.45014424528992714
-0.527545292193518
-0.5963409674118075
-0.6544890973634638
-0.6885365085555388
-0.6929093056600077
-0.6797655554608573
-0.65695294164489
-0.6294670496661833
-0.600424694631528
-0.5717125056536775
-0.5444181870493892
-0.5191164623370442
-0.4960579527119875
-0.43909881188245253
-0.3500488317316015
-0.2566374043537976
-0.1668522559299077
-0.08436541188534838
-0.011693597210928344
0.0
0.03822228233642225
0.1817006360013621
0.2809542198417979
0.3699487817975197
0.4534810020121453
0.5304354956168952
0.5987017941550089
0.656253833664729
0.6888206835721591
0.6923167080856861
0.6786862068565966
0.6556353826462602
0.6280665916478501
0.5990355764611368
0.5703892789964211
0.5431898987065132
0.5179960249390624
0.49504830559480445
0.43578173610973236
0.3462959979118584
0.2529294410021917
0.16337314204702832
0.08122837614737335
0.008986083617436982
0.0
-0.04670883821453947
-0.18698583879053254
-0.28547785900709605
-0.37410606673779057
-0.45725052107636854
-0.5337220517339295
-0.6014104887754838
-0.658307484912455
-0.6891957122179446
-0.6916954199097183
-0.6775095779522327
-0.6541846375897659
-0.6265176612142552
-0.5974953934658154
-0.5689199189795184
-0.5418245920030615
-0.5167497384566802
-0.49392470181144166
-0.4321883154986475
-0.34222559298484845
-0.2488960898488249
-0.15957570093088835
-0.07779061845072156
-0.006004402145191504
0.0
0.05571975929060258
0.19262532535268945
0.29032300560644136
0.37857242915429423
0.4613130426275093
0.5372775443668296
0.6043560300834021
0.6605589153902826
0.6896381268567523
0.6910624929406158
0.6762756563681259
0.6526523824714184
0.6248765555302941
0.5958607395607182
0.5673587781465619
0.5403729914797746
0.5154240444299005
0.4927291001237649
0.42844764673869656
0.3379878384564462
0.24469099239238698
0.15560950269879376
0.0741925262871529
0.0028754987653023256
0.0
-0.06492706353686639
-0.19840383126422445
-0.29529810997983963
-0.3831663499963851
-0.4654988087477278
-0.5409484801546238
-0.6074057069908869
-0.6629000538571362
-0.6901150157191017
-0.6904303127758079
-0.6750227529118232
-0.6510904338270184
-0.6232007676382062
-0.5941899698313764
-0.5657622251993825
-0.538887900725791
-0.514067411468913
-0.49150536952022267
-0.4244054524011126
-0.33340707153712246
-0.24015784691963277
-0.15134911095115292
-0.07034400364258642
0.0
0.0
0.07466172538143062
0.2046065260924627
0.30069318173983817
0.38818397879443545
0.4701012936777084
0.5450151954322561
0.6108166325539877
0.6655557322197583
0.6906898336152367
0.6897653825959461
0.67366218020992
0.6493816569941908
0.6213615474044528
0.5923530440481225
0.5640050148753057
0.5372522185370343
0.5125724908179037
0.4901564368883675
0.4197145410345528
0.32806052467729074
0.23484708663616877
0.14634067388979738
0.0658035431215151
0.0
0.0
-0.0829065919043099
-0.2100961079561997
-0.3056107092015822
-0.3928551057700738
-0.4744720892725533
-0.5489642952920295
-0.6142235655107432
-0.668317791062292
-0.6914294988293761
-0.6892924108819666
-0.6725012086563821
-0.6478684283206352
-0.6197071649962118
-0.5906868148415769
-0.5624029595846962
-0.5357559951723975
-0.5112019121615926
-0.488917712764388
-0.41508969914911703
-0.32274892821115575
-0.22954455817781524
-0.14131683398900932
-0.061227262651912584
0.0
0.0
0.09110406973934249
0.21555067539538514
0.31049443376630737
0.39749210038629074
0.4788088944780414
0.5528804163282476
0.6175994375168219
0.671051552064817
0.6921537092841543
0.68881214417079
0.6713380186599649
0.6463560405654846
0.6180553742941807
0.5890240892218541
0.5608047909328163
0.5342637163188847
0.5098351435147429
0.48768255754049505
0.4105924062587103
0.31758187004542116
0.22437791950160374
0.1364120416073559
0.05674917734463207
0.0
0.0
-0.09912551783240925
-0.2209019933907687
-0.31529461334951003
-0.40205653997531604
-0.4830843630390692
-0.5567481425794257
-0.6209414788874167
-0.6737672070913853
-0.6928938126812553
-0.6883669476713391
-0.6702196020715709
-0.6448921825529194
-0.6164522364317689
-0.5874080124759283
-0.5592501104867444
-0.5328112243442932
-0.5085043025984118
-0.4864795433879515
-0.40623066260833773
-0.3125726776179701
-0.21937045285641749
-0.13165946911536278
-0.052411092399208783
0.0
0.0
0.1068818269050795
0.22607984045087745
0.31994099082354965
0.4064757730976667
0.48722460194543804
0.5604942235104732
0.6241790628125224
0.6763986486532505
0.6936102732456112
0.6879344903490704
0.6691346282159302
0.6434724312596299
0.6148975511700732
0.5858408590145154
0.5577425408110503
0.5314027745722887
0.507213832707101
0.48410199947019333
0.401355269394809
0.3072527399210647
0.21416389648475662
0.12680245848343857
0.04805940423432559
0.0
0.0
-0.11470835808260851
-0.2312721423143046
-0.3245813745752318
-0.410876517629791
-0.4913363427929921
-0.564203352074754
-0.6273727736841371
-0.6789809551729858
-0.6942949694014495
-0.6874817683497438
-0.6680369701526253
-0.6420449639456627
-0.6133383805257816
-0.5842712982394711
-0.5562338801260482
-0.5299940490624313
-0.5059235749612819
-0.47814743409743116
-0.3945407556519514
-0.30053857100429193
-0.20790393132800794
-0.12120658645492839
-0.04328615050009928
0.0
0.0
0.12370708935887234
0.23717518929464
0.32981955574063815
0.41582062568881106
