0.0
-0.15599999999999997
0.0
-0.36277973333333324
-0.15317494897777767
-0.38489469841256274
-0.09653902524339114
-0.35338155893016654
0.0
-0.24601576657958382
0.0
-0.0620228908334963
0.031194187259690226
0.28384424203204145
0.3808557394342067
0.503770818937085
0.5201135076953183
0.5302743584287593
0.5003598517976272
0.4594897976429735
0.4147550856781787
0.36868295823123876
0.3228474645136159
0.2785889224489132
0.23713199688150713
0.19958128684042328
0.16689522992951022
0.13986006534019763
0.11906892777136156
0.104907487209931
0.033760935997594166
-0.10353669409358823
-0.28347369714015413
-0.4655071025680052
-0.6288506386377033
-0.7587541523704526
-0.8642131840804038
-0.9027948294115847
-0.9006739308967668
-0.8748732384458511
-0.8363443758808267
-0.7920261601052705
-0.7462178725945208
-0.70149387012421
-0.6593113142229157
-0.598954574945947
-0.47374496060875787
-0.3380949530939732
-0.206469534161375
-0.08473503596014685
0.0
0.0
0.0
0.006663262616802612
0.15593017802848977
0.25604815964907124
0.3457970378839068
0.43091640237901835
0.510401280071485
0.5820567276590061
0.6437143348046804
0.6918555787104534
0.7043175604597788
0.6954111418884342
0.6744055847221958
0.6472303677222989
0.6176115453048744
0.5878293937467571
0.5592225631036217
0.5325226779822761
0.5080756441441665
0.48598734889922607
0.46429265020853105
0.3772619261422391
0.27846051933172655
0.18146145616480955
0.09129917675939245
0.01096907903842334
0.0
-0.043648390866467546
-0.20521794256472017
-0.31494225474885384
-0.4120737069819048
-0.5023172059233613
-0.5845885626549437
-0.6566663093927662
-0.7148525222370994
-0.7321995629227404
-0.7249563866651179
-0.7036615658996211
-0.675069163760854
-0.6434349165913509
-0.61137395980313
-0.5804317387538755
-0.5514630608076122
-0.5248829289592029
-0.5008317936574725
-0.4546994689268936
-0.36747959993585366
-0.27361047987977016
-0.18251585096825004
-0.09821428567494293
-0.023351011411333875
0.0
0.0
0.13626997215386444
0.24720700462290945
0.3397442581486939
0.42583921779208667
0.5057931768090671
0.577694933423762
0.639448742264076
0.6835382199575659
0.6939888442123746
0.6843484847574549
0.6633863128194638
0.6367065883940465
0.6078261482247901
0.57889272217502
0.55116284521582
0.525318982342439
0.5016792231777737
0.46322326857572044
0.37664807164065484
0.2817897512198976
0.18923613961444669
0.10328949276919407
0.026696870852852397
0.0
0.0
-0.13968937715742508
-0.24927530387989838
-0.34160957359033206
-0.42773627429924127
-0.5077608983899766
-0.5797268864031012
-0.6415253061356101
-0.6857642332976281
-0.6962071594728811
-0.6864676562217193
-0.6653571663242475
-0.638506734460956
-0.609449794915793
-0.580344017638344
-0.552451565622411
-0.5264577735118833
-0.5026818672494948
-0.4721826017152324
-0.38747626504022115
-0.2929123808787966
-0.20003282406723483
-0.11335989135106457
-0.03571553224383696
0.0
0.0
0.12867001275378812
0.2422522136414332
0.33546931934296365
0.4219844429852472
0.5024385984061529
0.5749715577462713
0.6374753646669177
0.6843163411981332
0.696340640934576
0.6875189646341168
0.6668996298502595
0.6402702207962093
0.6112671164880056
0.5821152399351931
0.5541202937911156
0.5279954460412202
0.5040773959241892
0.47461843718744345
0.39041888680255366
0.2961627791524155
0.20345782363504156
0.11683909865422525
0.03913324139137822
0.0
0.0
-0.12502514559911165
-0.23910309954197
-0.3321887507791844
-0.4185258954757525
-0.49887971540261655
-0.5714159588271107
-0.6340293259984919
-0.6823299307258843
-0.6952914068423772
-0.6870618088691343
-0.6668077531410106
-0.6403955871284367
-0.6115140037929468
-0.582422561629855
-0.5544497967770688
-0.5283238441072201
-0.5043911370661205
-0.47457157701931924
-0.39033913772987305
-0.29612121523542045
-0.2034703313489375
-0.116908443530174
-0.039257915768719634
0.0
0.0
0.1263176021005177
0.23961847458263802
0.33244304205282704
0.4186236542164813
0.49884303242830846
0.5712530309569439
0.6337485604496019
0.6820304511269663
0.694993776034463
0.6867779566696375
0.6665440586760081
0.6401549157442188
0.6112970465336339
0.5822287102625506
0.5542777102423692
0.5281718105935754
0.5042573012800208
0.4730116484360761
0.38860519383668757
0.2945122160807393
0.20208040417762518
0.11578219956823514
0.038422234233764646
0.0
0.0
-0.12975728384768193
-0.2417293542792946
-0.33422798708611196
-0.42024733593600694
-0.500299532958825
-0.5725063561486339
-0.6347629223075554
-0.6823060851590116
-0.6948262326308109
-0.6863587461620937
-0.6659957608947802
-0.6395546250338252
-0.6106920043562509
-0.5816467083613475
-0.5537339959435731
-0.5276736547313338
-0.5038070061948491
-0.4700367608144697
-0.3852287645185778
-0.2912568594984932
-0.19912635283742397
-0.1132278260279697
-0.036336741749526225
0.0
0.0
0.1347460432269802
0.24488305782408565
0.33695603925973194
0.42277460228549557
0.5026093390374828
0.5745391893097532
0.6364594808962942
0.6828446193850276
0.6946655031686867
0.6857965044964797
0.6652230250800609
0.6386919306974564
0.6098135825349239
0.5807965810198481
0.552936664678197
0.5269411758417364
0.5031436535253293
0.4663561916742313
0.3810420706308584
0.2871879219410898
0.19539574464284387
0.10995988623754982
0.03362146165269306
0.0
0.0
-0.14086361684827917
-0.2488475304161832
-0.3404488338971457
-0.4260574688528645
-0.505653942088773
-0.5772653615889919
-0.6387870798128388
-0.6836741863738369
-0.6945848246535093
-0.6851876848902883
-0.664331747379915
-0.6376737253189805
-0.608764694821785
-0.5797745273656932
-0.5519738897370662
-0.5260540980664998
-0.5023386315467184
-0.4622388155340235
-0.3763559723484724
-0.28261788007418454
-0.1911867577144818
-0.1062521008132965
-0.030517553727131316
0.0
0.0
0.14753849746565095
0.25321946432858217
0.3443292222788043
0.42972480642164923
0.5090732735622355
0.5803456086509126
0.6414371665208978
0.6846469223855698
0.6945364844554206
0.6845450987007822
0.6633695385421733
0.636565911098413
0.6076191137977247
0.5786557686520866
0.5509185289578782
0.5250807904075909
0.5014547707034993
0.4578405345967195
0.37134538737696554
0.27772107596728257
0.1866651640504805
0.10225644652464909
0.02715900728742364
0.0
0.0
-0.15448555924298232
-0.25779487483050917
-0.348405778433992
-0.43358855246407957
-0.5126856587790494
-0.5836098898753455
-0.6442565776583672
-0.6856978195807053
-0.6945097312279073
-0.6838901390974825
-0.6623756513584885
-0.6354164960609539
-0.6064279122019263
-0.5774909883076386
-0.5498188759189153
-0.5240660902446939
-0.5005329768938416
-0.45332940626806006
-0.3662038705864967
-0.27269050691704205
-0.18201343172588352
-0.09813868882677744
-0.023690065727689447
0.0
0.006411937810125473
0.16135087146155705
0.26318044609937474
0.3533487782413356
0.4381803288753474
0.516832191778359
0.587193793047095
0.6471736058429853
0.6865546241378544
0.694126808192176
0.6827995531970338
0.6609183220101306
0.6338071679245468
0.604798481440452
0.5759193399922812
0.5483480295468789
0.5227168683194304
0.4993123504476381
0.4483420949055066
0.36053855759778536
0.2671278481486343
0.17684149288225773
0.09352813598326767
0.019769293917923425
0.0
-0.01785918069781578
-0.16859838396404905
-0.26946426557801434
-0.3591852571773792
-0.44353083612373956
-0.5215592700704238
-0.5911600250793518
-0.650265144561268
-0.6872690496136651
-0.6934225173807486
-0.6812967818151467
-0.6590133562207223
-0.6317485991414943
-0.6027380407771881
-0.5739457182859398
-0.5465093179708507
-0.5210353959534157
-0.49779444860122135
-0.44368653544549713
-0.35526341191581107
-0.2618862032163807
-0.1718891624731342
-0.08902637188435197
-0.015844792286739726
0.0
0.02928527284893176
0.17585272680325778
0.27576456009931455
0.3650435512114874
0.44890702193251575
0.5263149249104978
0.5951568172548247
0.6533882923943384
0.6880047464746819
0.6927325531413493
0.6798036699673189
0.6571149122750795
0.6296944415257417
0.6006805904363635
0.5719741295415484
0.5446719935185369
0.5193548743576406
0.49627720212841786
0.4390503863600023
0.35001335712691756
0.25667178493146126
0.16696463667073844
0.08455187088103742
0.011946032221079511
0.0
-0.04034070260710934
-0.18282474117942496
-0.28178860996900934
-0.37062134602338737
-0.4540031513348801
-0.5307986051470501
-0.5988975629879546
-0.6562786139379168
-0.6886209460188059
-0.6919943742572428
-0.6783060297135142
-0.6552376458988668
-0.6276755701927611
-0.5986651603188375
-0.5700467007788624
-0.5428781945076188
-0.5177156505462208
-0.494798190449459
-0.43451946382747614
-0.34487592794337635
-0.25156272748181324
-0.16213322884698583
-0.08015565156153726
-0.008109026938317027
0.0
0.05115066238620938
0.1896400060707482
0.2876763549997531
0.3760725949470522
0.45898353803598374
0.5351804517047218
0.602553452556152
0.6591035860738045
0.6892255763764731
0.691276527454502
0.6768464843793455
0.653407222556602
0.6257066521563714
0.5966993685506317
0.568166608533386
0.5411283680525567
0.5161165585748434
0.4933553553406653
0.4301269200620052
0.33989682036464874
0.2466108660252893
0.15744985492892644
0.0758933575195327
0.0043880020648479345
0.0
-0.06161354976764635
-0.19624207479542025
-0.2933835909689514
-0.38135946004358134
-0.4638163272368495
-0.539435182958196
-0.606106380580662
-0.6618526852034935
-0.6898207231213211
-0.6905883730788227
-0.6754382434026405
-0.6516385359532374
-0.6238029292687812
-0.5947980099829242
-0.5663477553607122
-0.5394353024326167
-0.5145691903521507
-0.4919590954421334
-0.42574786870944226
-0.3349328670537215
-0.2416825080034316
-0.15279891942595636
-0.0716715368812052
-0.0007141018656424414
0.0
0.0720656038649318
0.20286937503169833
0.29913073390111344
0.3866945843226094
0.46870246746954075
0.5437457158132231
0.6097150893970088
0.6646552072202748
0.6904317683596167
0.6898935246149821
0.6740103998845429
0.6498435446468925
0.6218701099498373
0.5928671660622307
0.5645004477465465
0.5377155984796677
0.5129973809726779
0.49054072036042823
0.4208801240839473
0.32940066830343234
0.23620128901578968
