0.0
-0.12599999999999995
0.0
-0.32175872
-0.08402588842666667
-0.1428115515483023
0.0
-0.14606456866577577
0.0
-0.13091919432915794
0.0
-0.12636688406516405
0.0
-0.15864639377418288
-0.06344991020533136
-0.23165755203886673
-0.15810559649186576
-0.25734494683385045
-0.29298621125405944
-0.3202688687547235
-0.3495267384156801
-0.38166210298858083
-0.4155901826656895
-0.44983247022790296
-0.4828871214241116
-0.5133412961309658
-0.5399258042077892
-0.5615529738062923
-0.5773455558999936
-0.5866577634222503
-0.5890883481051874
-0.5844855799588502
-0.5831499022193369
-0.5923414857561533
-0.6038255096293806
-0.5986356244938251
-0.5839296115962574
-0.5642936366359709
-0.5426163654293622
-0.4537777895514942
-0.3141299362215505
-0.1709469591648438
-0.037268784360591584
0.0
0.0
0.033720376544570496
0.2032502113954263
0.3193639890367751
0.4235993414816316
0.5218365724339513
0.6127168384967927
0.693650239451721
0.7621351990778448
0.7962791564600418
0.7961113168956163
0.7759125490691122
0.744877533231485
0.7088383092311007
0.6714143012210159
0.634778337024363
0.6001657248871449
0.5682115551371582
0.539173293650647
0.5130768884134302
0.48230729137229916
0.4047157142288571
0.31790101960439754
0.23183534146294404
0.15059007841381605
0.07681023989715872
0.012595636523713385
0.0
-0.09416558608480144
-0.235482590805268
-0.33976838582262353
-0.4337786676190967
-0.5207085327180856
-0.5990666318420351
-0.6666771148323946
-0.7111944224718761
-0.7207149014412
-0.7093910253644606
-0.6863771979867611
-0.6575183623507495
-0.6264773522123533
-0.5954863685971363
-0.5658468824390384
-0.5382612888719769
-0.5130521539036087
-0.45439177499886246
-0.36344353036666927
-0.2680003313686169
-0.17610495829263573
-0.09148410446397004
-0.016708985393437806
0.0
0.0
0.1449431344818515
0.24879888933635105
0.3387534292655622
0.4232799239793586
0.5019830658321729
0.5728327555544244
0.6337300072312201
0.679538581694513
0.6911638096954434
0.6823299536343146
0.6619249036728846
0.6356328919386998
0.6070246870298845
0.5782844420498614
0.5506933361207338
0.524950547916972
0.5013855362281844
0.46502845248646624
0.37881272269633504
0.28389462072173743
0.19114342616861746
0.10492747410262794
0.028016123395650086
0.0
0.0
-0.15493176540383657
-0.25967402389739147
-0.3511667117991347
-0.43706977390111645
-0.5167880625349174
-0.5882312490438462
-0.6492810995158247
-0.6899891348933147
-0.6981897577983208
-0.6870561585754493
-0.6651064071967399
-0.6377765456845128
-0.6084707739454995
-0.5792614502282412
-0.5513547166342907
-0.5253993829723607
-0.501691094440306
-0.4622930154410913
-0.3765516393073538
-0.2828253569696294
-0.1913676457358623
-0.10638871846205608
-0.030598447782883773
0.0
0.0
0.1466251455974933
0.253015244469795
0.3443858623221016
0.42994270484065383
0.509422341510951
0.5808073850322232
0.6419932026000578
0.6850578775895911
0.6948451783396561
0.684780901035202
0.6635527113118989
0.6367105328308489
0.6077350511971327
0.5787500077386315
0.5509960753620184
0.5251452796386304
0.5015088830049236
0.4584707360534198
0.3719881215367832
0.27824920273649495
0.1870463755261076
0.10248206912664182
0.027229116427984146
0.0
0.0
-0.15266512407753619
-0.2566327726296649
-0.3473913246097927
-0.4326392918259338
-0.5118067984352528
-0.5828225379119494
-0.6435821860110712
-0.6854178256960116
-0.6944720120423203
-0.6839955176880922
-0.6625601028971978
-0.635639256269035
-0.6066635402373758
-0.5777240776914254
-0.5500405375830897
-0.5242716205562764
-0.5007203172022162
-0.45531132695652643
-0.36841792371244164
-0.2747617148360499
-0.18382177333130537
-0.09962561987697002
-0.02481900524767912
0.0
0.001655924177799667
0.15849271859782324
0.26080070257809207
0.35121021685840415
0.43628611508886417
0.5152277928529168
0.5859244233720496
0.6462744598661794
0.6864952373331391
0.694560374580963
0.6835025054182378
0.6617486029293613
0.6346763834842049
0.605653348299574
0.5767293528909677
0.5490972871823271
0.5233986765553683
0.4999256777495287
0.4514694354899853
0.3640789435792005
0.2705593627859701
0.17997988221825312
0.09626990893936702
0.022039930513275838
0.0
-0.01081998923471933
-0.1642527546140951
-0.2657665610569697
-0.3558006386514324
-0.440473074810881
-0.5189039820863295
-0.5889827985501765
-0.648627076105052
-0.6869749062570135
-0.6939257763987932
-0.682244251435244
-0.6601798194619609
-0.6329931855591866
-0.6039751487761078
-0.5751256756136758
-0.547605554460632
-0.5220359667169341
-0.49869645956135866
-0.44700552400175275
-0.35901278648325685
-0.2655623959896859
-0.17530528554770017
-0.09207121773387182
-0.0184346127819896
0.0
0.02096564837964765
0.17062981997651125
0.2712652797158808
0.3608856594021573
0.4451143265493001
0.5229834394475877
0.592382523436894
0.6512500583302206
0.6875411261285597
0.6932666883413043
0.6808977046376516
0.6584892494235121
0.6311738369363846
0.6021582190012832
0.5733876807831292
0.545987812083647
0.5205574754475806
0.49736237323302096
0.44250400987398486
0.3539175952467159
0.26053283850978626
0.17059235246812188
0.08782852397231139
0.014780348971341131
0.0
-0.03156529989100271
-0.177309834614969
-0.277035777528554
-0.36622929191036774
-0.4499981843723025
-0.5272829299320002
-0.5959731572777661
-0.6540292152079584
-0.6881549579681046
-0.6925897802000573
-0.6794958857616488
-0.656723893617121
-0.6292714974103865
-0.600257047469477
-0.5715683080119548
-0.5442938363602519
-0.5190090078976198
-0.49596495040514427
-0.43819486248398676
-0.34904029407181675
-0.2556940023529907
-0.1660284715819017
-0.08368791134071052
-0.011179081191704257
0.0
0.042119538864497874
0.18397647063564837
0.2828033449512453
0.37157545738573616
0.45488845241104425
0.5315917822776105
0.599575286660755
0.6568211948636137
0.6887690397277187
0.6919057687666401
0.6780829723913269
0.6549455858194474
0.6273556737331732
0.5983426563288404
0.5697364341613462
0.5425883125579789
0.5174500415391386
0.49455808949179936
0.4338645875107663
0.3441328992115373
0.2508178784218856
0.16142180648931442
0.07950077957986282
0.007529367304976803
0.0
-0.05250398344351015
-0.1905158121867889
-0.28844755673608524
-0.37679728207379937
-0.4596554732860884
-0.5357819036728309
-0.6030666935568038
-0.6595136727667829
-0.6893352732645732
-0.6912061162959943
-0.6766738943310484
-0.6531823238787287
-0.6254608009157482
-0.5964517706662956
-0.5679285547855201
-0.5409060450402983
-0.5159129080940359
-0.49317129870540655
-0.4296119168511201
-0.33931191658329296
-0.24602486282565317
-0.15689067822249514
-0.0753792356317599
-0.003933603756895304
0.0
0.06269463851031451
0.19693873074342597
0.29399515591492476
0.38193277031013806
0.464346643129471
0.5399085604350944
0.6065088850176237
0.6621726125248856
0.68990343213316
0.690529017680044
0.6752984548850758
0.6514577388043845
0.6236058970909404
0.5945999032544088
0.566157473648353
0.5392577092160866
0.5144065845277567
0.4918121801032544
0.4252875959606768
0.3344101154402249
0.24116235132142294
0.15230686669733548
0.07122369315037844
0.00032314573356605203
0.0
-0.07297257465142698
-0.20347100967643708
-0.2996686549688876
-0.3872050903251639
-0.46917989053015613
-0.5441769160612703
-0.6100869994753847
-0.664956690238026
-0.6905140435517196
-0.6898442720287099
-0.6738864365193806
-0.6496812392904388
-0.6216923378990113
-0.5926879464027266
-0.5643280293890466
-0.5375545085991248
-0.5128497800909145
-0.49040729469157396
-0.4204437348723496
-0.32889968475221093
-0.2356980169887446
-0.1471624356337412
-0.06656864650092562
0.0
0.0
0.08185457949786346
0.20936658742536343
0.30493981923172986
0.3922058575341841
0.4738539821209676
0.5483951418823224
0.6137210592056586
0.6678973529741931
0.6912979320018849
0.6893351583886433
0.6726439318405947
0.6480634477780023
0.6199244046469202
0.5909077621934331
0.56261664514701
0.53595632259896
0.5113858911333431
0.48908429446906687
0.4155962254381342
0.3233351984471554
0.23014116695850595
0.14189477102300307
0.061766970743674876
0.0
0.0
-0.09035560552166694
-0.21502955513827304
-0.31001391914217336
-0.3970261655761476
-0.4783644604373876
-0.5524703061295617
-0.6172363967540797
-0.6707467168659659
-0.692056196062156
-0.6888398675474123
-0.6714376973461126
-0.6464934881951193
-0.6182090145546142
-0.5891806306608955
-0.5609563475587658
-0.5344058953979479
-0.5099657797990511
-0.4878008790178692
-0.4109447211240509
-0.3179897440784417
-0.22479358931294519
-0.13681539737120113
-0.05712657541808552
0.0
0.0
0.0986013871759619
0.22053664488091462
0.31495744377055607
0.40172935514872166
0.48277202002059627
0.5564596341747088
0.620685750487796
0.6735520839127156
0.6928238557551067
0.6883847526655119
0.6702879003474601
0.6449870548455595
0.6165585800657057
0.5875165180448011
0.5593552490546811
0.5329099106714514
0.50859501020033
0.4865617212233144
0.4064745401322368
0.312854741442823
0.21965766694785804
0.13193794944314763
0.05267143647821619
0.0
0.0
-0.10651910406059811
-0.22582693622180502
-0.3197075688659743
-0.40624926028083214
-0.4870083708829587
-0.5602945066220015
-0.6240020581469734
-0.6762497775224641
-0.6935620207506676
-0.6879470579105768
-0.6691821784744458
-0.643538382602169
-0.6149714348217334
-0.585916222765565
-0.5578155534200986
-0.5314712989097553
-0.5072768121888985
-0.4843278833236
-0.4016155057762128
-0.3075139588105358
-0.21441294842480213
-0.12703095726700764
-0.04826066770120753
0.0
0.0
0.11442166309230262
0.23107686204932798
0.3244037397088593
0.4107058584495505
0.49117490837515293
0.5640557006381984
0.6272434387823335
0.6788738586548072
0.6942625160584733
0.6874942912970529
0.6680752249410424
0.6420966139249812
0.6133956495641354
0.5843294053293319
0.556289997402155
0.5300466099501918
0.5059718163203705
0.47832891174860115
0.39474917768412354
0.3007465733537744
0.20810093915158645
0.12138599196522794
0.04344276608651726
0.0
0.0
-0.12346450342912346
-0.23700559320111045
-0.3296625233530839
-0.41566769587862346
