0.0
-0.10199999999999998
0.0
-0.25522090666666675
-0.058165600142222315
-0.12642469653921196
0.0
-0.20377799011750602
0.0
-0.1918140892265503
0.0
-0.1806872995098403
0.0
-0.1620142904661464
0.0
-0.040217946894741174
0.05990743715829916
0.201781303136206
0.23839816448590484
0.2572504954594938
0.27585453986439307
0.29704776008607564
0.3205582827671802
0.34544755299146984
0.3706478032180493
0.3951008605202185
0.41781192731898315
0.43788305245502235
0.4545391534973246
0.4671487472487642
0.4752394450337588
0.47850797385895644
0.47682456998199546
0.47023175575891124
0.465942358297948
0.5006613649982935
0.5237136875816665
0.5286977933002052
0.5229174051923564
0.5110971825824988
0.46929945316987814
0.3568650445813599
0.23412881125712143
0.11651515975241225
0.009781207046898027
0.0
-0.12881236840882018
-0.2824474088055009
-0.4035969490443097
-0.5159012620855957
-0.6212448725579205
-0.7172376998592814
-0.800944507223296
-0.8634700582754787
-0.8770102576035329
-0.8613652963533659
-0.8293437196721914
-0.7891244535177053
-0.7458337587333967
-0.7025964192734022
-0.6612350324731002
-0.6227339545295383
-0.5875460096172378
-0.5557942867114523
-0.5274040576347848
-0.4841709070524518
-0.4035860423492351
-0.3159451494170448
-0.22968844846601727
-0.14855504024391863
-0.07510348033788218
-0.011394513958892141
0.0
0.12715826255631968
0.2520392070833147
0.3509879844274808
0.4416441047102209
0.5253895641300823
0.6004491294481605
0.6646839555625564
0.7036082651600707
0.7101861093181894
0.6975929629756211
0.6743412657579348
0.6458570472438008
0.6155323629491444
0.5854266998352349
0.5567334533837417
0.5300893034450301
0.5057786429338346
0.42586555689414946
0.3323060060170311
0.23879806428112368
0.1503524217697694
0.06995671892164224
0.0
0.0
-0.0696454652252535
-0.1968770518044559
-0.2912051948343627
-0.37740783924430177
-0.45842936381619126
-0.5328365710315919
-0.5985225107858769
-0.6535304884251006
-0.6838455160245741
-0.6862387501256182
-0.6722235455019349
-0.6492237947269546
-0.6219583916993494
-0.5933651716187223
-0.5652164837692373
-0.5385284134243173
-0.5138320347034464
-0.4913525160497775
-0.4177372278581487
-0.3245216621174199
-0.23025850063942147
-0.14099959920608668
-0.05997118360071996
0.0
0.0
0.0993264583315226
0.22047695846195298
0.3146893773385089
0.4014252412824642
0.4825153519547812
0.5563096536951353
0.6206899246326547
0.673747933614751
0.6940480102656303
0.6901572065917437
0.6723049364316128
0.6470608667036809
0.618577066336545
0.5894165720917782
0.561105069710252
0.5344973360118032
0.5100198665287389
0.4878308433787364
0.4091380658065207
0.31634030760893755
0.22372408469217242
0.13640423801568363
0.05736461840502419
0.0
0.0
-0.10874792295784527
-0.2269488736802605
-0.3205046909627258
-0.4068719676610421
-0.4874787871536807
-0.5606117671154195
-0.6241643732247782
-0.676258996726454
-0.6934762799843165
-0.6878095187942441
-0.669020257457354
-0.6433691311850965
-0.6148051238448673
-0.5857587249407924
-0.5576699223833389
-0.5313388116680969
-0.5071576537125569
-0.47910227054035315
-0.39569437723388434
-0.3019533708484466
-0.20954951148325612
-0.12302869731796662
-0.04522273346227314
0.0
0.0
0.12399874949437942
0.23661315555546802
0.3288588073975632
0.41458712884441257
0.49449279014597713
0.566734296774662
0.6292082635787992
0.679382537768169
0.693563992283319
0.6861205647160783
0.6663657922555905
0.6402640646690937
0.611569388999365
0.5825847378109372
0.5546674193702954
0.5285645621744947
0.504635072252702
0.46991503692170816
0.385184541766753
0.29149481766507457
0.19967141333811156
0.1140601092046495
0.03742072132369144
0.0
0.0
-0.13845538110768588
-0.24654673548664885
-0.33796107316031376
-0.4233916953581753
-0.5028849617807412
-0.5744818582541047
-0.6360784267505042
-0.6822219043104863
-0.6939282272882685
-0.6850237822096604
-0.6644625715761412
-0.6379710881789173
-0.6091466287793047
-0.5801895549953472
-0.5523905362257145
-0.526453913051952
-0.5027115581615914
-0.4616136795849307
-0.3757068328101134
-0.28215670717304564
-0.19096024477547788
-0.10626631367898162
-0.030764217939170335
0.0
0.0
0.15039824580288708
0.25461211715423065
0.34526747042529393
0.43039971248130926
0.5095105697760618
0.580542961960094
0.6413928903490352
0.6843043907468027
0.6940343863072354
0.6839712365654192
0.6627782510227408
0.6359896754221795
0.6070762544534388
0.5781555630843476
0.5504645752998661
0.5246732165542679
0.5010916724738564
0.45452657853550144
0.3676052087946117
0.2741675067653486
0.18350131368280298
0.09958708847152961
0.025053894083933978
0.0
-0.006509297158244054
-0.16102306886284135
-0.2626453354706932
-0.35266896364602957
-0.43738886221376355
-0.5159580904373864
-0.5862665975690934
-0.6462235395782585
-0.6859717789028598
-0.6937832881019049
-0.6826104558484659
-0.6608274756962563
-0.6337775763243256
-0.604805925167947
-0.5759480947521227
-0.5483880030798574
-0.522761688078514
-0.4993580880930461
-0.4478357698016084
-0.35998417876923083
-0.26664163608052927
-0.17645603108932256
-0.09325565676057707
-0.019614785147813132
0.0
0.021209895948350183
0.17048053012865247
0.2709415086892486
0.3604441761620799
0.44458038437641323
0.5223775772956865
0.5917256187540375
0.6505638125205645
0.6871058247115205
0.6929965113100139
0.6807354878009735
0.6583970025921857
0.6311263884529871
0.6021389572217009
0.5733857018745039
0.5459960108050954
0.5205712680928767
0.4973788442436449
0.4419024687548488
0.35325007386185514
0.25992867684546983
0.17008991950255958
0.08744416192222419
0.014522572214962268
0.0
-0.03497452487687208
-0.17928397814734015
-0.278628323123069
-0.3676215734213891
-0.451194575350935
-0.528256876741969
-0.59669836749005
-0.6544866408480631
-0.6880895539514248
-0.6922218342351939
-0.67896695432688
-0.6561235144091445
-0.6286550088823969
-0.5996574546091273
-0.5710041648502152
-0.5437744659307346
-0.5185379445487133
-0.495542197094201
-0.4364614957799455
-0.3470867827932376
-0.2537937328628442
-0.1642801333568218
-0.08214834748295376
-0.009889986970462145
0.0
0.04754128398973967
0.1872626648541835
0.2855568930670824
0.3740623838452389
0.45710284653407024
0.5334798454966114
0.6010835246982432
0.6579075363474242
0.6888732572486687
0.6914319792790523
0.6772918418288901
0.654002882973296
0.6263646746614351
0.5973657348884205
0.568809416039074
0.5417299907467218
0.516668460104128
0.4938546719110772
0.43141317869272594
0.34136078579100587
0.24808913154862483
0.15887360989158827
0.07721615272373784
0.005571638874533588
0.0
-0.05924139094650954
-0.1946725210638394
-0.2919798217298095
-0.3800248016591152
-0.46256466392522083
-0.5383002624840081
-0.6051219891000335
-0.6610477698409374
-0.68957659931583
-0.690682167491692
-0.6757253801600832
-0.6520263334715933
-0.6242329666440607
-0.5952343671733017
-0.5667691854163176
-0.5398300340258092
-0.5149314881619844
-0.49228699388259944
-0.4266461978789038
-0.33595502947930533
-0.24271010553593547
-0.15378327376561202
-0.07258047764784631
-0.0015215185514996787
0.0
0.07037445191627273
0.20172279305057686
0.29809034084284014
0.3856964171892381
0.46775922616785504
0.5428838248272285
0.6089608675192788
0.6640314009469688
0.6902414594553985
0.6899644980208911
0.6742309339609142
0.6501420127008886
0.6222013568097957
0.5932034225455128
0.5648252829065631
0.5380199039534032
0.5132767134094126
0.49079355035958716
0.4215672959144804
0.33019281119768495
0.23700936453330307
0.14842890378137388
0.06774786097661614
0.0
0.0
-0.08020203420393845
-0.20821071838099522
-0.3038707021857596
-0.39116670031650863
-0.4728604339562844
-0.5474758651932549
-0.6129045761098476
-0.6672086618321197
-0.6910708672161411
-0.6893873714925209
-0.6728570154729125
-0.648361388230617
-0.6202591893566101
-0.5912497798016414
-0.5629482940166696
-0.536267765773535
-0.5116722459398734
-0.48934377986358046
-0.41637914023117867
-0.32424082966782
-0.23106259228344128
-0.14278727190478013
-0.06260038901501794
0.0
0.0
0.08920313338820401
0.21422709271956933
0.3092739520241169
0.39630862555002816
0.4776800073920341
0.5518386878616104
0.6166772421589365
0.6702771770012643
0.6919059173095601
0.6888824491777302
0.671591092623825
0.6467050537777278
0.6184455247970907
0.5894216174810561
0.5611896665959669
0.5346247815043136
0.5101668979332705
0.48798303961596196
0.4114870068026757
0.31861753779834345
0.22543338035987515
0.1374362347159963
0.05770745974455953
0.0
0.0
-0.09779448566856022
-0.21997422488826723
-0.31443843050338505
-0.4012257402500082
-0.48229128396159443
-0.5560156234879403
-0.620292237300486
-0.6732211143777695
-0.69271644020875
-0.6884124757118025
-0.6703933614818817
-0.645133415348381
-0.6167225810848855
-0.5876838237487158
-0.5595173463177808
-0.5330620500552228
-0.5087348429021994
-0.4866884006276732
-0.4068504977730588
-0.31328965940028014
-0.22010062654550172
-0.13236753775954802
-0.05307314364180542
0.0
0.0
0.1059608320172388
0.2254376887968783
0.319348307686322
0.40590063382278657
0.4866755699963374
0.5599871237079233
0.6237296326764046
0.6760206534491765
0.6934877610089889
0.6879664073542026
0.6692553701060281
0.6436398952285703
0.6150851557037159
0.5860322211778424
0.5579279326444777
0.5315767696814949
0.507373748338036
0.48467555421564273
0.4020160520613324
0.3079160190777853
0.214796283463145
0.127382659136764
0.048570451210043164
0.0
0.0
-0.11398026257972008
-0.23077617266890882
-0.3241301999530656
-0.4104430452853078
-0.4909262868261739
-0.5638282907809264
-0.6270442228853315
-0.6787088773602693
-0.6942124809630489
-0.6875135196126487
-0.6681340826805421
-0.6421761039844887
-0.6134837973226552
-0.5844188482130446
-0.5563763804092754
-0.5301275203144118
-0.5060460784855966
-0.4786082482035653
-0.39506998539405513
-0.30106673391735816
-0.2084041759205152
-0.1216621343528398
-0.043683829447415584
0.0
0.0
0.12309113366061869
0.23674456299732866
0.3294208298147842
0.4154323163958737
