0.0
-0.05999999999999994
0.0
-0.14309973333333348
-0.05703286897777793
-0.14918227728308175
0.0
-0.15628374503814046
0.0
-0.11599707382122598
0.0
-0.05055502517693883
0.0
0.1633299765653844
0.2545920314483343
0.5177833145687016
0.550102707693245
0.6027137099008829
0.585362574971924
0.5513653037476347
0.5125184724523458
0.47200244060979735
0.43122348677084804
0.3912160792049602
0.3529104925053681
0.317165196251789
0.284752459989399
0.2563371188238822
0.2324573371648801
0.21350959247377047
0.19973858854322976
0.1912323563765448
0.16825616219999637
0.03527545104702237
-0.20490690118192664
-0.38963884027335616
-0.5701464656452994
-0.7104142010658898
-0.8303864698744092
-0.8944279696421192
-0.9075326121350648
-0.8903309985665155
-0.8561644669703115
-0.8135481952607283
-0.7678155695845407
-0.7222142518873734
-0.6786352742716998
-0.5654408207851409
-0.4328796957876764
-0.300442094604501
-0.17511741131028455
-0.0610025821727377
0.0
0.0
0.0
0.11688695406159552
0.229693675638621
0.3235804801816158
0.411924063269145
0.49518948292173093
0.5713456482866687
0.6381014314917979
0.693424494801597
0.7187303250173307
0.7167097693292463
0.6988168146493573
0.6724178116912628
0.6421776339982418
0.6109844578415926
0.5805656394315348
0.5518969155309822
0.5254734457104043
0.501488605651543
0.4799512785493687
0.3991191546916024
0.29980805306248137
0.20057372066525553
0.10755643501056145
0.02405548176115785
0.0
-0.05981135511668931
-0.211741948913545
-0.31832830840878545
-0.4136957518149384
-0.5025105347103362
-0.5835010571428759
-0.6544330674027323
-0.7132030931665567
-0.7314217377933645
-0.7247207654429033
-0.7037526449313367
-0.6753471497021781
-0.64381019543439
-0.6117900458034677
-0.5808539031313945
-0.5518707626106308
-0.5252647893417847
-0.5011822699408623
-0.44393447710418554
-0.35602661498380855
-0.26384802932799334
-0.1750815906229047
-0.0933186021319245
-0.021050240623732855
0.0
0.020992924610330616
0.1694522371264777
0.26942194852891177
0.3585173364259862
0.44229250547103593
0.5197771721553311
0.5888701716335535
0.6475193042073114
0.6844724096262998
0.6907155337136003
0.6787576554088035
0.6566805945146932
0.6296358855865726
0.6008439777875231
0.5722601605806105
0.5450174444803341
0.5197202873132785
0.4966386819356847
0.43006927984547244
0.3388463003328353
0.2451415353788829
0.1557671263257782
0.07412474864462645
0.002641326151404569
0.0
-0.06493412172654195
-0.19703910170497888
-0.2932753723352308
-0.3807017110083301
-0.46271234146351203
-0.5379454596064626
-0.6042908670515807
-0.6597778532183362
-0.6883690865988836
-0.6895626191982377
-0.6747049704838023
-0.6511073582272632
-0.6234124387184145
-0.594506341673261
-0.5661262437541656
-0.5392642135025696
-0.5144348480595278
-0.4918519451235849
-0.423830542181564
-0.33267525791573016
-0.23945014195067327
-0.15072213629174308
-0.06982531654652538
0.0
0.0
0.0779536593678708
0.2068448375289845
0.3027465173004045
0.39018811924878255
0.47204018269715875
0.5468436395855304
0.612487210039043
0.6670255468530348
0.6914629489848934
0.6900986393398766
0.6737243405620187
0.6492828448784369
0.6211729433510784
0.5921200486094551
0.5637560360063436
0.5370045284431892
0.5123361214793977
0.4899367639627558
0.41703297856928784
0.3250906210327611
0.23210581705849637
0.14398882542754188
0.06391570159325274
0.0
0.0
-0.09014602069561173
-0.21474870485596623
-0.30967524474347174
-0.3966425926402608
-0.4779495866618161
-0.5520382797589077
-0.6168015184013772
-0.6703229923353715
-0.6918266588232156
-0.6887335292756593
-0.6714078443707916
-0.6465095763598617
-0.6182512459167913
-0.5892363277789217
-0.5610175322678386
-0.5344676743126049
-0.5100252698294107
-0.48785649409850373
-0.41014609582823747
-0.31708364825382895
-0.22395637607239416
-0.1361009725575033
-0.056559442213812205
0.0
0.0
0.1014493289620198
0.22218591011037736
0.31628617090889755
0.40288806417203477
0.48376373677844436
0.5572617605511045
0.6212760954034903
0.6739146901643173
0.6927398001457582
0.6880434329020341
0.6698109012945458
0.6444511710472053
0.616011171951411
0.5869857358095403
0.5588568230414808
0.5324516468684976
0.5081797537170861
0.4861892986247328
0.4045759078879536
0.31069917810773034
0.21756136688458877
0.13001341401566563
0.050982522206591815
0.0
0.0
-0.11123440171191401
-0.22878449793962197
-0.32224897779589645
-0.40858965975747163
-0.48913347127003326
-0.562149544349735
-0.6255326778268214
-0.6774116845977365
-0.6937625537748373
-0.6875775924132045
-0.6684955977017143
-0.6426959006215974
-0.614073852433621
-0.5850247585880084
-0.5569656980824156
-0.5306820036289663
-0.5065565605799827
-0.480401177604895
-0.39714718820665934
-0.30316678717324863
-0.21042189993168603
-0.12352898237871573
-0.045344312384376584
0.0
0.0
0.12072262833303185
0.23506190805160798
0.32784942565123276
0.4138946097471833
0.49408466919437144
0.5666106238103354
0.6293682067127327
0.6798616184468348
0.6942090085124853
0.6868349666142926
0.6670902342368715
0.640963460534351
0.6122243170426134
0.5831857530496205
0.5552113062142622
0.529051880197271
0.5050685618482647
0.47367332075292756
0.3894440551832165
0.29556692011519614
0.20332463368217454
0.11717246843054654
0.03990917072895436
0.0
0.0
-0.13098874506787617
-0.2419140628711966
-0.33400649457818216
-0.4197638539707234
-0.4996002496129816
-0.5716219025250546
-0.6337247718752609
-0.6815014277872975
-0.6941922672543355
-0.685851514100234
-0.6655841829899621
-0.6392164698139916
-0.6104111559404946
-0.5814113099849112
-0.553535184054161
-0.5275046919909587
-0.5036626844344343
-0.4672935768958847
-0.3821499197342837
-0.2883834432361708
-0.19662974536897015
-0.11119036961753709
-0.03480912760662383
0.0
0.0
0.14071756609382108
0.24841459521969494
0.33985560470744364
0.42534825483748023
0.5048581008120341
0.5764106463574732
0.6379016895469196
0.6831208971267857
0.6942490894093514
0.6849933258875707
0.664228244752981
0.6376276989275869
0.6087541983446463
0.5797852282081708
0.5519965132449205
0.5260827191412657
0.5023695340347039
0.46135578652189385
0.3753751843186681
0.281730451905389
0.1904492949398191
0.1056886518206615
0.030140610150484068
0.0
0.0
-0.1497599659388168
-0.2544671886569584
-0.3453083018166122
-0.43055894754340823
-0.5097684442097585
-0.5808873484752265
-0.6418112815891837
-0.6846449180244563
-0.6943149118669454
-0.6842047520313026
-0.662974349267285
-0.636155555151028
-0.6072174090340233
-0.5782762555829076
-0.5505681683959186
-0.524762403627158
-0.5011686411141096
-0.45577212086324215
-0.36900489264264646
-0.27547817566853605
-0.1846453399930009
-0.10052668322657857
-0.025765431997840413
0.0
0.0017325917079975273
0.15821372162422584
0.26034793390416794
0.35063595801801895
0.4356180033957702
0.514490127969814
0.5851419695125288
0.645472574526967
0.6859999085154257
0.6942652088013607
0.683336828592822
0.6616656165310749
0.6346452290483556
0.6056537929857175
0.5767482324910796
0.5491261272425917
0.5234321030151242
0.49996035647097126
0.4503230638933676
0.36279353382607593
0.2693805542406343
0.17898215921436378
0.0954864835656002
0.021489425972056664
0.0
-0.014138817810899429
-0.16614069950103902
-0.2672679456979973
-0.35709788576219315
-0.4415737629469441
-0.5197850887725736
-0.589621428667784
-0.6490072713668691
-0.6868856757788828
-0.6935662084555999
-0.6817421479780303
-0.6596158983454005
-0.6324172235638742
-0.6034167292860709
-0.5746013268449615
-0.5471234752073019
-0.521599141575397
-0.4983047006938144
-0.4450279545683036
-0.3567884881743624
-0.26342220794508153
-0.17336417843544843
-0.0903923459206522
-0.017062466501388276
0.0
0.026655353229602108
0.17411537095108462
0.2742123398459596
0.36356876882785305
0.4475247317732414
0.5250622431131404
0.594070919769862
0.6525010092678535
0.6877346286403015
0.6928343848651582
0.6801183754128944
0.6575405085418223
0.6301666392579984
0.6011598563212374
0.5724370745497961
0.545105654814483
0.5197529310836424
0.4966374820319293
0.4399957090857242
0.35108755827276406
0.25775322127154154
0.16800270326281724
0.0855127854616063
0.012802215974145464
0.0
-0.03853425560995655
-0.1816394112329866
-0.28073468680696684
-0.3696237773304835
-0.45307169396134434
-0.529958213164945
-0.5981731965841707
-0.6556915264260392
-0.6884515923429012
-0.6920762028983848
-0.6785310574724561
-0.6555367007582223
-0.6280050972047589
-0.5989984232487999
-0.5703679262665711
-0.5431786845082425
-0.5179912101156935
-0.49504743343884194
-0.4351784546865251
-0.3456257006199548
-0.25231819355079854
-0.16285895394479866
-0.08082795011195222
-0.00870853947528999
0.0
0.04988969241458019
0.18881317360639857
0.28694148772894523
0.37537719568827815
0.4583343565041579
0.5345948560892919
0.6020488190538775
0.6586947067981235
0.689107550247615
0.6913333953448866
0.6770030640136446
0.6536153531182839
0.6259360082223464
0.5969313344522988
0.5683902013672929
0.5413375310539783
0.5163083702660328
0.49352884990118867
0.4305838164008087
0.3404164815059973
0.2471344187341103
0.15795277078495185
0.0763592361057568
0.004803437598433838
0.0
-0.0607373384333178
-0.1956669880521836
-0.29287212249507644
-0.38087520444280654
-0.46336401418407847
-0.5390269175137306
-0.6057542756694603
-0.6615670604639244
-0.6897376197576132
-0.6906270879421358
-0.6755464482763659
-0.6517827062517646
-0.6239619521093221
-0.5949589217334714
-0.5665029046666799
-0.5395804667672285
-0.5147023297852139
-0.49207953171688157
-0.42609411979251965
-0.33532657992192083
-0.24207680396571513
-0.1531748754646401
-0.0720168592540496
-0.0010189230808700656
0.0
0.07137759661916843
0.2024094775299542
0.2987173147548118
0.3863006105998263
0.46833252791215746
0.5434100441834904
0.6094238737988948
0.6644171799621869
0.6903633526918805
0.6899270811845014
0.6741020764936532
0.6499652518238019
0.6220041621387933
0.5930027081781597
0.5646310768495483
0.537837784874725
0.5131094235401067
0.49064205844964515
0.42117254736252063
0.3297369106441822
0.2365420910646798
0.14797208814713508
0.06731681342397454
0.0
0.0
-0.08070438468505009
-0.20857560519183707
-0.30421596793548034
-0.3915075244807761
-0.4731908668533738
-0.5477861282677998
-0.6131849283949175
-0.6674504288648245
-0.691158370071096
-0.6893810506125251
-0.6727961712225853
-0.6482712983533634
-0.6201558638679944
-0.5911431332701712
-0.5628442582481819
-0.5361696935500841
-0.5115818408415916
-0.4892617096505907
-0.4161726492164736
-0.32399997365450073
-0.23081257041952807
-0.1425396486390576
-0.06236358611807105
0.0
0.0
0.08943581815193202
0.21440159777558504
0.3094420567010189
0.39647648325373747
0.4778443564391247
0.5519945512549215
0.6168196644002902
0.6704017006998513
0.6919529791439154
0.6888822653117751
0.6715633251138361
0.646662362166716
0.6183959390198179
0.5893701211705172
0.561139251709917
0.5345771492053033
0.510122922976516
0.4879430768119062
0.41140926480776496
0.3185255064496326
0.22533454971066677
0.1373348088830522
0.05760692476654719
0.0
0.0
-0.09784386608994194
-0.22002066686783156
-0.3144882258415786
-0.40127875439036853
-0.48234600291038754
-0.5560702555837814
-0.6203449898904473
-0.6732702952153236
-0.6927396209170334
-0.6884194833010386
-0.67039062497912
-0.6451251050533439
-0.6167113702677479
-0.5876713973548692
-0.5595047402199403
-0.5330498768704245
-0.5087234419278357
-0.4866779370657763
-0.4068594229833637
-0.3132981898145361
-0.22010460762134748
-0.1323662161921103
-0.05306660795251472
0.0
0.0
0.10588344572861164
0.22539534314507204
0.3193159132369145
0.4058737187559382
0.48665383134087986
0.5599709776824267
0.6237194836515297
0.6760167358364328
0.6934933746796113
0.6879773477776973
0.6692689545617977
0.6436544441957424
0.6150996471896144
0.5860460607912787
0.5579408010742228
0.531588521886962
0.5073843472410914
0.48477792866389546
0.40213194441431066
0.308026413021185
0.214894853196754
0.12746612016624737
0.04863659941612142
0.0
0.0
-0.1137809836492627
-0.23065341028424516
-0.3240261491231426
-0.41034827735941365
-0.49084121511011913
-0.5637550585542491
-0.6269849538151022
-0.6786652676040364
-0.6942073060161528
-0.6875310113921397
-0.6681640655123181
-0.6422121023233099
-0.613521772788468
-0.584456358034479
-0.556412017875345
-0.5301605437930627
-0.5060761663938391
-0.478792685362611
-0.39527965939425064
-0.3012697283512451
-0.20858935549692253
-0.12182332583509817
-0.04381662754106799
0.0
0.0
0.12277614315098734
0.23654275527048774
0.3292446305592473
0.4152679674780285
0.4954129169378762
0.5678547383029561
0.6304893062964116
0.680327572010933
0.6942724761157468
0.6866606744653531
0.666784526857668
0.6405940501755193
0.6118334656523223
0.5827990564229429
0.5548435350256065
0.5287108530351361
0.5047577036898689
0.4726945165717852
0.3883058657703612
0.2944050948527894
0.20219606071771618
0.1161156430509403
0.038956013456618394
0.0
0.0
-0.13216722634609573
-0.24277983198517292
-0.3348329274174532
-0.42058602600737843
-0.5004039970644919
-0.5723839574815649
-0.6344217559256438
-0.6818193789004661
-0.6942752972180092
-0.6857938075008192
-0.6654467483859453
-0.6390383379317253
-0.6102168571413739
-0.5812158597884433
-0.5533474006500249
-0.5273293980854542
-0.5035021636027656
-0.4668717322912034
-0.3816614692171863
-0.28788168894041527
-0.19613814629261675
-0.11072544267991939
-0.03438487306505421
0.0
0.0
0.14112771428948875
0.24875504873099197
0.3402023268080654
0.4257076690013887
0.505222006136782
0.5767679883740071
0.6382413106278995
0.6832952769132153
0.6943195280755425
0.6850000575564519
0.664197484317561
0.6375763555484995
0.6086930251772982
0.5797209244996187
0.5519331249252033
0.5260225699769361
0.5023138429014655
0.4612963164271624
0.3753026255186682
0.28164515360006703
0.19035387891858468
0.10558638244238844
0.03003496283597573
0.0
0.0
-0.1496761252714673
-0.25445673340516206
-0.3453265129987456
-0.43059565153116663
-0.5098202889052139
-0.5809520668132829
-0.641886554033452
-0.6847018678496963
-0.6943587314234627
-0.6842390338764746
-0.6630015983969705
-0.6361775345453361
-0.6072353731153806
-0.5782911082540303
-0.5505805702894964
-0.5247728451191901
-0.5011774922279791
-0.45595397596376375
-0.36920844049080204
-0.275667337767324
-0.18480878786060517
-0.10065905624005173
-0.025863493152994313
0.0
0.0010822275472549825
0.1578352758920865
0.260041180055517
0.350366540098043
0.4353852374104104
0.5142992275299507
0.5849981094029926
0.645379556821273
0.6860084503589248
0.6943326969695993
0.6834358619195303
0.66177884680839
0.6347619191863261
0.6057675249030909
0.5768553842458164
0.5492248643741466
0.5235217132224611
0.5000408131857185
0.45074115150616234
0.3632656512372708
0.2698364810257361
0.1793973305630137
0.09584727118524164
0.021786129094658144
0.0
-0.012981241006705446
-0.1654353323289653
-0.2666741163220495
-0.3565592895090932
-0.4410919700430481
-0.5193718848649655
-0.5892885537769215
-0.6487640429979195
-0.6868558499734886
-0.6936622823150188
-0.681907648090365
-0.6598148820513116
-0.6326272717169817
-0.6036242770218084
-0.5747985589668968
-0.5473062677735742
-0.521765702291668
-0.4984546754191236
-0.4455397264895741
-0.3573673428021382
-0.2639927918721016
-0.17389793814658894
-0.09087189621325413
-0.017474485596084596
0.0
0.025275301313638726
0.17325595962685975
0.2734767078988504
0.36289257209300824
0.4469113920269755
0.5245271944722962
0.5936295613987004
0.6521658731287007
0.6876714641620105
0.6929327468545511
0.6803068720812007
0.6577736013380994
0.6304158309003692
0.6014078175129858
0.5726737374808665
0.5453256219429251
0.5199537625992027
0.496818569538236
0.4405812637634157
0.35175009717185773
0.25840849157039003
0.16861831309729985
0.08606870841661965
0.013282935425870404
0.0
-0.03704134356932132
-0.18070741393924092
-0.27993551367285474
-0.36888823872400034
-0.45240374532562244
-0.5293747715829606
-0.5976911301570815
-0.6553245900603804
-0.6883821109210106
-0.6921833997043222
-0.6787368606330584
-0.6557913090950965
-0.628277344475536
-0.5992693557734231
-0.5706265311917231
-0.5434190563051635
-0.5182106779023923
-0.49524532932467197
-0.43580463226649
-0.3463350506201455
-0.2530215761122769
-0.16352177776263976
-0.08142861598997843
-0.009230188580584248
0.0
0.04833217180834709
0.18783761568862234
0.28610283008782966
0.37460372900997385
0.4576304805476312
0.5339784688081867
0.6015377732280984
0.6583036127104672
0.6890299494333846
0.6914421855704105
0.6772160648900961
0.6538801249774818
0.6262197174028091
0.5972139981033471
0.5686601941133851
0.5415886043010762
0.5165376820671753
0.493735669047711
0.43122815668917824
0.34114650565661564
0.24785906186133022
0.15863652863696676
0.07697983358371153
0.00534343022514841
0.0
-0.05916012274145305
-0.1946763181606054
-0.2920186661342937
-0.38008675876327347
-0.4626452703819699
-0.5383962130515301
-0.6052299063002292
-0.6611640422470467
-0.6896547805576757
-0.6907347677606223
-0.6757607968626899
-0.6520502038588224
-0.6242490755132541
-0.5952452560042101
-0.5667765611547486
-0.5398350434200606
-0.5149349018770802
-0.4922893300692244
-0.4268293938714762
-0.33616000438525645
-0.24289916213208274
-0.15394479841007663
-0.07270914954823188
-0.0016142505690617953
0.0
0.06957065753901598
0.20125516209689254
0.2977118427127207
0.38536475356227756
0.4674736305138438
0.5426507742210337
0.6087867544080071
0.6639208878607165
0.6902575734356292
0.6900538746781247
0.6743592826174754
0.6502876447957107
0.6223508687965164
0.5933488212110022
0.564962075716059
0.5381458344497939
0.513390927280437
0.490896048596234
0.42205852247328524
0.3307489041161722
0.2375495926798069
0.14892451320698227
0.06818252673494142
0.0
0.0
-0.07913661147725135
-0.20753169946865463
-0.30328077952862686
-0.3906191106263601
-0.47235946471144197
-0.5470348022010011
-0.6125365783414521
-0.6669245824548643
-0.6910167531322272
-0.6894698660074988
-0.6730157696436708
-0.6485579045290653
-0.6204693740422289
-0.591458978945448
-0.563147991773922
-0.536453394283397
-0.5118417378595054
-0.4894966163592805
-0.41704287921801936
-0.3249992533418422
-0.23181032383979425
-0.14348521736246778
-0.06322520357363516
0.0
0.0
0.08789492019682488
0.21337557725013906
0.30852297030368775
0.39560350619475604
0.4770275917560568
0.5512566980153346
0.6161832492175157
0.6698859249082321
0.6918155276504185
0.6889716198054375
0.6717813218456034
0.6469461847716478
0.6187060941702007
0.5896824212410271
0.5614394796107726
0.534857517235311
0.5103797304726682
0.4881751678364508
0.41225313197048163
0.31949505536523054
0.22630409557244835
0.13825530759724763
0.05844743751764686
0.0
0.0
-0.09634098524372003
-0.21901769038989738
-0.31358834147300424
-0.40042293382547256
-0.481544256823811
-0.5553448689985949
-0.6197180911521966
-0.6727607810366609
-0.6926007016922577
-0.68850291874959
-0.6706003556444229
-0.6453996436168432
-0.617012042998418
-0.5879745037359918
-0.5597963353139993
-0.5333223079821584
-0.5089730575464579
-0.48690357817002666
-0.4076766067481398
-0.3142367855043057
-0.2210430545073273
-0.13325707939660647
-0.05387996653161646
0.0
0.0
0.1044321799412036
0.22442634750123214
0.3184462697383067
0.4050465136966144
0.4858787822687254
0.5592696469582091
0.6231132793651754
0.6755239425959406
0.6933590775998607
0.688058142464556
0.6694719156003837
0.6439200907127574
0.6153905677746392
0.5863393288203936
0.5582229272414441
0.5318521038237026
0.507625853184597
0.4856856864088165
0.40329150171253486
0.3091987030340655
0.2160026996201691
0.12846891716275222
0.049504869104946614
0.0
0.0
-0.11217919831045986
-0.22960390774355588
-0.3230959421853019
-0.40947133772866867
-0.4900264402020733
-0.5630246402038894
-0.6263609326504559
-0.6781662541502689
-0.6940824624704315
-0.687630009730668
-0.6683895635821377
-0.6425018549852248
-0.6138366873519248
-0.5847725307937288
-0.5567154353832099
-0.5304435664204499
-0.5063352027789256
-0.4800140202005441
-0.39667538265684005
-0.3026415089621337
-0.20986463254167054
-0.12295942881884009
-0.04478155479886642
0.0
0.0
0.12090761756003593
0.23530607687269994
0.3281400466297244
0.4142199043424007
0.4944325375495907
0.5669686995142984
0.6297241861501853
0.6800491142627872
0.6942901100720011
0.6868504735948434
0.6670667723521366
0.6409182418727047
0.6121683217528143
0.5831258533413449
0.5551516820464828
0.5289949609096334
0.5050156507669024
0.4738902817403229
0.38967305260353424
0.29575044250757543
0.20344855072768517
0.11723330210572294
0.03990724220023752
0.0
0.0
-0.13032215244109185
-0.24155407294378015
-0.3337342094945615
-0.41953991926039547
-0.49942161304714616
-0.57149178366307
-0.6336463078351353
-0.6815224172922871
-0.6942704420774596
-0.6859597496900286
-0.665705356015661
-0.6393400282531622
-0.6105308356343945
-0.5815236181579667
-0.5536383954436597
-0.5275981871729082
-0.5037465162234119
-0.46801050453083687
-0.3829600393671191
-0.28915537097172195
-0.1973196180611485
-0.11177531326138984
-0.03527374220437783
0.0
0.0
0.13937485667944874
0.24758554190205703
0.33915101953961924
0.42470461421031
0.504278189277245
0.575908956049419
0.6374926397494669
0.6830056496797807
0.6943103397594135
0.6851550376028506
0.6644417262056963
0.6378623053649818
0.6089911318984319
0.580013411632967
0.5522098507682623
0.5262782842571623
0.5025463759530409
0.46239181974542143
0.37655209149113894
0.28287042362575937
0.1914900871188176
0.10659562422259124
0.030888973373155187
0.0
0.0
-0.1479963140177375
-0.25333686803416006
-0.3443204138921541
-0.4296361752033416
-0.5089179049158441
-0.580131201953126
-0.6411716582120555
-0.6844264768068263
-0.6943517611890813
-0.6843891187909174
-0.6632369998953105
-0.6364527171314094
-0.6075220467330178
-0.578572261226415
-0.5508465033448986
-0.525018543266044
-0.5014008900673084
-0.45700503224381983
-0.3704074280089509
-0.2768434102322371
-0.18589969842713108
-0.10162839948262696
-0.02668410236378238
0.0
0.0
0.15625646492716821
0.2588455494578467
0.349270709741771
0.43435798423713173
0.5133595973421439
0.5841725268295098
0.6446922431263588
0.685784538824214
0.6943889658552617
0.6836533553649023
0.6620812156762966
0.6351009542292956
0.6061135074971304
0.5771906622856684
0.5495395857579861
0.5238110014068122
0.500302905419036
0.45184598951246757
0.36452237058557735
0.27107064002595543
0.18054469404040588
0.0968698534764417
0.022655377437556676
0.0
-0.010468487872597132
-0.1638372360650674
-0.26528383164625685
-0.3552645657498383
-0.43990192879752066
-0.5183172816252433
-0.5884001425531603
-0.6480674096233858
-0.6866886456280314
-0.6938113985746153
-0.6822351332895699
-0.660232562009415
-0.6330798044027363
-0.6040778556392525
-0.5752333957207698
-0.5477116062442897
-0.5221365193236024
-0.498789510404114
-0.4465492308914334
-0.3585119297242789
-0.2651320897711722
-0.17497658324634352
-0.09185474439684005
-0.01833378601911341
0.0
0.022831415422705337
0.17169874051368741
0.2721207072563795
0.3616291030432895
0.44574950113851464
0.523496909789034
0.5927608999360803
0.6514838233280791
0.6875053782409997
0.6930750701718627
0.6806232339321538
0.6581781035870586
0.6308545483791419
0.6018477980735417
0.5730956831772669
0.545719032262279
0.5203137227514022
0.4971436364929903
0.44156456586956394
0.35286364112752766
0.2595151844892968
0.16966432880493376
0.08702004440240298
0.014112841837859519
0.0
-0.03472129138339161
-0.1792415476172806
-0.2786671971575811
-0.3677126027241727
-0.4513284604805852
-0.5284274989732769
-0.5968994704289897
-0.6547113200710293
-0.6882488753317415
-0.6923361889231765
-0.6790501693331856
-0.656184993334415
-0.6287011708355313
-0.5996927018738673
-0.571031534053637
-0.5437960665936674
-0.5185552547557153
-0.4955562631061075
-0.4367501515622757
-0.3474073366910065
-0.25408863129678433
-0.1645316346407087
-0.082348342633758
-0.010033809143432396
0.0
0.04609565174975888
0.1864258248762183
0.28488204287786734
0.37347261774659757
0.45659630621095226
0.5330677836150632
0.6007770775961995
0.6577147629721185
0.6889022315840806
0.6915892180392124
0.6775172781593363
0.6542585280680236
0.6266270541504614
0.5976208524055187
0.5690494075505033
0.5419509090330195
0.5168688137800668
0.4940344674310596
0.43213312987678293
0.34217241808943655
0.24887977761239655
0.1596023852417932
0.07785936211349449
0.006111813526081297
0.0
-0.05701800592150491
-0.1933232226689539
-0.2908480489242039
-0.37900169434687314
-0.4616527815868745
-0.5375217936854244
-0.604499003453696
-0.66059765787697
-0.6895308042243066
-0.6908744473775807
-0.6760484918909826
-0.6524120648994608
-0.6246388101007018
-0.5956346400672632
-0.5671491267915318
-0.540181890962066
-0.5152519312232765
-0.4925754190036303
-0.4277123580235053
-0.33716095312842465
-0.24389391666913518
-0.15488473593628957
-0.07356362734423803
-0.002359192089804063
0.0
0.06747650501434613
0.19992924902709763
0.2965630255021794
0.3842988599738524
0.46649785556667017
0.5417903152516602
0.6080667431889337
0.6633620921870319
0.6901352808585919
0.6901917177261496
0.6746431635671544
0.6506446996261026
0.6227354228338146
0.5937330271462089
0.5653296855730757
0.5384880675099147
0.5137037383472722
0.4911783306134721
0.42302557758908577
0.33184688111798716
0.23863634273517448
0.14994564375443356
0.0691045330632748
0.0
0.0
-0.07746894423560807
-0.2064138719709089
-0.30227491505551685
-0.3896604844332844
-0.47145964048683786
-0.5462189148318943
-0.6118295862005196
-0.6663478546557662
-0.6908567398106387
-0.6895600411758303
-0.6732482074162668
-0.6488635063175876
-0.6208046646064086
-0.5917973020238733
-0.563473650722654
-0.5367577625985753
-0.5121206860632409
-0.4897488174279073
-0.41798023654693806
-0.32607651656385755
-0.23288677645745628
-0.14450617895614032
-0.06415632070906235
0.0
0.0
0.08625711520064114
0.21228370671976687
0.30754414536462404
0.39467331702107405
0.4761569223279024
0.5504698011186554
0.6155041877157101
0.6693352205048783
0.6916687930808183
0.6890670642937191
0.6720141266055211
0.6472492749271112
0.6190372991500298
0.5900159138658129
0.5617600792015556
0.535156908378363
0.5106539618601418
0.48842300538746775
0.4131447679171938
0.32051996916191117
0.22733007220087387
0.13923056003240025
0.05933916928622658
0.0
0.0
-0.09476148247404342
-0.21796165764019265
-0.31263967080564437
-0.3995198675931688
-0.4806974739425145
-0.554577933855873
-0.6190544074006633
-0.672220359767415
-0.6924515594868139
-0.6885886469181721
-0.6708195903762434
-0.6456874921663706
-0.617327680479373
-0.5882929027537132
-0.560102762044436
-0.5336086686896555
-0.5092354816397051
-0.48714082651923996
-0.4085297683874698
-0.31521680254652484
-0.22202336668876962
-0.13418820652606286
-0.054730637039863084
0.0
0.0
0.10292431929541859
0.22341834130958116
0.31754088542664854
0.40418480852807454
0.4850709613733628
0.558538210179385
0.6224805663225559
0.6750090476947391
0.6932179288823012
0.6881412838635259
0.6696824950610507
0.6441961092778004
0.6156930259845294
0.5866443228992525
0.5585163891870827
0.5321263099605267
0.5078771144672355
0.485912827415218
0.4041098757436619
0.31013899837891334
0.21694345387140623
0.12936262995441988
0.0503215094983627
0.0
0.0
-0.11073374249400486
-0.22863799919005262
-0.32222859513134694
-0.40864599142726266
-0.48925284580737716
-0.5623243383136589
-0.625755309930427
-0.6776735859607812
-0.6939477178009508
-0.6877100415027692
-0.6685916101071797
-0.6427665374742491
-0.6141266561243829
-0.585064894754754
-0.556996723938688
-0.5307063852940548
-0.5065760217530426
-0.4811088154134623
-0.39792932476055964
-0.30387888956370646
-0.21102040347281678
-0.1239947956002668
-0.04566708766579243
0.0
0.0
0.11926845931798877
0.234236125080319
0.3271941037129255
0.41332974521170973
0.4936068934821553
0.5662299528421935
0.6290945698629438
0.6798375024835802
0.6943316416947324
0.6870380689484034
0.667331664856082
0.6412169738323069
0.6124740700575771
0.5834226539306783
0.5554305936781938
0.5292515251604732
0.5052482174059443
0.4749502460349599
0.3908862091423529
0.2969464049747727
0.20456435679006996
0.11823149503294142
0.04075947403715045
0.0
0.0
-0.12868544147885616
-0.24046792981058318
-0.3327612696047348
-0.418613936273221
-0.49855231631644975
-0.5707025623485996
-0.6329605832624702
-0.6812595678142496
-0.6942657665657475
-0.6861060472631503
-0.6659335798405391
-0.6396063594592045
-0.6108080580862457
-0.5817953729394246
-0.5538953622349323
-0.5278355538614851
-0.5039623088066352
-0.46900991116701735
-0.3840993072580384
-0.2902726491669682
-0.19835590376873163
-0.11269608406582617
-0.036053235249405624
0.0
0.0
0.1378369043336426
0.24655839341877628
0.3382270574927203
0.423822616966406
0.503447878710789
0.5751528218438882
0.6368332002312324
0.6827497943180414
0.6943010940405014
0.6852902063993567
0.6646554658772222
0.6381128108682009
0.6092524204125559
0.5802698491155235
0.5524525139157942
0.5265025495654116
0.5027503282699974
0.46335284667894144
0.3776481564825095
0.28394522771331326
0.19248672865677313
0.10748085634146239
0.03163800679715982
0.0
0.0
-0.1465251139140503
-0.25235596178424236
-0.3434390959729191
-0.4287956627847478
-0.5081273809547834
-0.5794120712953886
-0.6405453450551472
-0.6841852679457016
-0.6943457448147687
-0.6845207115275406
-0.6634433417292909
-0.6366939085199967
-0.6077732994289157
-0.5788186696107573
-0.5510795692268938
-0.5252338729823701
-0.5015966744616538
-0.45792542041879136
-0.37145742086311334
-0.27787344076699205
-0.18685525691051696
-0.10247759424934677
-0.027403127923027473
0.0
0.0
0.15484416380063867
0.2579036402616025
0.3484242400015634
0.4335505514784785
0.5126000301815369
0.5834813870961979
0.6440901143445255
0.6855521341632335
0.694382396013061
0.6837789533701364
0.6622786408562092
0.6353319030048775
0.6063541802381583
0.5774267451188996
0.5497629152175126
0.524017354172489
0.5004905394108355
0.45272725273806724
0.36552761382626664
0.272056677017039
0.18145934939825537
0.09768260838637977
0.023343456217035596
0.0
-0.008454503031971483
-0.16254941777295273
-0.26415894009760593
-0.35421362263758943
-0.4389328098156117
-0.5174551554771043
-0.5876701952321314
-0.6474907022285774
-0.686542705935979
-0.6939232539811665
-0.6824927685363595
-0.6605643402457075
-0.6334407262734832
-0.604440398059369
-0.5755814160651266
-0.5480362968283768
-0.522433731862771
-0.49905799469671225
-0.44735023341377056
-0.3594200850511457
-0.2660365894401078
-0.17583359126618064
-0.09263635222459161
-0.019017912662468286
0.0
0.020876632399621564
0.17044998355238541
0.2710313004174758
0.360612573395105
0.4448133351118403
0.5226653503356264
0.5920581880003967
0.6509301849657758
0.6873671686055409
0.6931853678573274
0.6808739538584581
0.6585001327184907
0.631204482176761
0.6021990976875157
0.5734327916444624
0.5460334698051555
0.5206015044726471
0.4974035725276292
0.44234980359165
0.3537526082346692
0.2603984436809977
0.17049893573788738
0.08777888814658937
0.014774605795983692
0.0
-0.03287196012443894
-0.17807325329980636
-0.27765647980594266
-0.3667758613060764
-0.4504718057994539
-0.5276729744303341
-0.5962690680663361
-0.6542231837622725
-0.6881433825289449
-0.6924586609541133
-0.6793005473537028
-0.6564993856573051
-0.6290395334385638
-0.6000306263161068
-0.5713547845004381
-0.5440969554080688
-0.5188302464540475
-0.4958043979095264
-0.43750517128396066
-0.3482637087679523
-0.25494093483613056
-0.16533835485844328
-0.08308316357654925
-0.010675968182266127
0.0
0.04431013177074816
0.18529887979870185
0.2839076622649224
0.372569884130209
0.45577100382878083
0.5323410991271783
0.6001701560587088
0.6572450415809987
0.6888005140229313
0.6917067546640415
0.6777578443327842
0.654560679341131
0.6269522793341173
0.5979456764784323
0.5693601382142992
0.5422401513042353
0.5171331658264439
0.4942730045654854
0.43285519224266233
0.34299096842279975
0.24969420012338683
0.16037305989005618
0.07856118013435004
0.0067249718721638235
0.0
-0.0553088858114712
-0.19224355182163588
-0.28991392734136895
-0.3781357999140543
-0.460860723778332
-0.5368239188424083
-0.6039156209709544
-0.6601455308577204
-0.6894317258959092
-0.6909857768266526
-0.6762779494256029
-0.6527007190478975
-0.6249497191612738
-0.5959452805432712
-0.5674463564205116
-0.540458606858878
-0.515504860555572
-0.49280366533073683
-0.42840418867092334
-0.33794519096897857
-0.24467409252324002
-0.15562288358011228
-0.07423569952119305
-0.002946230404588343
0.0
0.06584042111047564
0.1988958773252435
0.2956690737048127
0.383470291854911
0.4657400315852922
0.541122703171824
0.607508774049256
0.6629298009289939
0.6900408671518341
0.6902986528274946
0.6748631238081072
0.6509212815783058
0.6230332710354272
0.5940305866475413
0.5656143806013876
0.5387531026981078
0.5139459840208066
0.49139693139504154
0.4237741241074474
0.33269566801412553
0.2394752404290866
0.15073266286070316
0.06981391713455833
0.0
0.0
-0.07618144177289782
-0.20555025131471008
-0.3014974303209209
-0.3889192645285398
-0.4707636708551896
-0.5455876519358601
-0.6112823496841907
-0.6659011925220379
-0.6907324935866885
-0.6896293870154125
-0.6734276522651298
-0.6490995926743192
-0.621063756585848
-0.5920587746958514
-0.563725357551737
-0.5369930266840334
-0.5123363096521091
-0.4899437710269754
-0.41870703756976313
-0.32691186898841673
-0.23372145905810338
-0.14529776830716912
-0.06487817482345827
0.0
0.0
0.08498820715447905
0.21143791169486556
0.30678601221527463
0.3939529264533781
0.47548269827946077
0.5498605255285944
0.6149784943078814
0.6689089983667493
0.6915554733606182
0.6891413145603178
0.6721947497330354
0.6474843132186263
0.6192940875968834
0.5902744480963186
0.5620086021758791
0.5353889811321716
0.5108665259143405
0.48861510696144844
0.4138356294733951
0.32131412249621627
0.22812509094198835
0.13998631796314642
0.06003025001751543
0.0
0.0
-0.09353734460011659
-0.21714316146776869
-0.31190435021055407
-0.39881986562095617
-0.48004107007476293
-0.5539833939889879
-0.6185398733566375
-0.6718013445717944
-0.6923358202818946
-0.6886549590978989
-0.670989391244935
-0.6459104855923535
-0.6175722239726389
-0.5885395976305596
-0.5603401876812149
-0.5338305509297322
-0.5094388195605312
-0.4873246588063351
-0.4091907437444239
-0.3159760417596625
-0.2227828228194493
-0.13490954792516835
-0.055389638769709704
0.0
0.0
0.10175615522889378
0.2226374006476487
0.3168394375219576
0.40351719318827994
0.4844450867656295
0.5579715090946766
0.6219903473664304
0.6746101053005421
0.6931085584011129
0.6882056898533986
0.6698456385211218
0.6444099546328377
0.6159273571777454
0.5868806196910542
0.5587437518920084
0.5323387543499732
0.5080717822664925
0.48608880785970277
0.4047439352441553
0.310867522883856
0.21767233633205194
0.13005506765556163
0.050954234659096626
0.0
0.0
-0.10961389038266608
-0.22788967466369425
-0.3215566319577417
-0.408006569405269
-0.4886535193830939
-0.5617817956833491
-0.6252861200003371
-0.6772919071521715
-0.6938433353511176
-0.6877720537776547
-0.668748151044239
-0.6429716040700367
-0.6143513121967811
-0.585291405755737
-0.5572146537485891
-0.5309100053498084
-0.5067625971233285
-0.48195697602514015
-0.3989007814379457
-0.30483751915372487
-0.21191581188673858
-0.12479692759247549
-0.04635314287438333
0.0
0.0
0.11799857870920119
0.23340721339984363
0.3264612615372685
0.41264011807829043
0.4929672459459732
0.5656576251119215
0.6286067864621829
0.6796735563350688
0.6943638115372046
0.6871833979496645
0.6675368781020221
0.6414484037119793
0.6127109361098165
0.5836525884228012
0.5556466696008782
0.5294502884392376
0.5054283895340987
0.47577139634799676
0.39182603686543493
0.29787291321489745
0.2054287689862871
0.11900479356771894
0.04141969777656537
0.0
0.0
-0.12741750085914455
-0.2396265041266908
-0.3320075393921319
-0.41789658179256217
-0.49787887507590106
-0.5700911539168692
-0.6324293521309232
-0.6810559360459115
-0.6942621411143058
-0.6862193801867045
-0.6661103809170191
-0.6398126824243968
-0.6110228187212643
-0.5820058980531944
-0.5540944313994385
-0.5280194391339357
-0.5041294809145008
-0.4697841322850296
-0.3849818764673937
-0.29113818403109626
-0.19915869598755884
-0.11340938972685463
-0.03665709627064975
0.0
0.0
0.13664549099423304
0.24576268507861684
0.33751128409334735
0.4231393519394978
0.5028046535236029
0.5745670588494414
0.636322343973522
0.6825515864616397
0.6942939297190038
0.6853949171799604
0.6648210440574807
0.6383068709408333
0.6094548340139023
0.5804685048639815
0.5526404990995645
0.5266762824382303
0.5029083251906465
0.46409732414251825
0.37849724388719214
0.2847778454657998
0.193258796861692
0.10816661964509011
0.03221826165324572
0.0
0.0
-0.1453854266761724
-0.25159608652808896
-0.34275636754490657
-0.4281445444085267
-0.5075149864733401
