0.0
-0.12
0.0
-0.3008042666666667
-0.04953161102222233
-0.08971968649291873
0.0
-0.08118834236672179
0.0
-0.028781682006309317
0.035955296068945264
0.10404977261927173
0.1106064798582318
0.3756131187874285
0.38230951777583083
0.5257921141691944
0.5742749868191845
0.6179839162232972
0.631009283903105
0.6255597025149136
0.6095532663435734
0.5880645682555183
0.5642910803265255
0.5401976106153952
0.5169452595845049
0.4951762221735261
0.47520225217944406
0.4571288242765772
0.4409364458788357
0.42653347520372425
0.41379004538743364
0.40255950710485605
0.3926916671113569
0.36652899038699444
0.2959857205427631
0.20531438143701375
0.09829672238294633
0.0
-0.16723521142055603
-0.3684546207736872
-0.5138602144694725
-0.6417378902805418
-0.7568267744718893
-0.8572619094861115
-0.9077161669074002
-0.9123188967867171
-0.8899479514400048
-0.852778873429418
-0.8085535666049135
-0.7620943685775933
-0.7163128372036609
-0.6728804084939282
-0.63267297269837
-0.5960644500253003
-0.5631196562498146
-0.5021615192883252
-0.4049958127238043
-0.3022473806280571
-0.20270992379839045
-0.11042859737955896
-0.028199326230344962
0.0
0.0
0.01876170619239209
0.15053728079277007
0.2417729777189418
0.32449766409055686
0.4032392241617257
0.47692141539318916
0.5434950295929675
0.6009572069265869
0.6476074764510282
0.6659905493446237
0.6621773338091129
0.6455641830271858
0.6221846978280471
0.5958511980310868
0.5689161163670022
0.5427789410435181
0.5182229291700798
0.4956380399247352
0.4271673929554707
0.33053050093068265
0.2312651694095445
0.13699839320264318
0.05138976315788468
0.0
0.0
-0.08978671379166303
-0.21531707047022672
-0.31129819901737155
-0.3994682405170523
-0.48208278176611485
-0.557526954196007
-0.6236350894923792
-0.6784346938677163
-0.701863147531069
-0.6994658701758081
-0.6820886497395011
-0.6567045706158126
-0.6277275400613038
-0.597888579174855
-0.5688193799723751
-0.5414400074259722
-0.516215680208698
-0.49332613742490544
-0.4384308236809275
-0.3495401800689348
-0.25589420525178347
-0.16580545401723523
-0.08302252101453156
-0.010085879063892883
0.0
0.03767333509099227
0.1841903267690956
0.28495885041054647
0.3750420790225006
0.45944212757466657
0.5370678270194952
0.6058005258230406
0.6636049133815577
0.6938231434534917
0.6957341356948189
0.6810321653741083
0.6572555089841846
0.6291937066024774
0.5998266825298546
0.5709504020168359
0.5435927703778479
0.518289288631224
0.49526504564293017
0.4339381682707433
0.3441063718039332
0.2508070976624052
0.16145393092536825
0.0795828514121882
0.007662643466793934
0.0
-0.04503404616760437
-0.18602079495157534
-0.28469469558246985
-0.37340537149485015
-0.4566210724930447
-0.5331694901354511
-0.6009421838145105
-0.6579291990217359
-0.6889176324146308
-0.6914877251997238
-0.6773518497776966
-0.6540628196073842
-0.6264220123513402
-0.5974191083868199
-0.568858197180369
-0.5417740086227727
-0.5167078181372315
-0.4938896293198202
-0.4319222666593253
-0.3417078397145354
-0.24815089335487311
-0.15864098368176105
-0.07671029757352536
-0.00482558873636979
0.0
0.054258614106355324
0.19194568096021727
0.289897742977119
0.37830213478338404
0.46118376940454137
0.5372892759170025
0.6045077771686622
0.6608457557492141
0.6900189189909184
0.6914819057804612
0.6766997287522545
0.6530610822743522
0.6252588398875516
0.5962112864984579
0.5676758337619596
0.5406569604566677
0.515676574800226
0.4929524957187211
0.4295083032641765
0.33919488470988596
0.24587116432082196
0.15670007550725806
0.07515713586409939
0.0036872349293232687
0.0
-0.06039407221572693
-0.1958200710994496
-0.2932431107954194
-0.38139383372735886
-0.4640004113782015
-0.5397571534844703
-0.6065538147920607
-0.6624100748042611
-0.6902968335028339
-0.6909967023533461
-0.6757895664616358
-0.6519415775985139
-0.6240648447915808
-0.5950247327878911
-0.5665442521121197
-0.5396057633073521
-0.5147171732775875
-0.49208763730702776
-0.42628814376876556
-0.33553110291857285
-0.2422515837218565
-0.15330894615627877
-0.07210648398767125
-0.0010630119851103709
0.0
0.06821128843238258
0.20063236369994933
0.29732258047949955
0.3851110930973856
0.46733916807985665
0.542633051722249
0.6088832067971499
0.6641260595459635
0.6904993866238116
0.6903067691413256
0.6746078583815239
0.650523092540188
0.6225686040071331
0.5935469222661914
0.5651402581127906
0.5383047819010588
0.5135318597656289
0.49102044722187105
0.4226869653666304
0.3314383945076044
0.23819303659420665
0.14948706383821952
0.06864690229046515
0.0
0.0
-0.07662403609866317
-0.2060798837883935
-0.30211296911941243
-0.3896018403550122
-0.4714896824430623
-0.5463321343911505
-0.6120203260078341
-0.6666085783272346
-0.6910900275829238
-0.689767352771375
-0.6734315036298517
-0.6490249569096618
-0.6209464687969253
-0.5919215824037517
-0.5635823945675783
-0.536852793369703
-0.5122036537530364
-0.48982120032344045
-0.41854704785067376
-0.32670395621516873
-0.23347074671062742
-0.14501345166904017
-0.06457083027395988
0.0
0.0
0.08489573935281083
0.2114709179808238
0.3068728764948637
0.3940755672822006
0.4756334961767717
0.5500334749535536
0.6151675139331736
0.6691077445141397
0.6916813912736627
0.6892193282868813
0.6722414588290273
0.6475107474889354
0.6193075535067938
0.5902797659382666
0.5620089346515473
0.5353863879683038
0.5108623348186421
0.48861016149364433
0.4141769835657587
0.3216951649190597
0.22847359099682735
0.14028043966074427
0.06026032835948564
0.0
0.0
-0.09254463448733091
-0.21654475156824493
-0.3114059862407284
-0.39837270737489316
-0.479646123886681
-0.5536503741270704
-0.6182783607043056
-0.6716187558139957
-0.6923328685872943
-0.6887570413871761
-0.6711484578697876
-0.6460960442265218
-0.6177653367718563
-0.5887288825827324
-0.5605191610127541
-0.5339958660793426
-0.5095891048855116
-0.48745975453986584
-0.4098904342066154
-0.31677195545194337
-0.22355817110288473
-0.1356226576362639
-0.05601675632750751
0.0
0.0
0.10022530875100868
0.2216571190389307
0.31598470700591685
0.4027214572659611
0.4837148612987502
0.5573262132416806
0.6214492358392684
0.6741891369015532
0.6930219362848656
0.6883180218432327
0.6700693668773409
0.644689192723827
0.6162270987952915
0.5871795463924278
0.5590294484764117
0.5326045348251315
0.5083145917669115
0.48630784243885616
0.40568034574447426
0.311937190154935
0.21872725494917467
0.13104022417739847
0.05183671194064332
0.0
0.0
-0.10775743306640706
-0.22667860021615976
-0.32048686711124946
-0.4070009283086208
-0.4877219281662186
-0.56094959845242
-0.6245784515008458
-0.6767298953202975
-0.6937106793732091
-0.6878958016068526
-0.669016358789408
-0.6433127328756723
-0.6147204720726887
-0.5856611849553114
-0.5575690173873366
-0.5312402467857795
-0.5070646608916103
-0.4835075709224148
-0.4006724104296131
-0.3065728675523181
-0.21352194509304107
-0.12622000816996498
-0.04755326426029659
0.0
0.0
0.11553033068565713
0.2318199867512004
0.3250726635280228
0.41134371763975824
0.49177407903787385
0.5645995114909639
0.6277153143939652
0.6792595894482963
0.6943721816691669
0.6874380557749374
0.6679245025396434
0.6418971420085403
0.6131762187326784
0.5841076808736474
0.5560763937133644
0.5298468625466555
0.5057886835433069
0.4775950800257776
0.3939082023275886
0.29991174425049993
0.2073152174062325
0.12067568211012127
0.042828212677002084
0.0
0.0
-0.12449942609792253
-0.2377121043132065
-0.3303070047245485
-0.4162888812392752
-0.4963797086590295
-0.5687406713301688
-0.6312676545597266
-0.6806333858756003
-0.6942892818333783
-0.6865079823811633
-0.6665393629194734
-0.6403053430026155
-0.611531647403059
-0.5825024588837209
-0.5545626412093886
-0.528451114995978
-0.5045214027808511
-0.4716793442015805
-0.3871435197717398
-0.2932559288477413
-0.2011199787431379
-0.11514872096038056
-0.03812580817083189
0.0
0.0
0.13365751670412127
0.24378970557089547
0.33575020490276986
0.4214678454951177
0.5012396900052806
0.5731506063523009
0.6350963981820817
0.6820899015644423
0.6942982717396581
0.6856712336610921
0.6652444041203363
0.6387980410927339
0.6099646486646574
0.5809674558103021
0.5531118170687856
0.5271113531821385
0.5033036645365653
0.4660029017870114
0.3806689952439758
0.28690382236407613
0.19522603875601113
0.10990955087706943
0.03368824794267354
0.0
0.0
-0.142414212498781
-0.24962651533462954
-0.3409936893178243
-0.42646830197270336
-0.5059427328483459
-0.5774290557022179
-0.6388229264148714
-0.6835284487468011
-0.6943392599754511
-0.684894298640697
-0.6640229511458642
-0.6373691049599914
-0.6084755103091489
-0.5795066959265333
-0.5517299559675535
-0.5258345283768937
-0.5021426587865343
-0.4605309294888375
-0.37442859849560983
-0.28078505905121603
-0.18955286570862895
-0.10487119626893553
-0.029425766238343865
0.0
0.0
0.15081610055743108
0.25522593259235526
0.3460231821201929
0.43126397778834347
0.5104523852955033
0.5815306520615169
0.6423943190901564
0.6849032889558874
0.6943726536953565
0.6841428628122046
0.6628452361231231
0.635992692062113
0.6070417848024995
0.5781006721446452
0.5504001003409535
0.5246058954597169
0.5010255616027934
0.4552674462046453
0.36842454988861073
0.27489637057859595
0.1840912845682282
0.10001897686177863
0.025318867672020295
0.0
-0.0026055115839798415
-0.15881656477902176
-0.26090293196379244
-0.35117496556607986
-0.4361337547169875
-0.5149682359735072
-0.5855679866390315
-0.6458337925465711
-0.6861296013395907
-0.6942541573508915
-0.6832440540145198
-0.661529074028126
-0.6344889518908718
-0.6054926586153716
-0.5765911365748903
-0.5489780925427205
-0.5232956762127773
-0.49983652955767854
-0.44998287845398
-0.36240516169180265
-0.268988752915708
-0.1786054948627691
-0.09513733862509292
-0.021177919883471077
0.0
0.014654402322377913
0.16649922882700777
0.26759943619704973
0.3574207665905527
0.44188352133600395
0.5200730300954461
0.5898788227838145
0.649226415712234
0.6869654665083931
0.6935612122689918
0.6816878494030378
0.6595351239147911
0.6323244336092906
0.6033208813035486
0.5745077824880438
0.5470352673936325
0.521517813836368
0.49823086090190705
0.4448691307413022
0.356606663966762
0.2632349551183177
0.17317971272263957
0.09021670000092319
0.01690085410654453
0.0
-0.026853430783667614
-0.17426258235909653
-0.27435395606617463
-0.36371046053117545
-0.4476639711237083
-0.5251949749803853
-0.5941930618139319
-0.6526088604516534
-0.6877798842133508
-0.6928411536970791
-0.6801023791845011
-0.6575119000239501
-0.6301318857931665
-0.6011229970218803
-0.5724005581065157
-0.5450708966340648
-0.5197206827444333
-0.4966080753691261
-0.4399517363095694
-0.3510368017126996
-0.2576986699023168
-0.16794638968177764
-0.08545654024932073
-0.012747779939806941
0.0
0.03850636011331013
0.18163560293949402
0.28074028148686875
0.36963543400541754
0.45308831252573073
0.5299790508676578
0.5981974944259822
0.6557184531033952
0.6884704274024598
0.692089508823942
0.6785405666642661
0.6555435869320066
0.6280101577259348
0.5990022016732824
0.5703707947338066
0.5431808991725103
0.5179929484666861
0.49504881945323953
0.4352127758628194
0.34566380747849146
0.25235318386475836
0.16288871003778826
0.08085151208063905
0.008725360862100962
0.0
-0.049716235132594794
-0.18871307818755814
-0.2868609965429333
-0.3753070384811501
-0.4582742867137449
-0.5345462019816963
-0.6020128936291436
-0.658672452534624
-0.6891116462115183
-0.6913527050804665
-0.6770304347098324
-0.6536462635990958
-0.6259676670901976
-0.5969620795998193
-0.5684191011091794
-0.5413641200233207
-0.5163324752815176
-0.4935504758069598
-0.4306706768662488
-0.34051442511572994
-0.24722984127454106
-0.15804073525720314
-0.07643688075232746
-0.004868652210861274
0.0
0.06046859636125754
0.19550394131326176
0.29273539029052686
0.3807516219965
0.4632538869407587
0.538932923905638
0.6056790797362432
0.6615127606706801
0.689732143737381
0.6906503586488728
0.6755855141881654
0.6518293297510839
0.6240109999704487
0.595007292713152
0.5665488165191296
0.539622983583671
0.5147410498497932
0.492114382422284
0.4262338993018322
0.33548473215061936
0.24223150753136757
0.15331813582561443
0.07214398535685747
0.0011264175245957048
0.0
-0.07099619643148716
-0.20217056790566373
-0.2985121918965484
-0.38611182276511746
-0.4681612087101201
-0.5432606056149526
-0.6093006951610537
-0.6643238266520209
-0.6903475630531114
-0.6899572624210821
-0.6741578169886775
-0.6500335406646363
-0.6220768655563718
-0.5930748876960734
-0.5646998707506268
-0.5379016663691258
-0.5131677105785799
-0.49069459141221505
-0.4213699752979112
-0.32996190199291386
-0.2367646768975692
-0.14818092005186478
-0.0675049687654189
0.0
0.0
0.08033466653626611
0.20833266866467107
0.30400029314121313
0.3913040067602182
0.47300163624142205
0.5476163695968822
0.6130397859665516
0.6673342500669179
0.6911294888787359
0.6894043834860117
0.6728490015745909
0.6483391011378052
0.620229517634176
0.5912170614489983
0.5629151924150307
0.5362358526894857
0.511642388575016
0.489316396952965
0.41638589768880263
0.3242444502685018
0.23105564740664786
0.14276886107467576
0.06257124401687839
0.0
0.0
-0.08904402230691169
-0.21414283183534524
-0.3092115326833902
-0.39625840756307845
-0.4776411100852181
-0.55181173825454
-0.6166628445137127
-0.6702755878289568
-0.6919208601242818
-0.6889064091127821
-0.6716192962665877
-0.646734532390369
-0.6184744902380016
-0.5894490473708643
-0.5612150293819659
-0.5346478549561521
-0.5101876499466809
-0.48800155049009136
-0.4116291172900169
-0.3187778077992718
-0.22558611629593325
-0.13757282999059195
-0.057823408791159256
0.0
0.0
0.09744263166228284
0.21975434284102302
0.3142501480036694
0.40105294069540787
0.4821349986148102
0.5558798964501526
0.6201810692441396
0.6731377430402462
0.6927045226144609
0.6884427955875854
0.670447054392153
0.6451984672132887
0.616791491033065
0.5877520466597368
0.5595822571548977
0.5331222571121293
0.5087897341170352
0.48673784536557346
0.40708141560332906
0.31355297772397583
0.22035886433593604
0.13260703071237434
0.053285897037086194
0.0
0.0
-0.10548259565358009
-0.22512870259448503
-0.319077215212791
-0.4056470887933517
-0.4864418652242267
-0.5597795522203542
-0.623554432634349
-0.6758830299425875
-0.6934576578825488
-0.6880003805298306
-0.6693253143199037
-0.6437278622423238
-0.6151798947733448
-0.5861268729277983
-0.5580184949250797
-0.5316610797213552
-0.5074508098409357
-0.4850877536347942
-0.40248661496624205
-0.30837583779081834
-0.2152205892284888
-0.1277572372720845
-0.04888484657750214
0.0
0.0
0.11331084499618546
0.23034755855957767
0.32375637756028586
0.41009485898336867
0.4906065635172503
0.5635455124547376
0.6268068087506609
0.6785238134516451
0.6941733501297985
0.6875612832776353
0.6682305548161263
0.6422969057224502
0.613613653340919
0.5845484514075588
0.5565003062184206
0.5302428430293114
0.506151456557621
0.479154910312818
0.39569328502648254
0.30167558442542136
0.2089659046676186
0.12215798026614161
0.04409999389777107
0.0
0.0
-0.12221604754736981
-0.2361715941842717
-0.328912783796099
-0.41495282607695605
-0.49511784958167937
-0.5675877595719271
-0.6302584127367847
-0.6802426216456654
-0.6942763811249033
-0.686716304399449
-0.6668679906040739
-0.6406902077484676
-0.6119329336968591
-0.582896213812987
-0.5549351976114516
-0.528795395718333
-0.5048344811954363
-0.4730542915735089
-0.38871704675843377
-0.2948093466541103
-0.2025720070886966
-0.11645069223605088
-0.03924071114878479
0.0
0.0
0.13160999948991003
0.24241008002288672
0.3345017720579889
0.4202709269164483
0.5001082749891005
0.572115579678953
0.6341886968612456
0.6817304844225646
0.6942743876896788
0.6858443199895804
0.6655251361331677
0.6391296602860074
0.6103118368857294
0.5813089229795094
0.5534353738778179
0.5274106452503098
0.5035760162011651
0.46721810327588786
0.3820564316077967
0.28826897082615544
0.19649725723055642
0.11104440839610358
0.034654765017058164
0.0
0.0
-0.14059313443167884
-0.2483988453005692
-0.3398824091309956
-0.4254026352709914
-0.5049351673181363
-0.5765071001112407
-0.6380141371174776
-0.6832076982341961
-0.6943172094683675
-0.6850476297584732
-0.6642721630048668
-0.637663678132553
-0.608784006033466
-0.5798101599368382
-0.5520175336591023
-0.526100558476783
-0.5023847544752991
-0.4616315514601195
-0.37568494733686253
-0.2820199905951641
-0.19070137634714396
-0.10589494803347628
-0.03029595839232209
0.0
0.0
0.14916090278581642
0.25411352630846773
0.34501833669764004
0.43030187098899275
0.5095440918532371
0.5807009242601066
0.6416679438243117
0.6846178140809814
0.694356844910088
0.6842852135314558
0.6630738783623258
0.6362619731467614
0.6073233096466099
0.5783773356175994
0.550662120464973
0.524848184342667
0.5012459897819532
0.45627711709410645
0.3695770352429206
0.2760288197240673
0.1851440164135372
0.10095684502978057
0.02611549954099794
0.0
-0.0003418254812513344
-0.15736219458313275
-0.25962817834870133
-0.34998085279341
-0.4350297289694033
-0.5139831228961195
-0.5847306394537181
-0.6451684356003867
-0.6859553347073261
-0.6943741228382662
-0.6835307325323025
-0.6619008813389081
-0.6348946106381723
-0.6059007784950473
-0.5769832806410069
-0.5493441752535643
-0.5236309195631458
-0.5001394590052471
-0.4511185351800661
-0.3636936836175008
-0.27025729708258883
-0.17978939128246707
-0.09619769904337414
-0.0220851759659524
0.0
0.012126348501694167
0.16489470166468836
0.26620579853334914
0.3561246541774232
0.4406938695828871
0.5190205528647256
0.5889942152749227
0.6485351571245459
0.6868042283156819
0.6937163854831695
0.6820211861550336
0.6599582858047875
0.6327819984725729
0.6037790147357298
0.5749467009380222
0.5474442371068055
0.5218918441128179
0.49856852792218226
0.4458868320905083
0.3577609016345745
0.2643842784906866
0.17426827480630866
0.09120901067354224
0.01776886549807194
0.0
-0.0244411876656645
-0.17272591166323542
-0.27301605957932107
-0.362464018912898
-0.44651790811722386
-0.524178926754949
-0.5933366499940144
-0.6519367386311902
-0.6876171916997537
-0.6929829094459387
-0.6804158844733506
-0.6579123308184962
-0.6305659960358054
-0.6015582540251864
-0.572817913852577
-0.5454599908673964
-0.5200766709003753
-0.4969295407478857
-0.44091753842482667
-0.3521310301376617
-0.25878717138274004
-0.1689763136102518
-0.08639438382024078
-0.013567119836528266
0.0
0.03624604601795228
0.1802048999188662
0.2795006934926269
0.36848516128474545
0.4520350378668921
0.5290499151259328
0.5974195863313461
0.6551141682214211
0.6883361963470628
0.6922355163949628
0.6788440039367514
0.6559260164931878
0.6284224017891041
0.599414268325584
0.5707651762676632
0.5435481256517507
0.5183286480642496
0.4953517841690743
0.436128243190841
0.34670199153845216
0.2533866709250757
0.16386724709358022
0.08174319757326984
0.009505001966231733
0.0
-0.04756624911597723
-0.18735409367578876
-0.2856847009922652
-0.37421629744692886
-0.457276236031522
-0.5336665070425319
-0.6012771722514081
-0.6581018602235691
-0.6889861480675913
-0.6914924965176162
-0.6773191908276792
-0.6540096948294417
-0.6263592021870815
-0.5973533218572943
-0.5687934793454541
-0.5417126761998
-0.5166510796448799
-0.4938379945252916
-0.4315383080355702
-0.34149810664906677
-0.24820886754776006
-0.1589675161751798
-0.07728121858906345
-0.0056067090507616185
0.0
0.05842576651984513
0.1942125093625251
0.29161744366338527
0.37971488681011345
0.4623051520377978
0.5380965839726817
0.6049794859598628
0.6609700260816324
0.6896123803279903
0.6907827203138692
0.6758594694655641
0.6521742869396231
0.6243827041017164
0.5953787576827055
0.5669042926462079
0.5399539552453216
0.5150435894460703
0.49238740933627534
0.42714250649558644
0.33651498295695337
0.2432512864932489
0.15427671824114758
0.07301003026868297
0.0018756323441805195
0.0
-0.06882410725971697
-0.20078041856332324
-0.29729936188184436
-0.38498134418170354
-0.46712207185948035
-0.5423402280685419
-0.6085263471818338
-0.6637181792542234
-0.6902130615346167
-0.6901036488275559
-0.6744619961233235
-0.65041689244279
-0.6224900978157993
-0.593487938913496
-0.5650951927209084
-0.5382697673883451
-0.513504208918892
-0.4909982765255254
-0.42240905196616
-0.33114779531220045
-0.23794540129763422
-0.14929743008539975
-0.06852026090003564
0.0
0.0
0.0785293507806144
0.20712516919156454
0.3029152724974443
0.3902709757454633
0.4720328645915213
0.5467388466176241
0.6122803132371688
0.6667157472744074
0.6909590796844256
0.6895029317453407
0.6731004162611139
0.6486690627911846
0.620591272352322
0.5915819484489938
0.5632663401556265
0.5365639943989933
0.5119430940494291
0.48958824956584124
0.41738163868755357
0.3253885145674744
0.23219932496515344
0.14385421812759835
0.06356179316565266
0.0
0.0
-0.08730217426841219
-0.21298029665017829
-0.3081685389806884
-0.3952666269533084
-0.476712210498904
-0.5509715987376582
-0.6159371480643654
-0.6696862573218784
-0.6917621242495956
-0.6890059132340665
-0.6718653670363439
-0.6470556990633233
-0.6188258098070442
-0.5898029865962765
-0.561555397079747
-0.5349657745266913
-0.5104788952425678
-0.4882647915436236
-0.41257578740423356
-0.3198659189506836
-0.22667530811994735
-0.138608129247557
-0.05877000437101537
0.0
0.0
0.09576964692352904
0.21863574922563467
0.31324526234545985
0.400096372403299
0.48123807312027667
0.555067583993361
0.619478167272233
0.6725654531461958
0.6925468816811795
0.6885340356605463
0.6706797480629798
0.6455038415219805
0.6171262815304325
0.5880897318167367
0.5599072248930909
0.5334259325875765
0.5090680180907529
0.48698942725273575
0.40798541408132705
0.3145915216381482
0.22139790650866426
0.1335941355300494
0.05418790602442626
0.0
0.0
-0.10388636642512059
-0.2240614901544688
-0.3181185683339267
-0.40473462895191165
-0.4855864063811619
-0.5590049228019781
-0.6228842918635682
-0.6753376020157316
-0.6933080034251132
-0.6880882430353873
-0.6695481379316108
-0.6440199959992566
-0.6155000412814602
-0.5864497192982581
-0.5583291432366757
-0.5319513500386135
-0.507716794542631
-0.4857678975658249
-0.4035876963912438
-0.3095390222529059
-0.21634318250583356
-0.1287923721827881
-0.04980042752974592
0.0
0.0
0.11165598981597569
0.22925427816548627
0.3227819876380452
0.4091725851810784
0.48974641930971086
0.5627711480308529
0.6261417105691975
0.6779879173677703
0.6940336825482518
0.6876589722915943
0.668462692017265
0.6425976561443201
0.6139416418656959
0.5848783528073763
0.5568172489442029
0.5305386949998236
0.5064223685096471
0.48041032224515823
0.3971292923568831
0.3030894203638495
0.21028299894029814
0.12333420743105057
0.04510209289820767
0.0
0.0
-0.12031425070916946
-0.23491876376019677
-0.32779762613468155
-0.4138976787736825
-0.4941336672708647
-0.5667012865279603
-0.629496278386637
-0.6799725189375786
-0.6943051492779918
-0.6869183856942656
-0.667162664638414
-0.641026383183891
-0.6122790024652703
-0.5832332946870776
-0.5552526474379644
-0.5290878364871292
-0.505099839201724
-0.4742740022866205
-0.3901122306206102
-0.29618339523150694
-0.20385248488488478
-0.11759465793233843
-0.040215757477813446
0.0
0.0
0.1297296285777693
0.2411608697433319
0.3333819900273362
0.419204700429897
0.4991069167870658
0.5712060770745283
0.6333980696595765
0.6814272657381216
0.6942687529098321
0.6860127146272915
0.6657879791128567
0.6394364464636115
0.6106311963473383
0.5816219992352817
0.5537314228211352
0.527684118821572
0.50382463754944
0.4683723189438109
0.38337248737390206
0.28955985738053985
0.19769478210302538
0.11210865687567274
0.035555938580870125
0.0
0.0
-0.13881806403074953
-0.24721368031649638
-0.3388165161539467
-0.42438530432207067
-0.5039775923605632
-0.5756352139913798
-0.6372539048044875
-0.6829130244127801
-0.6943069945557445
-0.6852039746848573
-0.6645191081603719
-0.6379529974952298
-0.6090857276403238
-0.5801062509990715
-0.5522977032646199
-0.5263594760484097
-0.5026202137094108
-0.4627397516654228
-0.37694891264287544
-0.2832595469231254
-0.19185091175862884
-0.1069161134946485
-0.03116015259604285
0.0
0.0
0.1474636723705864
0.25298173673525554
0.34400133891765283
0.429331874248242
0.5086317024966844
0.5798708474817375
0.6409449081043477
0.6843391506706685
0.6943495845674514
0.6844367623549613
0.6633117056557221
0.6365400397687222
0.6076130118605821
0.5786614723895102
0.550930883849785
0.5250965024316614
0.5014717729130597
0.4573382594560575
0.37078757856644756
0.27721633306809573
0.18624565823233447
0.1019358498870884
0.026944424620757107
0.0
0.0
-0.15574513618019317
-0.2585045289091976
-0.34896424394817316
-0.4340656523143154
-0.513084595629829
-0.5839222997289292
-0.6444742428921032
-0.6857003975871631
-0.6943865882986924
-0.683698829240148
-0.6621526945690451
-0.635184570286175
-0.6062006440394355
-0.5772761369656569
-0.5496204429907022
-0.5238857121417254
-0.5003708389412094
-0.4521650571936256
-0.36488632603274024
-0.27142764146808707
-0.18087585099129272
-0.09716411640173611
-0.022904500271957465
0.0
0.00973930463465833
0.16337096953991206
0.26487655482390526
0.3548840630152306
0.43955105154693697
0.5180051423684912
0.588135860058976
0.6478586092005658
0.6866358080394076
0.6938518976849432
0.682328413070045
0.6603526857639558
0.6332104797579376
0.6042091176474177
0.5753593998219176
0.5478291635527571
0.5222441279266498
0.49888671766279935
0.44683924306121
0.3588407377473866
0.26545957404909115
0.17528687244183394
0.0921377339152904
0.018581481206937395
0.0
-0.022123659438391008
-0.171246611484828
-0.2717262734004191
-0.36126105556946153
-0.44541055056583195
-0.5231958335690035
-0.5925064747926151
-0.6512833723387874
-0.6874553383890076
-0.6931150054577386
-0.6807140107930141
-0.6582946987816463
-0.6309812467523239
-0.6019749909057671
-0.5732177378793986
-0.5458328786291451
-0.5204179180054868
-0.49723774983303626
-0.44184887294679054
-0.3531855049684522
-0.25983498159831486
-0.1699665105282958
-0.08729479482817035
-0.014352442984931116
0.0
0.03405170999812235
0.17881854741261125
0.2783012505072123
0.36737344042173586
0.45101829501559193
0.5281543115022636
0.5966712235127017
0.6545345829759674
0.6882106803916083
0.6923805322523006
0.6791408230295134
0.6562988243941463
0.6288236806836085
0.5998150530474871
0.5711485722446327
0.5439050083733281
0.5186548200485576
0.49564610441148654
0.43702351966539715
0.34771740116675987
0.2543972226141814
0.16482372164014775
0.08261439716978257
0.010266313752816572
0.0
-0.04544917067350257
-0.1860177934545178
-0.28452925040603905
-0.3731457664994222
-0.45629749046050533
-0.532804674371963
-0.6005573308073102
-0.6575446920836016
-0.6888654031687302
-0.6916317745739129
-0.677604379759386
-0.6543679276513018
-0.6267448080403918
-0.5977384610445636
-0.5691619133944319
-0.5420556345952592
-0.5169645273671447
-0.49412083424492764
-0.43239456653990355
-0.34246879007611986
-0.24917465499012253
-0.1598814228034984
-0.07811346874871203
-0.006333819164875312
0.0
0.056399184313958406
0.19293230610381792
0.2905098315084812
0.37868818001534893
0.46136600134913025
0.5372691143340789
0.6042877784039196
0.6604339565369411
0.6894949311581958
0.6909147566075923
0.6761315717214491
0.6525165780211597
0.6247513810379546
0.5957471137421434
0.5672567447883915
0.5402820815417624
0.5153435093932824
0.49265806019112346
0.42796284963719267
0.3374449026717161
0.2441763954518122
0.1551519974977133
0.07380696487978163
0.002571741324400051
0.0
-0.06688412585534081
-0.1995550948233897
-0.2962393513148789
-0.3839988593869471
-0.46622346943904774
-0.541548592294526
-0.6078647188161492
-0.6632055721827471
-0.690101096530379
-0.6902304359640997
-0.6747228049255911
-0.6507448420556102
-0.6228432651451686
-0.5938407649166102
-0.5654327654800234
-0.5385840291485757
-0.5137914485540043
-0.4912574796818037
-0.4232966051488797
-0.33215420288227676
-0.238940083870816
-0.150230601087871
-0.0693613809141995
0.0
0.0
0.07700277545987858
0.20610117908086
0.30199340962914606
0.38939210952348396
0.47120764946426247
0.5459903523324255
0.6116314473218468
0.6661861309614637
0.6908117538419466
0.6895851494402255
0.6733131794268375
0.6489489866168072
0.6208984745867656
0.5918919739788527
0.5635647867340672
0.5368429451491256
0.5121987573371568
0.4898194046752484
0.4182433911464004
0.32637897462011395
0.2331889919618651
0.14479279155544358
0.06441768407731427
0.0
0.0
-0.08579767822271964
-0.2119774674756994
-0.3072696461206275
-0.3944124833544375
-0.47591280431163696
-0.5502491991760231
-0.6153138486052758
-0.669180897227277
-0.691627763172335
-0.6890939483222293
-0.6720795253213524
-0.6473343758751292
-0.6191302752278628
-0.590109522040137
-0.5618500625714592
-0.5352409355720359
-0.5107309254866323
-0.488492560109327
-0.4133949101697222
-0.3208075105604231
-0.22761792691941327
-0.1395041994539944
-0.05958939082691318
0.0
0.0
0.09431825505637889
0.21766530221753982
0.3123734310432417
0.39926641576827304
0.4804598078294206
0.5543626670415952
0.6188681085481851
0.6720686457231715
0.6924096534864694
0.6886126568048128
0.6708810707190532
0.64576823209429
0.6174162231014053
0.5883822243305674
0.5601887274769605
0.533689006275437
0.5093091048259953
0.4872073872402789
0.40876908990260025
0.31549170277345595
0.22229834544259558
0.13444938494016934
0.05496924391280657
0.0
0.0
-0.10250135812315081
-0.22313558347174317
-0.31728690981795415
-0.40394308280175517
-0.48484434886422145
-0.5583330228357062
-0.6223030711283767
-0.6748646013191251
-0.693178328774702
-0.6881646035810385
-0.6697415649818146
-0.6442735370006437
-0.615777871080946
-0.5867298796843886
-0.5585987111755986
-0.532203230422973
-0.5079475984987262
-0.4859765452523537
-0.40433945191321935
-0.31040277782376624
-0.21720736291337644
-0.12961334330357327
-0.050550602507681425
0.0
0.0
0.11032827354713365
0.22836705061249085
0.3219852949972048
0.40841447359326205
0.48903584553777296
0.5621278979631877
0.6255854286620474
0.6775353901643371
0.6939099236912674
0.6877324945268339
0.66864828946166
0.6428407866865676
0.6142079981672868
0.5851469084168891
0.5570756305768697
0.5307801107470185
0.5066435757745126
0.4814159121140215
0.3982810637282426
0.30422598417161234
0.21134460734334204
0.12428522651836779
0.04591549021985447
0.0
0.0
-0.11880866878024898
-0.23393599786687047
-0.32692876076054056
-0.4130800493003123
-0.4933752938787843
-0.5660227279814776
-0.6289179562929708
-0.6797781418942754
-0.6943432895646149
-0.6870906887826695
-0.6674059672046196
-0.6413007685356413
-0.6125598330554373
-0.5835059071912995
-0.5555088291131476
-0.5293234921400125
-0.5053134530163945
-0.4752475631243404
-0.3912264962213541
-0.297281869411765
-0.20487733786560627
-0.11851148622579236
-0.040998523794808256
0.0
0.0
0.12822635322612835
0.24016327151355438
0.3324883635591524
0.4183542009369806
0.4983084808236729
0.5704811873218466
0.6327682383481268
0.6811858380795293
0.6942644538979418
0.6861470821695824
0.6659975949076518
0.6396810636306244
0.6108858173166005
0.5818715985970355
0.5539674399913361
0.5279021339259774
0.5040228374696328
0.4692902364977689
0.38441886261370495
0.2905860368261993
0.1986465739446629
0.11295435348356497
0.03627187760696124
0.0
0.0
-0.13740552451532775
-0.2462702881107975
-0.3379678945553305
-0.42357522446980134
-0.503214983602744
-0.5749407323050386
-0.6366482324769771
-0.6826780284187454
-0.694298500036205
-0.6853281194592565
-0.6647154174387236
