0.0
-0.05399999999999994
0.0
-0.1221452799999998
-0.04241046357333303
-0.128833791285475
0.0
-0.15342653889240665
0.0
-0.1417706849379105
0.0
-0.10765611726660579
0.0
0.0020879590412962723
0.044279230215985454
0.1923314472006754
0.20895032234982916
0.2939454185766216
0.3179953871486828
0.33285094000906357
0.34854665046248773
0.36636579089236204
0.38574677752286224
0.40575030004317414
0.42539025689399357
0.44372593723571235
0.4599020744812601
0.4731751158663965
0.4829332106513363
0.48871110441409693
0.4901999401965661
0.48725185543097077
0.4798793760183545
0.4761163272005397
0.48569198915684125
0.53045382239052
0.5478287032436595
0.5484682756568301
0.5393071395180971
0.5248132647269714
0.4339615075094854
0.30213257375588154
0.16847539237870615
0.044115904819048896
0.0
0.0
-0.1816397304751988
-0.31728789384873046
-0.43487447625705256
-0.5458501439738227
-0.6495946514957349
-0.7432572297332856
-0.823888546223104
-0.8734416624068914
-0.8789805046621958
-0.85857868700704
-0.823898001517462
-0.7823581664601367
-0.7385849543510262
-0.6953751070936619
-0.6543378850593649
-0.6163203976288025
-0.5816885146705252
-0.5505114517302822
-0.5226822250326882
-0.4710100862224036
-0.38909349385911796
-0.30192610610396164
-0.21681167107540752
-0.13721357610838117
-0.06558706974550325
-0.00391998269590603
0.0
0.15410767569664197
0.27235494775142427
0.3708709127659363
0.46191424705800266
0.5457376601363185
0.620339854449687
0.6835594814651562
0.7145468066653544
0.7160227408312151
0.7002010494419459
0.6749526035610897
0.6452762000813964
0.6142800625791159
0.5838357022744086
0.5550125392260847
0.5283659436655507
0.4964655189362409
0.41197648951521737
0.31751356244265927
0.22425461151649706
0.13665953863017938
0.05756541940589405
0.0
0.0
-0.0891662283059868
-0.21028999575277502
-0.3034737423782158
-0.38923934782504216
-0.4696593996012858
-0.5431447719581607
-0.6075903775741086
-0.6610813679911963
-0.6861761950433245
-0.6854213897199188
-0.6696026041163334
-0.6456613888815427
-0.6179981665921457
-0.5893415896672063
-0.5613275742505743
-0.5348840794125701
-0.5104860243722392
-0.4883234898554705
-0.4086868766151341
-0.3140632135031014
-0.21962316405301438
-0.13070240946772552
-0.05035942872682697
0.0
0.0
0.11441623530110401
0.23102386757277374
0.3244626546984281
0.4109556192660472
0.4916676162628827
0.5648271914590188
0.6283151915962966
0.6802534405134375
0.6964562540674213
0.6900698970094046
0.6707639488817881
0.6447366800229705
0.6158946566617742
0.5866394096679333
0.558391063944365
0.5319360113135083
0.5076569907610449
0.48416227837631914
0.40182650189709923
0.30825607962268853
0.21566812120094433
0.1287346274508391
0.05033027503989311
0.0
0.0
-0.11928492825539302
-0.23413903470511674
-0.3270527078198272
-0.41316796530823563
-0.4934389527965698
-0.5660675482532015
-0.6289481243853796
-0.6798872507815761
-0.6944938445636075
-0.6872590246309332
-0.6675775047393316
-0.6414668569204248
-0.6127156526989118
-0.5836490815850613
-0.5556385099069433
-0.5294397596242263
-0.5054169263818191
-0.47273929200902026
-0.3883800783902703
-0.2946364528710519
-0.20259990206277717
-0.11667970791317346
-0.0396587428437855
0.0
0.0
0.13196314668667877
0.24204364556116345
0.3338056500350373
0.4193475441561563
0.4990048034042503
0.5708714391303136
0.6328444083872631
0.6807864408291049
0.6936043662997653
0.6853629151458409
0.6651744232923932
0.6388702353228376
0.6101167928415094
0.5811597992711761
0.5533194302571979
0.5273190257287276
0.5035025110530085
0.4655064934467991
0.3801148977235713
0.2864363402022316
0.1948831169511665
0.10970337154595447
0.03362200870460694
0.0
0.0
-0.1445382237380344
-0.2508005583447742
-0.34190396130345563
-0.4272372002899737
-0.5065783746035945
-0.5779195698141798
-0.6391564612686197
-0.6835352730324623
-0.6941549941198281
-0.6846062981524036
-0.6636866576529252
-0.637018956874705
-0.6081322107935704
-0.5791820434216621
-0.5514300451571434
-0.5255618629106265
-0.5018975383278071
-0.45861768425365335
-0.3722725911644832
-0.2787331870725684
-0.18772091298940546
-0.10331945971940296
-0.02819473538591269
0.0
0.0
0.15473388722047385
0.2576558273614066
0.3480949288790058
0.4331611960943973
0.5121660183709325
0.5830176110307362
0.6436117367142127
0.685253800659323
0.6942019371751362
0.683675032914232
0.6622238527548566
0.6353081458242409
0.606349558754927
0.5774334960662375
0.5497760196238833
0.5240336098775962
0.5005079418976537
0.4524321641176551
0.36520260616295364
0.2717673817485263
0.18122465126050852
0.09751004030782494
0.02323651155012163
0.0
-0.010799277457671647
-0.16388328546623937
-0.26521754250719864
-0.35512478333698705
-0.4397012116316986
-0.5180641032263015
-0.5881032969351441
-0.6477366709109047
-0.6864465156422009
-0.6936313469645441
-0.6820990176529718
-0.6601279125818201
-0.6329979962834432
-0.6040128773237643
-0.5751810184188312
-0.5476688226991467
-0.5221011639636876
-0.49876000159972866
-0.44628446207836237
-0.35821592605466934
-0.2648540606420445
-0.17473250279806773
-0.0916525690442495
-0.018178596599471783
0.0
0.024265144684978507
0.17249569853815228
0.2727398906291979
0.36215145428337603
0.44617946284657917
0.5238256968580156
0.5929799377961272
0.6515876832420606
0.6874181692346308
0.6928799978336142
0.6803734924945196
0.6579070910300555
0.6305826766908594
0.6015870245112923
0.5728525172592767
0.5454965242877037
0.5201127726893631
0.496963850121186
0.440819649307237
0.3520221800284602
0.25869485197066433
0.16890780151965878
0.0863520562478238
0.013551641288918226
0.0
-0.03705608480750877
-0.1806501869081342
-0.2798433089416049
-0.36877177573872766
-0.4522687293721411
-0.5292262069265375
-0.5975340886727437
-0.6551642366909359
-0.6882855893829258
-0.6921282742080431
-0.6787082624463684
-0.6557794230465054
-0.6282757254536677
-0.5992738017734274
-0.5706343294685008
-0.543428479585101
-0.5182206481242312
-0.49525519356444936
-0.43570160193976354
-0.3462222457529529
-0.2529227557685609
-0.1634435846830397
-0.08137352866031317
-0.009199204272482026
0.0
0.04899370156274302
0.18821401976476296
0.28640177806019984
0.37486139886588987
0.4578482887307141
0.5341517767251648
0.6016620026752886
0.6583756002313326
0.6890070598127804
0.6913648643230007
0.6771102546125213
0.6537621916781337
0.6260997360795177
0.5970979399371998
0.568551378886099
0.5414886617331159
0.5164471853484941
0.4936545498983392
0.43088568825972395
0.3407607466563891
0.24748454080009513
0.15829280047724517
0.07667807160249758
0.0050917754510567265
0.0
-0.060253085639279835
-0.19533646144870911
-0.2925702731614007
-0.38058380954575655
-0.463086773521724
-0.5387715025431785
-0.6055283792631759
-0.661377400289504
-0.6896724676810199
-0.6906374284166084
-0.6756004352070835
-0.651859879270552
-0.624049373088074
-0.5950485975590823
-0.566590071154297
-0.5396624486979857
-0.5147777860390526
-0.49214795750856927
-0.4262464441961074
-0.33550048616333883
-0.24225489759094865
-0.1533492479110265
-0.07218182619473407
-0.001169632357909886
0.0
0.07116204346597521
0.20224997349651794
0.2985646656605212
0.3861487194948376
0.4681841890423305
0.5432696766242017
0.6092958890639341
0.6643055397413942
0.6903206892198522
0.6899265204418914
0.6741261276700415
0.6500026501773595
0.6220477595807324
0.5930480657301911
0.5646755270503201
0.5378798086404617
0.5131482372537781
0.490677341441127
0.42123139069857174
0.3298065082115804
0.23661779406865144
0.1480508787194892
0.06739600982813684
0.0
0.0
-0.08069614688599291
-0.20855588445668802
-0.30418970177062554
-0.39147657884859965
-0.4731565492491154
-0.5477496807808266
-0.6131475983179712
-0.667413451375982
-0.6911380559276923
-0.689371334599643
-0.6727930590678107
-0.6482721756369941
-0.6201590335528855
-0.5911475064775096
-0.5628491477224496
-0.5361746759066701
-0.5115866648609037
-0.48926623537611075
-0.4161448562390835
-0.323969844678436
-0.23078692632096098
-0.14252030810638727
-0.062351147604454565
0.0
0.0
0.08954787866660566
0.21446711479729313
0.3094952611697383
0.39652320693627374
0.47788467128022893
0.552027526659069
0.6168443846818722
0.6704174941041566
0.6919507063442608
0.6888695388217931
0.6715450366656088
0.6466416058419979
0.6183746270584173
0.589349394027647
0.5611197504591642
0.5345591959289125
0.5101066397236121
0.48792846360484243
0.41132441358387745
0.3184292761892765
0.2252414961217752
0.13725001226926375
0.05753319988100532
0.0
0.0
-0.09803614003244582
-0.2201426506530611
-0.3145938519718822
-0.4013765473012453
-0.4824352373764565
-0.5561485773635092
-0.6204100679728323
-0.6733202150419735
-0.692748603124274
-0.6884041746977018
-0.6703617837094817
-0.6450895912674233
-0.6166734749871844
-0.5876337281467384
-0.5594688102576572
-0.5330164956394403
-0.5086929734217857
-0.48665046958067903
-0.40673794418852927
-0.31315945738279194
-0.21996801915628944
-0.132238935076111
-0.05295288917950425
0.0
0.0
0.10612807336215038
0.22555430598288076
0.3194559477793237
0.40600509273284446
0.4867752920684567
0.560079234732033
0.6238112742156334
0.6760893251253234
0.6935100340228921
0.6879606332340955
0.6692334628221168
0.6436095008877778
0.6150511017469119
0.5859974829741114
0.5578942770039003
0.5315451822317973
0.5073447164429992
0.4845714441722806
0.4018961109365079
0.3077956264124058
0.2146814994949494
0.12727734878492802
0.04847769400810795
0.0
0.0
-0.11411242791467208
-0.23086620532600732
-0.3242121030050821
-0.4105217361918976
-0.49100072809212536
-0.5638963804547235
-0.6271038703476925
-0.6787582739475803
-0.6942274600143034
-0.6875077597166593
-0.6681164569949244
-0.642152300706981
-0.6134574019379909
-0.5843920652408798
-0.5563505138261561
-0.5301032925433747
-0.5060238414990464
-0.47852460025128996
-0.3949739184167186
-0.3009708605323811
-0.20831337027666003
-0.12157944210538213
-0.04361164166219983
0.0
0.0
0.12320293845110844
0.23682272731572088
0.3294932034585707
0.41550279902723114
