0.0
-0.14400000000000002
0.0
-0.35845973333333336
-0.15244918897777784
-0.39847926051271126
-0.1368129907727071
-0.45133776690000055
-0.11808385191276388
-0.5066622033852485
-0.21181421581622345
-0.5472413557956335
-0.37288848452708534
-0.6369092539129699
-0.6577627180237259
-0.772569094484545
-0.7866011967466872
-0.8081150058935205
-0.8000661635171475
-0.7750961499259474
-0.7413095595918462
-0.703815649627479
-0.6657564051575161
-0.6289908664336704
-0.594549514851108
-0.5629349862265776
-0.5343202087641845
-0.5086781831522084
-0.48586630438032
-0.46568053819064364
-0.4478896811064052
-0.40674226127692265
-0.33917543967943486
-0.24887485080156674
-0.12355023165538953
0.0
0.0
0.008371557162748622
0.22573041925749412
0.35922535539704403
0.4723754927755989
0.5755897010847975
0.6684621189483105
0.7486751417815136
0.78747229280808
0.7903976778477833
0.772249135122798
0.7425677564061672
0.707417606962325
0.6705734351233952
0.6343119722041954
0.5999379670453371
0.5681328614386294
0.5391850110095973
0.5104756008425787
0.426017838703169
0.33067396328188214
0.23612031927229934
0.14695694334627854
0.06609164285367838
0.0
0.0
0.0
-0.1227643067483026
-0.22621267557794622
-0.31414034752460546
-0.3970043298476358
-0.4748434099293839
-0.5457145094686942
-0.6075103693423486
-0.658386222357666
-0.681130330694968
-0.6792179958543004
-0.6629878911509004
-0.6390886933150097
-0.6117304441974092
-0.5835193944269743
-0.556013980532156
-0.5300942223148769
-0.5062063966972178
-0.4670650772641699
-0.37305169990345527
-0.27001896540124
-0.1699817409842852
-0.07768126185839791
0.0
0.0
0.0
0.14856830866631365
0.2545748792350861
0.34633990360147504
0.432507828899039
0.5126716769364607
0.5847580559360762
0.6466257413906653
0.6911255615287237
0.7014920991974576
0.6914824942969067
0.6700002986116502
0.6427346835906967
0.6132548845852568
0.5837398068904424
0.5554634364226785
0.5291169294488034
0.5050215803862448
0.4832689757705641
0.40930465618058337
0.3166841355190705
0.22329678554430848
0.13503598769821384
0.055072944351063025
0.0
0.0
-0.09638911455669447
-0.22420974986794576
-0.3214661383932198
-0.41025894615837666
-0.49293011041739654
-0.5679062420831508
-0.6330655184263779
-0.6859791359076498
-0.7014789120513195
-0.6944676810716996
-0.6746091677872091
-0.6480951382034791
-0.6188255523632322
-0.5891955573316968
-0.5606192964537945
-0.533877670119071
-0.509348446414512
-0.4871578460573638
-0.41140404982070494
-0.31815286931414427
-0.22439367968201696
-0.13583633353522806
-0.0556174565925142
0.0
0.0
0.08359742382231627
0.2118222324385017
0.3078964294077572
0.3955174694362349
0.47738403501728666
0.5520081371838164
0.6172842073617563
0.6712841392129995
0.6927427672884381
0.689584248013521
0.6721840781750592
0.6472091916539283
0.6188762657483536
0.5897911163475682
0.5615076348000133
0.5348990891581072
0.5104040040324883
0.4881883034804074
0.4167836283079795
0.32436183604170943
0.2305438717943072
0.14159991994736223
0.06079889259078733
0.0
0.0
-0.08123388517407826
-0.21002402093368222
-0.3061865151042882
-0.39385754205028667
-0.47582351999261535
-0.5506092783172187
-0.6161049889934977
-0.6703735368653504
-0.6928727337087103
-0.6903163613603275
-0.6732366084908312
-0.6484039375194366
-0.6201030896713129
-0.5909843293686993
-0.5626303086322418
-0.5359326673538415
-0.5113414510401585
-0.48902961213525425
-0.41899084319070795
-0.3271131430207555
-0.23358171179595094
-0.14478166503709933
-0.06400594916586001
0.0
0.0
0.07909330654090299
0.20834965907956238
0.30452504527758417
0.3921581362711892
0.4741195274645168
0.5489503676780386
0.6145416488372543
0.6689526238177647
0.6921947393000811
0.6901011591982837
0.6733008589597074
0.6486286469714312
0.6204119195661636
0.5913291088599977
0.5629813720962369
0.5362724219500944
0.5116601050615432
0.4893223475160035
0.41873896944185174
0.32685101053510784
0.23342370870044765
0.14475111554376185
0.06410386994735018
0.0
0.0
-0.0813574301450502
-0.20953656312964494
-0.30539376656553807
-0.3928464434891004
-0.4746399289560101
-0.5492940332791159
-0.6147003260882197
-0.6689232705926217
-0.6919237425858443
-0.6897006052128903
-0.6728417338313352
-0.6481549056343701
-0.6199498553269426
-0.5908935787867887
-0.5625799205924359
-0.5359080009283231
-0.5113328584715395
-0.48903077331532563
-0.41710479571690334
-0.32499731431514983
-0.23162876019737333
-0.1431125260886274
-0.06267606053022699
0.0
0.0
0.08533731485375026
0.21202751470334225
0.3075300373777432
0.3948102139078721
0.47641952538690724
0.5508436376666254
0.6159745156565776
0.6698851585080501
0.6920787911022201
0.6893778441168541
0.6722537030617478
0.6474370466882645
0.6191868053741177
0.5901366940840269
0.5618589301430288
0.53523873498205
0.5107223549821376
0.4884806352496175
0.4146178798643834
0.32216623754526297
0.22885410710458332
0.1405404247283549
0.060392018973720804
0.0
0.0
-0.09048624639864267
-0.21536734465989038
-0.31046793750852314
-0.3975629897986886
-0.4789611961840523
-0.553105331399034
-0.6178879924461291
-0.6713933402962555
-0.6924137214355439
-0.6890133052396384
-0.6714962278243384
-0.6464824155599647
-0.6181577661336786
-0.5891081061803572
-0.5608744922372556
-0.534322083359028
-0.5098844010174912
-0.48772439341995416
-0.4114945947910961
-0.31858984567387966
-0.2253120770571821
-0.13721630335340054
-0.05739727360518643
0.0
0.0
0.09652426753995133
0.21931872260032764
0.31396586472565774
0.40085654225920153
0.4820169509218721
0.5558398452195804
0.6202185082714337
0.6732501388072041
0.6928605203393754
0.6886176009530168
0.670625385057388
0.6453712478785589
0.6169536585233042
0.5879010969095078
0.5597172874589116
0.53324333847485
0.5088975031598977
0.48683324186780996
0.40802742930061053
0.31461620039306715
0.22136217402803057
0.13349262451087474
0.05402467082232629
0.0
0.0
-0.10299777742005004
-0.22358943197014458
-0.31776783350246923
-0.4044516727414422
-0.48536649174927193
-0.5588517063439961
-0.6228012910454417
-0.6753263800185514
-0.6933914869999172
-0.6882234726983716
-0.6697078175111385
-0.6441871413346526
-0.615664415083973
-0.5866054612433265
-0.5584731991873403
-0.5320824349813179
-0.5078347114591312
-0.48587309323325123
-0.4043893658475257
-0.31044401724449844
-0.21720681548498005
-0.12956602761473118
-0.050458536568005904
0.0
0.0
0.10967791076251127
0.22801734958680958
0.32172231256386974
0.40819967402076845
0.4888661351687994
0.5620062853372992
0.6255148207305142
0.6775172637773271
0.6939654814481243
0.6878287133594165
0.6687641490256093
0.64296317309624
0.6143289744347153
0.5852618995071706
0.5571822200371784
0.5308772458384501
0.5067310450839522
0.4823110307956932
0.39929383767351984
0.3051890206653834
0.21220248503573097
0.12500936831164378
0.04648685309427174
0.0
0.0
-0.11704863880386365
-0.2328541666790498
-0.3260133934192807
-0.4122475045696704
-0.4926290130371253
-0.5653814534461176
-0.6284002557045489
-0.6796454240649257
-0.6944410642939489
-0.68731889944449
-0.6677006154627744
-0.6416216446910409
-0.612882335586864
-0.5838155994183185
-0.5557978265873731
-0.5295880733197063
-0.5055524862830814
-0.4766684584264881
-0.3928428193647707
-0.2988492837852949
-0.20631014075946374
-0.11976184090487167
-0.0420320927471885
0.0
0.0
0.12576061429598823
0.23859398648432845
0.3311237554337044
0.4170845117068382
0.4971427171574142
0.5694494827162637
0.6319006743258929
0.6808972542433215
0.6943263074007181
0.6864109519955404
0.6663681838204402
0.6400981646965095
0.6113122851677496
0.5822853406891297
0.554356097244213
0.5282595589232952
0.5043467726964853
0.47101546743207223
0.38638063405510087
0.29249448857227445
0.20039879634529173
0.11449204393933406
0.037552670567703506
0.0
0.0
-0.13455054689005733
-0.2444159918636909
-0.33633174591873033
-0.4220357433786015
-0.5017857789567631
-0.5736595542205466
-0.6355528136334755
-0.6822860380080756
-0.6943340367544976
-0.6856118157875494
-0.6651319346025828
-0.6386593881141854
-0.6098166204054228
-0.5808202682595408
-0.5529714004939386
-0.5269808819644188
-0.5031845681793642
-0.4655486983103956
-0.380148689588939
-0.28638639565139923
-0.1947378901826623
-0.10946699652561309
-0.03330398763903017
0.0
0.0
0.14302979654440748
0.25006053163077774
0.34139801147058674
0.4268640133595129
0.5063240008296823
0.5777851294932103
0.6391430137022779
0.6836669292085863
0.6943657735513707
0.6848542923093651
0.6639458041255009
0.6372735593834362
0.6083732965870438
0.5794049491262366
0.5516328230464058
0.5257442342991381
0.5020602111406371
0.46021390765292153
0.3740651951503026
0.28042353241933693
0.18921168690231094
0.10456178556419465
0.029157017125450033
0.0
0.0
-0.15124156887371432
-0.2555254528965423
-0.3463019256913288
-0.43153657056897887
-0.5107148241766127
-0.5817755337845556
-0.6426142151033508
-0.6849978504565429
-0.6943899852166614
-0.6841143525473262
-0.662791170693082
-0.6359260092072985
-0.6069705785067561
-0.5780298622946844
-0.5503325432355948
-0.5245431203937011
-0.5009682576505706
-0.4550471389084328
-0.3681719064276335
-0.27464491405070396
-0.18385386156955966
-0.09980354104249804
-0.025131619657815865
0.0
0.003027585813670991
0.15909951891106136
0.2611584007789527
0.3514196333923709
0.4363648444631524
0.5151794558467595
0.5857530257500141
0.6459871902840026
0.6861796169682987
0.6942416638279468
0.683195588203989
0.6614616682762273
0.6344133611919622
0.605415513110561
0.5765163746049721
0.5489079124012294
0.5232311662117912
0.49977808334545626
0.44979804318280436
0.36219477497741687
0.26877900573166325
0.1784066909173819
0.09495601142848634
0.021019232462207826
0.0
-0.014998945309412148
-0.1667267775832456
-0.2678027606668992
-0.35761398241378445
-0.44206464512975363
-0.5202371850768113
-0.5900211245243487
-0.6493426813084175
-0.6870005906625265
-0.6935474511903917
-0.6816461264878749
-0.6594788514647891
-0.6322620651888093
-0.6032576138889147
-0.5744466894705158
-0.5469780508594289
-0.5214653024072186
-0.49818333774175305
-0.44474381700140986
-0.3564640214032693
-0.26309113051340594
-0.17304144629839918
-0.09008850735439351
-0.016786431848502786
0.0
0.027099047135800386
0.1744249569987276
0.27449910572956665
0.36384842979525667
0.4477933470340931
0.5253122843649217
0.5942948249817792
0.6526920960544311
0.6878054161856041
0.6928318973849567
0.680073201450287
0.6574723330958944
0.6300879397648377
0.6010783686295341
0.5723574353583233
0.5450304930859811
0.5196835910939315
0.4965745004439
0.4398638633648884
0.350936983916815
0.25759820111631415
0.1678499676732247
0.08536730039299757
0.012668281206013987
0.0
-0.03867449091783856
-0.18174601325172354
-0.28083850746304106
-0.3697284486763247
-0.4531752010591724
-0.5300574845518287
-0.5982651436781853
-0.6557733330476825
-0.688486354606162
-0.6920820080664511
-0.6785197040097581
-0.6555158110695665
-0.6279795296535263
-0.5989712147080084
-0.5703409202856176
-0.5431529490774216
-0.5179673147311986
-0.4950256321778066
-0.43515146862117676
-0.34559405843687263
-0.25228290941565146
-0.1628212063037187
-0.08078898192313687
-0.008669604573895859
0.0
0.049833457388251845
0.18878993171231934
0.2869292949574066
0.3753716631894295
0.4583346108214267
0.5346006114702023
0.6020597738281356
0.6587104290881378
0.689122589373544
0.6913473938336167
0.6770158575013981
0.6536268970299896
0.6259463298414073
0.5969405018633752
0.5683983035780339
0.5413446654933984
0.516314635124253
0.4935343396233707
0.43062817267570197
0.340466078568028
0.24718112961201866
0.15799394078067186
0.07639352969236288
0.004829992254966373
0.0
-0.060550098038540084
-0.1955574318045333
-0.29278296243281876
-0.3807966623536404
-0.4632959557271655
-0.5389708952867341
-0.605711827145275
-0.6615393243453042
-0.6897398713414243
-0.6906467562765911
-0.6755754488109273
-0.6518159194350468
-0.6239962083836372
-0.5949923255719121
-0.5665343854521298
-0.5396094813095527
-0.5147286660877468
-0.49210318024513494
-0.42620169706852457
-0.3354481157644352
-0.24219483655672638
-0.15328317011989034
-0.07211186829762488
-0.0010980668623045142
0.0
0.07106018567391509
0.20221334293702137
0.298550644940184
0.386148467867674
0.4681956189834966
0.5432918291534133
0.6093277842974439
0.6643459691099256
0.6903539294285437
0.689954143932332
0.674149292394765
0.6500222226213158
0.6220643990417788
0.5930622823788798
0.5646877221995813
0.5378903029076888
0.5131572904504956
0.4906851667829403
0.4213427798778069
0.32993063162145403
0.2367329826923025
0.14815032410706416
0.0674764928210006
0.0
0.0
-0.08037464315193701
-0.20836058476169508
-0.30402608704153034
-0.3913290589466637
-0.47302557193474376
-0.5476384988819358
-0.6130594224171383
-0.6673507925884743
-0.6911349077891926
-0.6894030750007399
-0.6728438201189186
-0.6483318789428612
-0.6202214117944815
-0.5912087854099299
-0.5629071700905282
-0.5362283208201349
-0.5116354644912329
-0.4893101232435281
-0.4163669192953912
-0.3242224993413045
-0.23103331941317895
-0.1427472403312305
-0.06255106105888
0.0
0.0
0.08907194310450464
0.21416226929139462
0.3092294535565935
0.39627578274230985
0.47765768134433595
0.5518270272463558
0.6166763758545069
0.670286946247061
0.6919244827751422
0.6889053595091356
0.6716155628493978
0.6467293909185367
0.6184687458317228
0.5894431959455368
0.561209365118328
0.5346425416701892
0.5101827683318816
0.48799712925348293
0.4116159415930608
0.31876255167156176
0.2255705664353062
0.13755773883982136
0.05780928698526433
0.0
0.0
-0.09746221928007301
-0.21976799423377993
-0.3142627450621535
-0.4010651635837595
-0.48214666589652305
-0.5558906721298614
-0.6201906191250341
-0.6731457748162291
-0.6927071295059782
-0.6884421231192033
-0.6704444954695741
-0.6451949157821555
-0.6167875115046644
-0.5877479869157439
-0.5595783237807426
-0.5331185653619235
-0.5087863409898911
-0.4867347714077221
-0.4070722951466862
-0.31354242740611216
-0.22034811929338083
-0.13259661033424108
-0.05327615325380801
0.0
0.0
0.105496149825927
0.22513815398664805
0.3190859390967674
0.4056555548927553
0.4864499474559072
0.5597870176382423
0.6235610495699724
0.6758885957457684
0.6934594632488368
0.6879999127720116
0.6693235390152732
0.6437253990766864
0.6151771349919463
0.5861240576734684
0.558015767392076
0.5316585197923477
0.5074484570162995
0.48507931578111807
0.4024768940858359
0.3083660803886542
0.21521128647140003
0.1277487023935724
0.0488773291545212
0.0
0.0
-0.11332155633142105
-0.23035485517676513
-0.3237630152693117
-0.41010123632782
-0.4906125964176342
-0.5635510305627863
-0.6268116426372706
-0.6785278165395257
-0.694174563888321
-0.6875608162807825
-0.6682291261833332
-0.6422949764492673
-0.6136115140094041
-0.5845462806801227
-0.5564982097734705
-0.530240879413651
-0.5061496542952004
-0.47914813060306305
-0.3956854987278324
-0.3016678138064737
-0.20895854478457604
-0.12215127797375587
-0.044094142995731014
0.0
0.0
0.12222510937526943
0.23617792940325355
0.32891864966159373
0.4149585386634862
0.49512332614986787
0.5675928450728297
0.6302629520525113
0.6802445055436386
0.6942766338792616
0.6867155937817504
0.6668667476967824
0.6406887070147651
0.611931346423837
0.5828946437246513
0.5549337045494084
0.5287940113436251
0.5048332193607863
0.47304948508559197
0.38871152119833347
0.294803829582105
0.2025667798154413
0.11644593065731385
0.0392365534403063
0.0
0.0
-0.1316164510921777
-0.24241460210691457
-0.3345059694933882
-0.42027502459875715
-0.5001122139861713
-0.5721192492939039
-0.6341919860050087
-0.6817318922999014
-0.6942746368379895
-0.6858438818098122
-0.6655243152494713
-0.6391286509275881
-0.6103107605240311
-0.5813078534126619
-0.5534343539140154
-0.5274096977731412
-0.5035751514818833
-0.4672148115316983
-0.3820526584011527
-0.28826521549864254
-0.19649371129809884
-0.11104119051649153
-0.03465196772720766
0.0
0.0
0.14059758553200702
0.248401984227478
0.33988533374262875
0.42540549794002613
0.5049379258326235
0.5765096766975892
0.6380164536953432
0.6832087014840874
0.694317402929393
0.6850473420484641
0.6642716065666004
0.6376629884983503
0.6087832680372294
0.579809425185013
0.5520168321514248
0.5260999063146818
0.5023841589565976
0.4616292628834187
0.3756823241462097
0.282017381121478
0.19069891390079075
0.10589271502544906
0.03029401899167776
0.0
0.0
-0.14916397781222887
-0.2541156920432057
-0.3450203527930492
-0.4303038430201614
-0.5095459908155668
-0.5807026965800212
-0.6416695357412056
-0.6846184995172265
-0.6943569717163546
-0.6842850086874142
-0.6630734885745166
-0.6362614919827384
-0.6073227956485431
-0.5783768243750351
-0.5506616326446383
-0.5248477310145819
-0.5012455759393403
-0.45627552616261485
-0.3695752108417326
-0.2760270039363566
-0.18514230200427811
-0.10095528942839363
-0.026114147516859573
0.0
0.00034487263532159695
0.1573642372952472
0.25963002259474544
0.34998261903360856
0.43503139715865025
0.5139846476147998
0.5847319751448317
0.6451695428459878
0.6859556956247246
0.694374032500852
0.6835303825164739
0.6619003946048944
0.6348940648280563
0.6059002214723859
0.5769827408365191
0.5493436685361482
0.5236304537885226
0.5001390370142657
0.45111720063235344
0.3636921645645703
0.27025578262700384
0.17978795582105134
0.09619638975243125
0.022084030127088858
0.0
-0.012128836226137363
-0.164896344648626
-0.26620726660983246
-0.35612604926637825
-0.4406951773633525
-0.5190217381243294
-0.5889952427461002
-0.6485359966050173
-0.6868044819211241
-0.6937162861170959
-0.6820208848932139
-0.6599578794896896
-0.6327815481424715
-0.6037785579149506
-0.5749462598177072
-0.5474438239766949
-0.5218914649558714
-0.49856818478292664
-0.44588592729277665
-0.3577598717131964
-0.2643832400270927
-0.1742672764668543
-0.09120808506293572
-0.017768039308000638
0.0
0.024442960988738383
0.17272708399986242
0.2730171075584603
0.3624650150539548
0.44651884221809246
0.5241797737390417
0.593337384737648
0.6519373396086281
0.6876173760554005
0.6929828426286184
0.68041567382189
0.6579120451556933
0.6305656787546582
0.6015579318162549
0.5728176025134006
0.545459699159962
0.520076403104062
0.4969292983416431
0.4409169039947042
0.35213030946805646
0.258786446013769
0.1689756174590567
0.08639373952367356
0.013566545869867164
0.0
-0.03624725990475239
-0.1802056970734074
-0.2795014026794318
-0.36848583284783787
-0.4520356652009792
-0.5290504814176855
-0.5974200747611392
-0.6551145644583682
-0.6883363113458822
-0.6922354622440994
-0.67884385331291
-0.6559258159557446
-0.6284221806583815
-0.5994140446032973
-0.5707649605773873
-0.5435479238549541
-0.5183284629912417
-0.4953516167592073
-0.4361278005596299
-0.34670148795824135
-0.25338616355120047
-0.16386675972366843
-0.08174274611176005
-0.009504599411072873
0.0
0.04756709544060819
0.18735464854493603
0.285685194094909
0.37421676402599535
0.4572766715609531
0.5336668998694001
0.6012775107180802
0.658102134407441
0.6889862270751322
0.6914924581711915
0.6773190855826527
0.6540095550060863
0.6263590481357785
0.5973531660697254
0.5687933291908421
0.5417125357414317
0.5166509508420084
0.4938378780248194
0.43153800116308194
0.34149775759582146
0.24820851585840986
0.15896717832751484
0.07728090560219236
0.005606429932765569
0.0
-0.05842635494779608
-0.19421289555480947
-0.29161778712633923
-0.3797152119941064
-0.4623054557676353
-0.5380968581200163
-0.6049797223910602
-0.6609702178673565
-0.6896124361203392
-0.6907826943056132
-0.6758593967954405
-0.6521741901195608
-0.6243825973090792
-0.5953786496225705
-0.5669041884564197
-0.539953857761247
-0.515043500037453
-0.49238732845849265
-0.4271422935105279
-0.3365147407557534
-0.24325104252403063
-0.15427648393355214
-0.07300981326090515
-0.0018754388773591785
0.0
0.06882451525773312
0.20078068633584503
0.29729960002288636
0.3849815696425721
0.46712228243726545
0.5423404181263923
0.6085265110796442
0.6637183121873159
0.6902131001518199
0.6901036307166125
0.674461945655876
0.6504168252324218
0.6224900236952079
0.5934878639198128
0.5650951204170701
0.5382696997403399
0.5135041468762084
0.49099822040350394
0.42240889050833336
0.3311476117048179
0.23794521740610536
0.14929725473658098
0.06852009982907789
0.0
0.0
-0.07852958624022982
-0.2071253351317205
-0.30291542669775046
-0.39027112610044734
-0.47203300875657356
-0.5467389804064533
-0.6122804324839437
-0.6667158483159477
-0.6909591135806401
-0.6895029249824467
-0.6731003860418506
-0.6486690201627568
-0.6205912242957552
-0.5915818992728072
-0.5632662924237659
-0.5365639495471783
-0.5119430527932384
-0.48958821216975923
-0.41738152283771246
-0.32538838045225443
-0.232199188598263
-0.14385408616789744
-0.06356167008222291
0.0
0.0
0.08730234331380082
0.21298041409030002
0.308168647097667
0.39526673165008513
0.47671231022397137
0.5509716906071104
0.6159372292148638
0.6696863252566382
0.6917621454406312
0.6890059062226161
0.671865343853797
0.647055667425978
0.6188257745819566
0.5898029507788847
0.5615553624446583
0.5349657420598313
0.5104788654272061
0.48826476454885887
0.41257570712728114
0.3198658259326133
0.22667521322815065
0.13860803707147334
0.05876991803327347
0.0
0.0
-0.09576976666122489
-0.21863583269310355
-0.3132453393826928
-0.40009644716895093
-0.4812381445062158
-0.5550676499460573
-0.6194782257484339
-0.67256550235802
-0.6925468977541606
-0.6885340316946625
-0.6706797325636101
-0.6455038199483615
-0.6171262573299261
-0.5880897071146831
-0.559907200952088
-0.5334259101125101
-0.5090679974307293
-0.4869894085341916
-0.4079853586959614
-0.3145914575952913
-0.22139784130113382
-0.13359407230770803
-0.05418784692077788
0.0
0.0
0.1038864488151949
0.22406154763343325
0.31811862140420233
0.40473468046445943
0.48558645556722635
0.5590049682435102
0.6228843321502735
0.675337635913688
0.6933080144386281
0.6880882402144783
0.669548127151757
0.6440199810313195
0.6155000245063144
0.586449702183442
0.5583291266537243
0.5319513344738103
0.5077167802365246
0.4857678846051914
0.4035876578055241
0.30953897761205884
0.21634313704371322
0.12879232809872865
0.049800386313127235
0.0
0.0
-0.11165604700342585
-0.22925431801284055
-0.32278202439981396
-0.409172620842796
-0.48974645334133354
-0.562771179451361
-0.6261417384031499
-0.6779879407623486
-0.6940336900957558
-0.6876589702623801
-0.6684626844818271
-0.6425976457147595
-0.6139416301909624
-0.5848783409035838
-0.556817237414535
-0.530538684180577
-0.5064223585669076
-0.4804102866002361
-0.39712925128561394
-0.3030893791306045
-0.21028295962051444
-0.12333417134904098
-0.045102061109590225
0.0
0.0
0.12031429599162602
0.2349187946071526
0.32779765419669266
0.4138977057358008
0.4941336927777822
0.5667013098596146
0.6294962988268022
0.6799725266027884
0.6943051491555787
0.6869183810291035
0.6671626575193336
0.6410263749354698
0.6122789939092466
0.583233286316471
0.5552526395327873
0.5290878291910505
0.505099832572658
0.47427397729366694
0.3901122018348914
0.2961833664169494
0.20385245750795852
0.11759463291753075
0.040215735555805515
0.0
0.0
-0.12972966208668713
-0.24116089315490963
-0.3333820117187559
-0.41920472158249455
-0.49910693710231885
-0.5712060959839542
-0.6333980865923591
-0.6814272729893123
-0.6942687541975889
-0.6860127123774588
-0.6657879748930644
-0.6394364412734074
-0.6106311908118622
-0.5816219937343472
-0.5537314175750796
-0.5276841139481973
-0.5038246331016415
-0.468372302147364
-0.3833724681376326
-0.28955983824699105
-0.19769476404661934
-0.11210864049949526
-0.03555592435475877
0.0
0.0
0.1388180868614267
0.24721369645185334
0.3388165312082666
0.42438531907206
0.5039776065870706
0.575635227293073
0.6372539167783362
0.6829130296265571
0.694306995599185
0.6852039732483011
0.6645191053367907
0.6379529939820989
0.6090857238743893
0.5801062472461797
0.5522976996794682
0.5263594727141847
0.5026202106639873
0.4627397399348568
0.3769488992016669
0.28325953355862477
0.19185089915390074
0.1069161020712877
0.031160142681923672
0.0
0.0
-0.1474636880856328
-0.25298174779991345
-0.34400134921543424
-0.4293318843189588
-0.5086317121922213
-0.5798708565284403
-0.6409449162276603
-0.6843391541607611
-0.6943495852028329
-0.6844367612960819
-0.6633117036525732
-0.6365400372995876
-0.6076130092246617
-0.5786614697686526
-0.5509308813495474
-0.5250965001085426
-0.501471770792498
-0.45733825129457856
-0.3707875692052882
-0.27721632374943045
-0.18624564943232735
-0.10193584190065309
-0.026944417677880153
0.0
0.0
0.15574514715797175
0.258504536637032
0.3489642511400708
0.43406565934783803
0.5130846024018116
0.5839223060484426
0.6444742485675365
0.6857004000310042
0.6943865887510131
0.6836988285101218
0.662152693179676
0.6351845685710295
0.6062006422072159
0.5772761351432409
0.5496204412517679
0.5238857105257388
0.5003708374659731
0.4521650515373662
0.3648863195473783
0.27142763501361333
0.18087584489729763
0.09716411087228445
0.022904495466132296
0.0
-0.009739315479773192
-0.16337097681322443
-0.26487656139246857
-0.3548840693073515
-0.43955105749104606
-0.5180051478027278
-0.5881358648209785
-0.6478586131498095
-0.6866358093300051
-0.6938518973678258
-0.6823284118275526
-0.6603526840340573
-0.6332104778172031
-0.6042091156663595
-0.5753593979018354
-0.5478291617502085
-0.5222441262696493
-0.4988867161614979
-0.44683923921729285
-0.35884073337032085
-0.2654595696250785
-0.1752868681763871
-0.09213772994761467
-0.018581477651773953
0.0
0.02212366718856426
0.1712466166403748
0.27172627802847826
0.36126105998248015
0.44541055471685925
0.5231958373463224
0.5925064780842091
0.6512833750482633
0.6874553392529981
0.6931150052071019
0.6807140099021289
0.6582946975548671
0.6309812453817253
0.6019749895096568
0.5732177365279568
0.5458328773614511
0.52041791684079
0.4972377487781835
0.441848870207653
0.353185501862225
0.2598349784759214
0.1699665075353765
0.08729479206168254
0.014352440523838758
0.0
-0.03405171520403594
-0.17881855082874473
-0.27830125354447993
-0.3673734432962633
-0.4510182976991563
-0.5281543139228777
-0.5966712255983884
-0.6545345846654578
-0.6882106808756536
-0.6923805320117133
-0.6791408223760058
-0.6562988235273763
-0.6288236797292754
-0.5998150520827354
-0.5711485713149594
-0.5439050075038065
-0.5186548192512642
-0.49564610369039214
-0.43702351774939857
-0.3477173989855576
-0.2543972204157599
-0.1648237195277703
-0.08261439521248187
-0.01026631200703175
0.0
0.04544917433102147
0.18601779584972347
0.28452925253290073
0.37314576851063347
0.45629749233671657
0.5328046760630059
0.6005573322630045
0.6575446932612734
0.6888654035052031
0.6916317744047694
0.6776043793021793
0.6543679270453737
0.6267448073734632
0.5977384603704664
0.5691619127449097
0.5420556339878019
0.5169645268101714
0.4941208337412011
0.4323945652147705
0.3424687885687779
0.24917465347119308
0.15988142134412264
0.07811346739649092
0.0063338179587367205
0.0
-0.05639918685837256
-0.19293230777427364
-0.29050983299446287
-0.3786881814225204
-0.4613660026637302
-0.537269115520929
-0.6042877794278149
-0.6604339573678801
-0.6894949314007944
-0.6909147564962491
-0.6761315714081547
-0.652516577603293
-0.6247513805768465
-0.5957471132754564
-0.5672567443383584
-0.5402820811206565
-0.5153435090070373
-0.49265805984171673
-0.42796284871755075
-0.3374449016260652
-0.24417639439864688
-0.15515199648636493
-0.07380696394320943
-0.0025717404895297946
0.0
0.06688412761663831
0.1995550959794341
0.2962393523430465
0.38399886036039954
0.46622347034826606
0.5415485931151683
0.6078647195238605
0.6632055727567787
0.6901010966971448
0.6902304358859072
0.674722804707679
0.6507448417653995
0.6228432648251179
0.5938407645927883
0.5654327651678156
0.5385840288564714
0.5137914482861037
0.49125747943946846
0.42329660445145173
0.3321542020891554
0.23894008307646636
0.15023060033042568
0.06936138021843365
0.0
0.0
-0.07700277647671797
-0.2061011797974294
-0.3019934102949906
-0.3893921101727025
-0.4712076500867328
-0.545990352910072
-0.6116314478366824
-0.6661861313976725
-0.690811753988217
-0.6895851494109311
-0.673313179296263
-0.6489489864326563
-0.6208984743791832
-0.5918919737664432
-0.5635647865279014
-0.5368429449554026
-0.5121987571589661
-0.4898194045137313
-0.41824339064604543
-0.32637897404086086
-0.2331889913728754
-0.1447927909854776
-0.0644176835456758
0.0
0.0
0.08579767895287693
0.21197746798295994
0.30726964658762035
0.3944124838066593
0.4759128047423865
0.5502491995728441
0.6153138489558005
0.6691808975207212
0.6916277632638825
0.6890939482919631
0.6720795252212385
0.6473343757384957
0.6191302750757315
0.590109521885446
0.5618500624218735
0.5352409354318138
0.5107309253578617
0.4884925599927383
0.4133949098230312
0.32080751015871106
0.2276179265096119
0.13950419905592357
0.05958939045405788
0.0
0.0
-0.09431825557349943
-0.21766530257802136
-0.3123734313759546
-0.3992664160911769
-0.4804598081377295
-0.5543626673264399
-0.6188681088007408
-0.6720686459357166
-0.6924096535558915
-0.6886126567876889
-0.6708810706521172
-0.6457682320011198
-0.6174162229968894
-0.5883822242238849
-0.5601887273735645
-0.533689006178372
-0.509309104736769
-0.48720738715943746
-0.40876908966339737
-0.31549170249686237
-0.2222983451609722
-0.1344493846671202
-0.05496924365754591
0.0
0.0
0.10250135847897751
0.2231355837199826
0.31728691004715276
0.4039430830242257
0.4848443490766439
0.5583330230319564
0.622303071302364
0.6748646014655203
0.6931783288222643
0.6881646035688529
0.6697415649352563
0.6442735369359982
0.6157778710084956
0.5867298796104716
0.5585987111039787
0.5322032303557505
0.5079475984369398
0.48597654519637823
0.4043394517465719
0.3104027776309671
0.21720736271703006
0.1296133431131783
0.0505506023296704
0.0
0.0
-0.1103282737941195
-0.22836705078458672
-0.3219852951559744
-0.4084144737472806
-0.4890358456847513
-0.5621278980988889
-0.6255854287822586
-0.6775353902653752
-0.6939099237238643
-0.6877324945180704
-0.6686482894291156
-0.6428407866415239
-0.6142079981168652
-0.5851469083654784
-0.5570756305270748
-0.5307801107002919
-0.5066435757315715
-0.4814159119600769
-0.3982810635508625
-0.30422598399353284
-0.21134460717352652
-0.12428522636253564
-0.04591549008256482
0.0
0.0
0.11880866897581743
0.23393599800009418
0.32692876088173656
0.413080049416758
0.4933752939889453
0.5660227280822439
0.6289179563812493
0.6797781419273806
0.6943432895640864
0.6870906887625216
0.6674059671738735
0.6413007685000177
0.6125598330184853
0.5835059071551482
0.5555088290790063
0.5293234921085018
0.5053134529877645
0.47524756301639925
0.3912264960970326
0.297281869287319
0.20487733774736916
0.11851148611775701
0.040998523700130185
0.0
0.0
-0.1282263533708482
-0.24016327161466525
-0.3324883636528342
-0.4183542010283353
-0.4983084809114112
-0.5704811874035134
-0.6327682384212567
-0.6811858381108459
-0.6942644539035032
-0.6861470821598656
-0.665997594889427
-0.6396810636082086
-0.6108858172926936
-0.5818715985732779
-0.5539674399686793
-0.52790213390493
-0.5040228374504234
-0.46929023642522744
-0.3844188625306262
-0.29058603674356415
-0.19864657386667967
-0.11295435341283847
-0.036271877545520595
0.0
0.0
0.13740552461393035
0.24627028818048396
0.33796789462034804
0.42357522453350455
0.5032149836641864
0.574940732362487
0.6366482325286906
0.682678028441263
0.6942985000407114
0.6853281194530523
0.6647154174265291
0.6381830749661743
0.6093257091041038
0.580341777185546
0.5525205784518583
0.5265654537107721
0.5028075348369848
0.4636224026060483
0.3779555889475995
0.28424669694280125
0.1927662744667984
0.10772915338853885
0.031848101977037566
0.0
0.0
-0.1461124627709158
-0.252080830702565
-0.34319189775835335
-0.4285599097520971
-0.5079056488410068
-0.5792103639026281
-0.6403696716141827
-0.6841176113651625
-0.6943440567614877
-0.6845576211177848
-0.6635012175341702
-0.636761559226548
-0.6078437722478972
-0.5788877837031217
-0.5511449409549729
-0.5252942699759752
-0.5016515892719322
-0.4581835748844856
-0.37175192745219543
-0.2781623483562051
-0.18712327638109702
-0.10271578047845972
-0.027604803827015995
0.0
0.0
0.15444803684773895
0.2576394500404302
0.3481868187698324
0.43332407933703754
0.5123869834420478
0.5832875330379927
0.6439212263324717
0.6854869479401134
0.6943805529135314
0.6838141812936969
0.6623340151991824
0.6353966802181542
0.6064216848999258
0.5774929624116836
0.5498255554156517
0.5240752326989012
0.5005431676371658
0.4529744313389066
0.36580956663815234
0.2723332429018599
0.18171589409709693
0.09791057190921154
0.023536450379922524
0.0
-0.007889618135806908
-0.162188208642555
-0.2638434287020912
-0.35391885227969916
-0.43866098950563587
-0.5172133445869406
-0.5874654579835286
-0.6473289458883039
-0.686501772144668
-0.6939546270668788
-0.682565030253263
-0.6606573977566389
-0.633541958074327
-0.604542084422019
-0.5756790292737316
-0.548127366484786
-0.5225170944460242
-0.4991332995456902
-0.447574899145036
-0.3596748050912519
-0.2662902841974709
-0.17607396559658178
-0.09285557831611868
-0.019209797215405944
0.0
0.020328354999958442
0.17009973210609983
0.2707257433875972
0.36032745688752404
0.444550758935718
0.5224321141663965
0.5918610909507661
0.6507749000530034
0.687328403290946
0.693216303974824
0.680944275671283
0.6585904553800404
0.6313026315670729
0.6022976301801047
0.5735273438157642
0.54612166324285
0.5206822214899066
0.49747647938928496
0.44257004667069033
0.35400194528376394
0.26064617980937244
0.1707330259416413
0.08799172836364812
0.0149602171537781
0.0
-0.032353261753393564
-0.17774557129603608
-0.2773729947554038
-0.36651312490176824
-0.4502315320026869
-0.5274613459587147
-0.5960922532324437
-0.6540862715487873
-0.688113793855794
-0.6924930116785719
-0.6793707730554552
-0.6565875660491889
-0.6291344370060974
-0.6001254069993385
-0.5714454494434195
-0.5441813483878435
-0.5189073758401725
-0.49587399450315195
-0.437716938185417
-0.34850390284696925
-0.25517998780214163
-0.1655646227033515
-0.08328926523563407
-0.010856080178282032
0.0
0.043809332352733155
0.18498279620097902
0.2836343696327215
0.3723166868900784
0.45553952434002337
0.5321372797920467
0.5999999276105392
0.6571132947792963
0.6887719843495269
0.6917397210596284
0.6778253178664503
0.6546454261726657
0.6270434979067951
0.5980367825555035
0.5694472914013143
0.5423212774674785
0.5172073108248393
0.4943399090436782
0.43305771485154765
0.3432205537885633
0.24992262774311047
0.1605892172154436
0.07875802470790325
0.00689694937240852
0.0
-0.054829515754727
-0.1919407281816941
-0.2896519269934966
-0.37789293573890104
-0.46063856911315654
-0.5366281803863773
-0.6037519950606393
-0.6600187191741123
-0.6894039365495055
-0.6910170022039563
-0.6763423071187868
-0.6527816800853129
-0.6250369222141241
-0.5960324082695472
-0.5675297227064136
-0.5405362195020699
-0.5155758015986449
-0.49286768334150255
-0.42859823163158267
-0.33816515207505465
-0.24489291434500085
-0.15582991744538066
-0.07442420071361135
-0.003110881518451125
0.0
0.06538153668943297
0.1986060399651617
0.2954183404451738
0.3832378972197013
0.46552747906508707
0.5409354530358579
0.6073522762661806
0.6628085529392984
0.690014386189975
0.6903286456642647
0.6749248176489078
0.6509988565349193
0.6231168106988602
0.5941140453407836
0.5656942311037935
0.538827439062296
0.5140139284434035
0.4914582439617185
0.42398407432738927
0.33293373337507676
0.23971053210387477
0.15095340378562133
0.07001288321307016
0.0
0.0
-0.07582032687223589
-0.20530802550416527
-0.3012793636444712
-0.3887113692939567
-0.4705684672758774
-0.5454105971055988
-0.6111288623223485
-0.6657759139662357
-0.6906976453280474
-0.6896488369093488
-0.6734779824180298
-0.6491658094785969
-0.6211364259442147
-0.5921321117865157
-0.5637959555488615
-0.5370590128693201
-0.5123967871287102
-0.48999845104536893
-0.41891088851458047
-0.32714616610467157
-0.2339555683133953
-0.14551979090822648
-0.06508063830576008
0.0
0.0
0.08463230780678946
0.21120068574130835
0.3065733733803465
0.3937508735330609
0.4752935939950184
0.5496896377808761
0.6148310494267776
0.6687894528751456
0.691523689777227
0.6891621400308809
0.6722454103376971
0.6475502360224694
0.6193661108187511
0.5903469609715128
0.5620783071259412
0.5354540721760872
0.5109261452191927
0.4886689870136808
0.4140294001092112
0.3215368640818954
0.22834807526111342
0.1401982905431708
0.06022408215039936
0.0
0.0
-0.09319400241908937
-0.2169135923291376
-0.3116981098787419
-0.3986235313361791
-0.4798569640400591
-0.5538166393641899
-0.6183955585016006
-0.6716838205301642
-0.6923033581102701
-0.6886735581110137
-0.6710370164320447
-0.645973030057093
-0.6176408127316851
-0.5886087898037617
-0.5604067800488941
-0.5338927837366318
-0.5094958511175076
-0.48737621948692544
-0.4093761319112581
-0.3161889906472785
-0.22299583255184874
-0.1351118673693073
