0.0
-0.03600000000000003
0.0
-0.042001920000000026
0.10278560028444439
0.05454352526449774
0.0
0.03302954766872379
0.0
-0.0681150690828285
0.0
-0.20092725697232322
-0.15518728750900712
-0.5427098904886755
-0.5214478411465613
-0.7024086326325858
-0.7062428049396033
-0.708770682913169
-0.6672706697128096
-0.6141663381524792
-0.5572740370260743
-0.4993189784880902
-0.4419707538971016
-0.38664842248779274
-0.33465337837657216
-0.28716504744736204
-0.24521203207210357
-0.20964298957819913
-0.1811029165516638
-0.16001643531166157
-0.14657862960817608
-0.06607326974279304
0.11710027767245916
0.30272434739754145
0.4511757923270039
0.6146817547653696
0.741930442105618
0.8420467839711974
0.8784540648379245
0.8761018767643417
0.8512145188540908
0.8142284823633964
0.7717548884719927
0.7278887677312745
0.6850810324621607
0.6447178576799459
0.5419516841615831
0.41217149809791015
0.2810952236801635
0.15700360479540182
0.04424795674641967
0.0
0.0
0.0
-0.13351011929958834
-0.24899941194653244
-0.3465098276994057
-0.4381735123832615
-0.5241144605771461
-0.6021707221614859
-0.6699870770510004
-0.7255044350538081
-0.7411921055944414
-0.732596175351475
-0.710185381941253
-0.6806629022935232
-0.648246823681392
-0.6155239692948347
-0.5840181329765056
-0.5545672842262706
-0.5275731177624791
-0.5031654048564258
-0.4813095765787498
-0.40819159533081906
-0.30862851687947157
-0.2073807511874553
-0.11194414532150194
-0.025961318305447012
0.0
0.0
0.1634386852034864
0.2805510942308762
0.379844289752066
0.47199420529644837
0.5568820320101834
0.6323932883004739
0.6963138087535192
0.7268911645186643
0.7276009839327127
0.7108378764893879
0.684585805678939
0.6539122686166687
0.6219653328446584
0.5906378014857656
0.5610086436421129
0.5336355133326895
0.5087478233297916
0.4795013333788091
0.39608206959256675
0.3025545402970773
0.21038370933455836
0.12406765695368083
0.04642438664806227
0.0
0.0
-0.10769820890473919
-0.2287137731387363
-0.3235473960464264
-0.4107472910781152
-0.49195598688113273
-0.5654961233826813
-0.6292647815567426
-0.6807201209299047
-0.6955926472974889
-0.6884662497447985
-0.6687965402515826
-0.642640777523477
-0.6138131389159284
-0.5846551040420404
-0.5565481939032294
-0.530254368775626
-0.5061412551666788
-0.47743573695828645
-0.3925505042170601
-0.2973314908117302
-0.2036511753378346
-0.11612032329734753
-0.03759935175922122
0.0
0.0
0.11859441252180766
0.234008975486742
0.327175944316488
0.4134787788469558
0.4939172932581423
0.5666985289072021
0.6297140549637578
0.6806128680533655
0.6951649591940863
0.6878696754946527
0.6681267903264118
0.6419568690008989
0.6131501418694277
0.5840326071715529
0.5559759090020078
0.5297358251535744
0.5056762209795368
0.4836361319148149
0.40070355924914286
0.30618387817311443
0.21267190037690317
0.12493784583487347
0.0458920551759419
0.0
0.0
-0.11549800788773851
-0.2328637856865986
-0.32668186916407405
-0.41337009816386167
-0.49413579540292446
-0.5672212430472007
-0.6305178710706367
-0.6814355018327218
-0.6959634834529167
-0.6886200494251193
-0.6688170285107472
-0.6425825377469621
-0.6137114068637078
-0.5845323130683691
-0.5564183436009742
-0.5301259361050407
-0.5060191301869338
-0.482048566958337
-0.3989769790752052
-0.3047241079922995
-0.21158560286026717
-0.12425884315032426
-0.04562845363551388
0.0
0.0
0.11491960693946285
0.23180547191778095
0.3252956560153895
0.4117189759313349
0.4922704410844381
0.5651946093763546
0.6283866952820276
0.679841473458624
0.6947511610461883
0.6876823690593552
0.6680797467925121
0.6419937461921954
0.6132344553374101
0.5841410260504859
0.556093779568768
0.529854186361844
0.5057898186442283
0.47980708210929973
0.39636723329140844
0.3021554381989258
0.20920417133657782
0.12214860247096151
0.04385157503589669
0.0
0.0
-0.11948322341601317
-0.23471096436775685
-0.32782392904197316
-0.4140737601325397
-0.49443555144298024
-0.5671146197759275
-0.630006127037235
-0.6804002000238469
-0.6946665967803441
-0.6872257310235105
-0.6674253008978499
-0.6412517035328225
-0.6124729166542461
-0.5834005940065763
-0.55539726556939
-0.5292130384311124
-0.5052083601426309
-0.47663958742362394
-0.39277945133647385
-0.2986837782357601
-0.20603658128584174
-0.11938969811260279
-0.04157614633199953
0.0
0.0
0.12464858673003151
0.23810689628043263
0.330843952111057
0.41693091741799404
0.4971015269782936
0.5695179429319374
0.6320754329820962
0.6811568147663208
0.6946243176316116
0.6867187017526593
0.666668490804571
0.6403813120032258
0.6115733302711025
0.5825223401813088
0.5545689421211335
0.5284492161234895
0.5045147962529298
0.4727456032802972
0.38834356506344014
0.2943669892323345
0.20207311383350657
0.1159120245261155
0.03868046667905019
0.0
0.0
-0.13110028253132633
-0.24232560781657292
-0.3345818916680675
-0.4204573299593417
-0.5003826078169116
-0.5724658111408245
-0.6346024195392506
-0.682056243238413
-0.6945348765672181
-0.686055577031039
-0.6656986281485862
-0.6392736952002273
-0.610432523363176
-0.5814108246801759
-0.5535219574629497
-0.5274845888230038
-0.5036394230808271
-0.4682459093723313
-0.38321036274459347
-0.2893482300274377
-0.19743788168905618
-0.11181538244098385
-0.035236792950548684
0.0
0.0
0.1383014942041793
0.24704819682085355
0.3387765689813887
0.4244234077780331
0.5040817259606618
0.5757991734842461
0.6374712773702128
0.6831073502529418
0.6944795698723301
0.6853564844821667
0.6646533926097389
0.6380709088715588
0.6091890462566084
0.5801966391825287
0.5523766835128118
0.5264284242384837
0.5026803613881008
0.4635459734843832
0.37785358058837915
0.28410723317256825
0.1925918284658916
0.10752590957043334
0.031623536381923556
0.0
0.0
-0.14576296074849798
-0.25197006671597055
-0.3431667579659279
-0.4285881294538981
-0.5079790219881546
-0.5793246202910604
-0.6405203898058444
-0.6842522662350753
-0.6944635853770497
-0.6846632161132085
-0.6635941699089618
-0.6368431623428993
-0.6079152656643552
-0.5789503226690729
-0.5511995821926142
-0.5253419675808109
-0.5016931966974031
-0.458757682158025
-0.3723968320324642
-0.27876719804793304
-0.18765251073261396
-0.10315196008670027
-0.02793693844084913
0.0
0.0
0.1532560247578015
0.2569297229356924
0.3476008753777657
0.43280156821618265
0.5119281252995419
0.5829031687946055
0.6436221034826776
0.6854251521823539
0.6944599927965178
0.6839727133558715
0.6625319730593502
0.6356092165423162
0.6066336668305627
0.577695576014128
0.550014053067394
0.5242474440689593
0.5006985201335978
0.45396661925150883
0.3669345662751489
0.2734176774159571
0.18269991790123646
0.09876149517024209
0.024231271237661084
0.0
-0.005190150345742911
-0.16053177940806004
-0.2624409084605614
-0.3526405012307568
-0.43751135256986345
-0.5162207301191758
-0.5866581152830493
-0.6467295199560346
-0.6864098102048081
-0.69416294780802
-0.6829398277284869
-0.6611134262856242
-0.6340259683214724
-0.6050217848886916
-0.5761357456086968
-0.5485511735232088
-0.5229036000216268
-0.4994815301624469
-0.4488557999868771
-0.36112331833827616
-0.2677122524735812
-0.17739711094326244
-0.09403673088223818
-0.020216342461364625
0.0
0.016897241384175643
0.16796705465700698
0.26890267595725126
0.3586533095747148
0.44303360870204017
0.5211099601204451
0.5907718631395982
0.6499494181385927
0.6871736771317374
0.6934599008261131
0.6814100996950476
0.6591661849141834
0.6319179814591536
0.6029098634324922
0.5741116349984691
0.5466647064997315
0.5211780061124802
0.497923511492193
0.44402602030047084
0.3556477937366188
0.26227158016744584
0.17225748955161452
0.08936574592139297
0.01614558022887702
0.0
-0.028603601667077483
-0.17540246026941855
-0.2753623108621608
-0.3646613984606022
-0.44854886493378077
-0.5259903813060163
-0.5948755196703337
-0.6531584872870118
-0.6879348865735948
-0.6927590819298193
-0.6798853578555154
-0.65722532772762
-0.6298169228165506
-0.6008048923083131
-0.5720941910863478
-0.5447844560863692
-0.51945810072003
-0.4963706302220332
-0.43929564998758064
-0.3502920790804161
-0.25695239770856804
-0.16723400726220267
-0.08480123155611917
-0.012168224815883824
0.0
0.03987445988781696
0.18251950070113868
0.28151765360387593
0.3703652097694235
0.4537643023017294
0.5305834364822464
0.5987124664284654
0.6561290215426814
0.6885786204242803
0.6920164983663647
0.678364848487577
0.6553153847562285
0.6277610415208552
0.5987515006331741
0.5701298647277528
0.5429559551306027
0.5177869378402946
0.4948626557282355
0.4346901999111825
0.34507022994245495
0.25175853226733436
0.16232134752552746
0.08032994100949371
0.008264465222792422
0.0
-0.05082352092962561
-0.18942548950494226
-0.2874856940888116
-0.3758921706959032
-0.45881510190336927
-0.5350285099630004
-0.6024225136103366
-0.6589974879790309
-0.6891949390535944
-0.6912912664148528
-0.676887094226794
-0.6534612083152911
-0.6257661460548544
-0.5967595407964189
-0.5682246095848454
-0.5411826264149997
-0.5161663161834364
-0.49340036151771016
-0.4302454366097306
-0.3400316157379388
-0.24674666911926946
-0.15758030348712676
-0.07601419766657802
-0.004495756736835194
0.0
0.061386276015811425
0.19609289852462666
0.29325091156573097
0.3812338356081809
0.4636989849916235
0.5393292631391619
0.6060150255354652
0.6617785722102789
0.6897991433439742
0.6905983934367094
0.6754662907042338
0.6516759143050874
0.6238441621443022
0.5948397346309133
0.5663879869521754
0.5394729455311663
0.5146037156653005
0.4919903268885821
0.42583765947501884
0.33503496054703286
0.2417847468695654
0.15289639700907603
0.07176106598939591
0.0007931246350964122
0.0
-0.07188713063060082
-0.20275007565599093
-0.2990234917323351
-0.3865923867529732
-0.46860650479245125
-0.5436586426773908
-0.6096395486021625
-0.6645934639190588
-0.6904140227881149
-0.6899022308620173
-0.6740341825270636
-0.649875117178296
-0.621904884681675
-0.5929023271572302
-0.5645343342709126
-0.5377472948297441
-0.513026445883366
-0.4905670084076576
-0.4209559817914868
-0.32948789329620876
-0.23628969698984864
