0.0
-0.10799999999999998
0.0
-0.2761753600000002
-0.08514209621333348
-0.15407612150215144
0.0
-0.21508014597406178
0.0
-0.18627642390510918
0.0
-0.1414333651095429
0.0
-0.0357391100868345
0.05493442286558772
0.3702005502087419
0.45055912660417297
0.5672812351803632
0.567721054833645
0.5408227327315935
0.5058218298834956
0.46748061483164954
0.4275904358279946
0.38734466084783903
0.34780609295735454
0.30997763535392375
0.27479197084989254
0.24308691612488798
0.2155810117983386
0.1928529141917969
0.17532572571284588
0.16325675092607245
0.15673288266731183
0.04988988715920066
-0.16244241528859985
-0.3589007209911743
-0.5450844890604367
-0.6860218057278371
-0.8062769722623739
-0.8815964881069928
-0.9018349685343517
-0.889042615779797
-0.8575060634978658
-0.8163684582559757
-0.7713790425757903
-0.7260597180019949
-0.6824813511494799
-0.5902540998950387
-0.46224786214522373
-0.3301637220583533
-0.2035795061001442
-0.08719454073576761
0.0
0.0
0.0
0.0797593601854451
0.2002573055498138
0.29368258992917634
0.3805265155548373
0.46277664258597184
0.5387329878048401
0.6061629870869683
0.663013136885214
0.6996499853325138
0.7050608387848829
0.6920048480795782
0.6687212759896182
0.6404582287801912
0.6104930581152643
0.5808123613006958
0.5525641736121579
0.5263578272612666
0.5024620536958653
0.4809352076426473
0.4108469889989539
0.31494393183568276
0.2170976762141215
0.12455297546567143
0.040850222390521024
0.0
-0.02915530898492011
-0.19117166086704537
-0.29974196928778307
-0.3958824037450386
-0.4856719801404882
-0.5680946093614218
-0.6409178379805194
-0.7019768477583574
-0.7276975803114125
-0.7255367246957763
-0.7071852180958917
-0.6801613689361344
-0.6492258892855611
-0.6173259312267757
-0.5862237826547693
-0.5569145798287807
-0.5299029833057087
-0.5053856836485244
-0.45551293872295695
-0.3691831840401623
-0.2770501790218198
-0.18770311661063466
-0.10494813907308709
-0.031355315490508004
0.0
0.0002664156380050575
0.15555242958069154
0.25686771036727346
0.3464869706245276
0.4309197645716535
0.5093688432982517
0.5797345869489887
0.6399236943494785
0.6819040638020488
0.6911926928401292
0.6809930306371893
0.659847391936819
0.6332115168798317
0.6045058077930117
0.5758160925538071
0.5483598122384825
0.5227953258788243
0.49942639860728744
0.43860616874085673
0.34872027569154285
0.2551781272803545
0.16547754690839916
0.08318078579381248
0.010772545992031923
0.0
-0.04930551894325677
-0.18677481425136888
-0.284142742277141
-0.3720524845372704
-0.45463147432452355
-0.5306493750098281
-0.5979961181703948
-0.6546689995265679
-0.6868792579354188
-0.6902498671742766
-0.6766343086370005
-0.6536797586160524
-0.6262506317028672
-0.5973786612995781
-0.5688959410352752
-0.5418558055834173
-0.5168118521079731
-0.4940022109217068
-0.4299714502864631
-0.339658346062742
-0.24644695553183626
-0.15739747264283338
-0.07596092035078826
-0.004574675496265473
0.0
0.06714279679295604
0.19956065171082885
0.29615349583371947
0.3838657392276268
0.46606287561153276
0.5413750994123143
0.6076913775833854
0.6630443974858754
0.6901643341580131
0.6904220322504663
0.6749811878937724
0.6510312041059956
0.6231337488654114
0.594121261719986
0.5656954620603382
0.538825122011196
0.5140096382166862
0.4914529844501137
0.4215784048494788
0.3302825560034214
0.23731825682508156
0.14896903795608046
0.06849922128882482
0.0
0.0
-0.08295903647904371
-0.20972477314446936
-0.3050300508628242
-0.3921287166241182
-0.47363486799593757
-0.5480471787984228
-0.6132578784226793
-0.667335323509437
-0.690844378614363
-0.6889643066414269
-0.6723372008591981
-0.647807250512384
-0.6197086501546496
-0.5907248318058009
-0.562460689066359
-0.5358227736396937
-0.5112711260218943
-0.48898539576949857
-0.41359166663952646
-0.3210684185676025
-0.22800702225339092
-0.1400203668635588
-0.060215139810204765
0.0
0.0
0.09613758552586318
0.218544194532747
0.3129607844496006
0.399685622765896
0.4807284361887437
0.5544802138795675
0.6188343369561404
0.671887302221793
0.6921267925270963
0.6882825783842372
0.6705375006470802
0.6454314418876382
0.617097762051585
0.5880880551797956
0.5599212960123325
0.5334486000286747
0.5090947386396617
0.4870173747398525
0.4070521545789754
0.313561777580552
0.2204734243452987
0.13283387677690214
0.05361619573677566
0.0
0.0
-0.10743387926710632
-0.22617723734966375
-0.3198661046266086
-0.4062924479943142
-0.48695326993095445
-0.5601481703538188
-0.6237716574446953
-0.6759444703228603
-0.6933022969595735
-0.6877250363784722
-0.6689916479802942
-0.6433743721752657
-0.6148299098923178
-0.5857938677636706
-0.5577096141359574
-0.5313794664809053
-0.5071971363471696
-0.4826971922016243
-0.39978587010182987
-0.30580830816019405
-0.21293325598962187
-0.12582597822713257
-0.04736024712308516
0.0
0.0
0.11788553499872265
0.23313673778815774
0.3261019349915839
0.4122178379452196
0.49250008536680007
0.5651626769414735
0.6281011498625068
0.679385228164885
0.6942146934917721
0.6871219409870253
0.6675292373754733
0.64147251767164
0.6127525659439448
0.5837026713213624
0.5556995522187296
0.5295025497681262
0.5054780582135336
0.4752633996158675
0.3912723080489834
0.2973910416848891
0.20505125460121826
0.1187434109165737
0.04127884340457641
0.0
0.0
-0.12885302229390558
-0.2404173947294359
-0.3326173596621654
-0.4184077288519936
-0.49829660722463964
-0.570407362752466
-0.6326360899287836
-0.6810350655686838
-0.6941092378781216
-0.6859958936907
-0.6658552092211094
-0.6395498938974344
-0.610766794275451
-0.5817647475404601
-0.5538722563521659
-0.5278178252271764
-0.5039484769071563
-0.46838383252281024
-0.3833995271078385
-0.28962687916503066
-0.19780357035608212
-0.11225530812148354
-0.035734567136471065
0.0
0.0
0.13923875895939652
0.24737134358005952
0.3388833466226284
0.4243964091761704
0.5039407094461195
0.5755535652520406
0.6371308802714638
0.6827864371980367
0.6941837277893723
0.6850879064423657
0.6644121961008397
0.6378559942277525
0.6089986499134855
0.5800286851043116
0.5522290017579702
0.5262988826087
0.5025669407008883
0.46211478356092583
0.3762448336509202
0.2825951769574335
0.19126491339427532
0.10642788599868677
0.030782242249005776
0.0
0.0
-0.1487389809356228
-0.25374827460255567
-0.3446391576128893
-0.4299044965976537
-0.5091383037750833
-0.5802992943653726
-0.641283151217435
-0.6844176361567531
-0.6942730228852935
-0.6842729197583217
-0.6631038816224819
-0.6363153977352589
-0.6073881328417495
-0.5784460498093588
-0.5507301751932433
-0.5249129502758535
-0.5013060717123282
-0.4563007058595662
-0.369611048534517
-0.2760814567614799
-0.1852149229406962
-0.101043487686416
-0.026214584851245296
0.0
0.0007201988711959539
0.15753520446088176
0.25973543940481714
0.3500494429742551
0.43506411593538047
0.5139839475375335
0.5846986205258351
0.6451051410917031
0.6858803104891799
0.6942954495031013
0.6834532848417657
0.6618274538596304
0.6348266638680525
0.6058389315212674
0.5769276347525043
0.5492945250234397
0.5235868892073325
0.5001005892845465
0.4507638508869896
0.363295274084143
0.26988096462757905
0.1794566925732862
0.09591954676898692
0.021868681747592808
0.0
-0.013315557519086807
-0.16559666487525176
-0.26678163156087714
-0.3566356138349074
-0.4411403010854406
-0.5193921153530993
-0.5892806404328601
-0.6487286888998351
-0.6868013115820379
-0.6935988672676108
-0.6818417547845672
-0.6597503528903282
-0.632566292460772
-0.6035679726915849
-0.5747473871115387
-0.5472602766160327
-0.5217246989510398
-0.4984183344394395
-0.4453274216136735
-0.35712939649891134
-0.26376598772996696
-0.17369472145681047
-0.09069885557851005
-0.017336101610577637
0.0
0.02606960241505757
0.1737281886398242
0.2738662649280322
0.36323984067099296
0.447216316836616
0.5247826212047373
0.5938283858478481
0.6523026694414922
0.6876738712541864
0.6928565679392878
0.6801880492379776
0.657634944215592
0.6302715065959869
0.6012663414113752
0.5725399610433435
0.545202049903897
0.5198414223358939
0.49671758181651526
0.44020538877374527
0.35132575429373414
0.2579929828633805
0.16823281884726143
0.0857257713816954
0.01299196381617354
0.0
-0.03813308246013772
-0.1813759506660349
-0.2805002911413673
-0.3694018097488585
-0.45286433809253085
-0.5297710262904782
-0.5980117381959058
-0.6555605336438618
-0.6884135514281103
-0.6920940689531787
-0.678580810912483
-0.6556029536177841
-0.6280781589366545
-0.5990723440615776
-0.5704391948279054
-0.5432453633627835
-0.5180523636170069
-0.49510275091781436
-0.43532466546156845
-0.34579204096041305
-0.2524857871925721
-0.1630199409145845
-0.08097707716191624
-0.008841513265320886
0.0
0.049610121341264746
0.18862986913917235
0.2867785809029575
0.37522304609981166
0.4581904601472438
0.5344650631461401
0.6019369813022561
0.6586041029147429
0.68908142960965
0.6913460474027974
0.6770378195048093
0.6536615341135125
0.6259868913228186
0.5969827925699465
0.5684397997486181
0.5413839271516879
0.5163509166632754
0.4935673327604093
0.43068518075646256
0.3405317780205089
0.24725058539089267
0.15806436484861214
0.07646261792151612
0.004895631786845475
0.0
-0.06054299560895013
-0.19553943807106214
-0.29275868477614964
-0.38076780378255
-0.4632636993583675
-0.5389363731829813
-0.6056761882282827
-0.6615037185456998
-0.6897191943032043
-0.6906356798553168
-0.6755704517439237
-0.6518146859191294
-0.6239972254115667
-0.5949946135242565
-0.5665373180050325
-0.5396126651869242
-0.5147318608931736
-0.4921062451208479
-0.426170914019432
-0.33541390148818356
-0.24216425628430754
-0.15325826161805056
-0.07209345247119653
-0.0010865346492825584
0.0
0.07122500232778761
0.2023074726343743
0.298625616511465
0.38621322377199235
0.46825047048278395
0.5433355861399329
0.6093592750208522
0.664364377464771
0.6903481710937749
0.6899345179397788
0.6741224050657478
0.6499922418645084
0.622033890902099
0.593032767928229
0.5646600473465512
0.5378648831733984
0.5131342722808789
0.49066453323566345
0.4212373987509551
0.32981147937144745
0.2366176706016795
